customer_id,payment_date,payment_status,missed_payment_flag,payment_amount,payment_channel,branch_code,agent_code,overdue_days,reschedule_requested,emi_number
fc212ef2-7ec3-45e4-a890-5969daa6e720,2024-08-15,Missed,True,502.03,NEFT,GTNOGBLV,AGT-0831,5.0,No,22.0
656c188c-67fa-4c4d-9090-6a87c4fa6c16,2025-04-03,Late,False,361.36,,TPINGBPF,AGT-0207,70.0,No,6.0
f173c3cc-bef8-4491-b951-84074f4302c0,2024-02-13,Late,False,1445.2,UPI,EHCUGBYN,AGT-9381,72.0,Yes,29.0
c87dca0e-5915-4981-a496-188a9b591af2,2025-02-13,Missed,True,,UPI,YIMHGBF4,AGT-6944,72.0,Yes,39.0
2749a2a7-b720-4a40-bb42-6f7d5738e7de,2025-05-18,Late,False,469.84,NEFT,JBAPGB20,AGT-5350,70.0,No,5.0
89831751-ce09-47f6-bcde-ef156b853c4e,2024-03-19,Pending,False,147.44,NEFT,GKYKGB55,AGT-7457,25.0,No,40.0
12226169-ab26-4eaf-89ed-1551ea7abd25,2024-01-11,Late,False,324.05,UPI,TMVEGBW4,,53.0,Yes,23.0
7c4ad043-2ac4-443c-b757-9672db5a354c,2023-08-08,Missed,True,561.9,Cash,YDLCGBYZ,AGT-3581,72.0,No,32.0
a3634e35-1ec6-4b3d-94e3-44120dbd76d6,2025-03-23,Late,False,1633.64,UPI,RYIRGB86,AGT-9405,0.0,Yes,34.0
ad5905da-2e59-4509-aa51-9cb08ca4814b,2024-10-11,Late,False,837.74,UPI,YLVNGB3O,AGT-7764,9.0,No,46.0
a79a35aa-a022-4fb6-a16b-33417cf54d1f,2025-07-01,Pending,False,1340.56,UPI,HDLHGBBH,AGT-0115,76.0,Yes,
2404d796-3bde-4168-ad27-71362f1c9f8f,2024-06-06,Paid,,973.29,UPI,YAEXGBAF,AGT-2808,13.0,No,5.0
66f7e267-cac9-4c22-8873-920fd5efbd35,2024-07-25,,False,1519.94,Credit Card,EESHGB9C,AGT-4910,20.0,Yes,
1dce82ee-d824-445a-a6dc-4c47a211b746,,Late,False,1775.94,UPI,RMMKGBA4,AGT-0470,79.0,Yes,39.0
,2025-02-21,Pending,False,959.54,Credit Card,CGBRGBUS,AGT-8841,46.0,Yes,18.0
052870d5-0694-41f0-8e6d-3da45c37f5ad,2024-09-07,Pending,False,1112.6,UPI,APQYGB9W,AGT-5563,1.0,Yes,14.0
c93385c8-345a-48bd-8be6-e7e71d522585,2024-06-21,Paid,False,1141.47,NEFT,LVTTGB8G,AGT-9869,50.0,Yes,49.0
e48bbe21-f797-4f7e-b1f7-41a956a25291,2024-02-24,Pending,False,960.73,NEFT,VQJAGBZ3,AGT-7745,54.0,No,45.0
ab65a349-697c-4476-8dff-3a0018ac78bb,2024-11-13,Pending,False,742.01,NEFT,WTDJGBVJ,AGT-3670,53.0,Yes,44.0
,2023-12-28,Paid,False,994.93,Cash,LNQGGBPX,AGT-4804,33.0,No,32.0
b30cc3fd-78bc-4b11-a2e1-b08234e5c07d,2024-12-20,Missed,True,1395.36,NEFT,YHSMGBUM,AGT-9867,69.0,No,28.0
9aa853ea-711f-4e57-9d83-22a37570f5a5,2025-04-14,Late,False,330.92,NEFT,TLNIGBS9,AGT-2053,58.0,,26.0
f20d4e81-f167-47e5-b5f4-e3ee6d13bb36,2023-09-26,Pending,False,1766.99,Cash,SSTHGB7F,AGT-4095,81.0,Yes,6.0
d1f25c5e-acf4-41c1-ad9b-64124c1f6882,2025-01-22,Pending,False,1962.95,UPI,PZBBGB6W,AGT-0095,30.0,Yes,
f341c9f0-5d8c-4bfb-b98d-50b1d64c3dd9,2025-05-22,Missed,True,291.26,Cash,UJVQGB0W,AGT-6540,34.0,Yes,43.0
dda51dad-56fe-485f-ba3b-7f8e2eea5366,2023-10-28,Paid,False,362.0,UPI,PCEHGB0I,AGT-2320,25.0,Yes,26.0
f3b322c7-1f2d-4560-9f9f-de51a6cdc850,2023-12-11,Late,False,803.06,NEFT,GPZIGBDK,AGT-2624,46.0,No,4.0
d1368a8d-679d-42d0-a4ad-e90ddc597b2b,2024-09-16,Late,False,1800.46,UPI,NRFEGBL0,AGT-8267,68.0,Yes,
d6d037e4-707f-4c1b-8e7d-3161b491f3e8,2023-11-13,Late,False,,UPI,,AGT-4647,57.0,Yes,45.0
2962363c-742d-41e8-ad48-9e852815339a,2024-08-25,Missed,True,1878.31,NEFT,WNNZGB7J,AGT-8626,67.0,No,26.0
ccb9070e-a6df-4a7b-b26c-fbcd3d72421b,2024-04-09,Late,False,1363.12,UPI,VCQRGB7H,AGT-8586,69.0,No,32.0
c7f115f8-6cbb-4ac8-80d2-86643e7e0d60,2024-12-07,Late,False,252.81,Credit Card,IWTJGBQ9,AGT-2745,,No,56.0
5002da4b-37bd-4caf-972a-295714c97ec7,2025-03-25,Missed,True,1113.67,NEFT,OGQAGB8F,AGT-3729,42.0,No,20.0
f30bc4a8-f428-4245-a679-35789c7b1661,,Paid,False,890.54,UPI,TINDGBA2,AGT-7492,89.0,Yes,36.0
30d899e0-55c4-4ab1-9591-4e26499b0d9d,,Pending,False,613.18,Cash,XKPIGBEC,AGT-0286,77.0,Yes,48.0
af5fe1ce-c33d-48b4-be71-dc6849f6a7eb,2023-07-26,Paid,False,630.03,Cash,YVDVGBHT,AGT-4387,33.0,Yes,57.0
7126944d-29e0-4b20-9d7c-31e57f271b0b,,Late,False,1578.43,UPI,ZOUFGBCH,AGT-7682,70.0,No,
972a29c3-4500-484a-92ec-c8a8f3396c05,2025-03-31,Missed,True,786.58,Cash,DQZWGBBY,AGT-5260,88.0,No,52.0
62a2a482-a461-4d52-91c1-02ac33e7775d,2025-04-20,Pending,False,1036.22,Credit Card,NWMYGB5D,AGT-9935,7.0,Yes,51.0
874577c1-f6c7-49d8-84e2-3d70e8dec7d6,2024-05-26,Pending,False,930.77,Credit Card,EVLWGB47,AGT-1605,33.0,Yes,49.0
a9433951-780d-4c1f-bbb0-cb6698017629,2023-09-15,Missed,True,1908.71,UPI,VXCNGB02,AGT-7107,50.0,No,5.0
fea6c05e-ed4f-4105-8317-9faf8c2160e0,,Late,False,1340.99,UPI,ITULGB9H,AGT-3019,2.0,No,18.0
a8b30992-5a15-43c0-b614-1477dc19cbff,2024-06-19,Pending,False,123.02,UPI,BORYGBIP,AGT-0211,14.0,No,31.0
6752fd10-78bb-4519-aa24-1030d67fba0a,2025-04-26,Late,False,110.41,NEFT,KYHXGBTU,AGT-2834,3.0,Yes,37.0
5b1443ab-8fb3-49e6-a2e5-0b0d549b8df4,2023-12-12,Paid,False,1182.65,Cash,SLRJGBK7,AGT-0118,63.0,Yes,55.0
e5133ce3-4219-4243-ad28-6f62ae5b9027,2024-10-08,Late,False,714.38,Cash,GBHPGB19,AGT-1617,37.0,Yes,55.0
8d4ba621-191d-4c88-8208-53265aa83fa8,2024-02-09,Late,False,1908.9,NEFT,GRFSGBPU,AGT-5993,67.0,No,47.0
bf7f8958-b13e-4859-8e69-7c5935ab4a8c,2025-06-10,Pending,False,1595.4,Cash,KBOOGBSO,AGT-2068,75.0,No,53.0
08fff61f-c03d-42cf-9d47-6077580d1cd7,2024-07-23,Missed,True,1393.25,NEFT,SUZYGBFT,AGT-3515,47.0,No,46.0
8063fdc0-53ca-4d44-aa76-8b0ba066bce9,,Missed,True,882.92,UPI,PEQBGB5H,AGT-6897,44.0,No,6.0
a3f8059f-aa08-4a39-bb88-a2ffec6c18f8,2023-07-25,Paid,False,1575.58,NEFT,FMSWGBX7,AGT-1389,9.0,Yes,34.0
03d983f1-6f26-4a12-8d98-8702b48bf07a,2024-09-24,Missed,True,1821.56,UPI,YXPZGB8V,AGT-6771,86.0,,19.0
9cf1e21c-9909-4baa-b595-19b33816f115,2023-10-08,Paid,False,1262.47,UPI,EVGSGBQA,AGT-9314,20.0,Yes,5.0
c0d09f2a-598e-4f19-a6b7-3abbf9c4b8a0,2024-07-27,Paid,,610.04,UPI,ELTRGBO9,AGT-8338,80.0,Yes,40.0
590b677b-414d-4b2f-9487-b5dc57b9f631,2024-07-20,,False,,UPI,ANVWGB6A,AGT-1720,11.0,No,49.0
0fc3cf6a-2aff-4863-9c0c-80d521e16b13,2025-03-26,Late,False,233.39,Cash,ONTGGB2V,AGT-7485,40.0,No,54.0
e57f058d-ad82-4517-b745-5177575aff33,2024-07-07,Pending,False,1012.47,NEFT,TVAXGB4T,AGT-0852,51.0,Yes,46.0
0b87a116-42c1-49c0-9779-79a6cb28e67e,2025-02-10,Pending,False,1775.77,NEFT,HJYUGBWX,AGT-1061,22.0,No,35.0
ca2deeca-9d34-4ade-9f76-4ff2c522cb37,2025-06-15,Late,False,1341.99,Cash,QJBJGBUZ,AGT-9034,56.0,Yes,
708a675c-c2f2-47f3-96da-d7ce9148d633,2024-08-01,Paid,False,888.54,,,AGT-6762,52.0,Yes,30.0
8767e0b3-5c0b-4ed9-b189-83e126a66755,2023-10-03,Late,,1541.81,Cash,ZOYLGB53,AGT-2036,14.0,No,32.0
0f9bca3a-4b54-4fbb-bef4-7d9f5daf9a2c,2025-05-24,Late,False,423.88,Cash,CHJNGBK5,AGT-6356,18.0,Yes,37.0
a6f1c4c6-1cdf-4225-a15a-34b73df95a2d,2024-06-19,Missed,True,1772.28,NEFT,PXBEGB6X,AGT-4167,6.0,Yes,7.0
,2023-08-28,Paid,False,1290.89,Credit Card,ILDOGBBY,AGT-7051,34.0,Yes,48.0
4269328d-da6d-420e-8894-dc38c5c8e889,2024-11-11,,True,1994.78,Credit Card,ALODGB4L,AGT-8792,7.0,Yes,
000e53e4-a0d9-488a-a628-44d868f5e214,2023-08-20,Late,,1109.29,UPI,XUJNGBBX,AGT-0011,29.0,No,23.0
28b9d85d-44c7-4732-854f-27022fcc69be,2024-05-04,Missed,True,,NEFT,UDWZGB7N,AGT-4665,21.0,No,43.0
,2024-02-09,Paid,False,878.34,Cash,WCMDGBZ4,AGT-3448,4.0,No,43.0
fd1970fa-982a-43cf-b0f5-1aa893716b52,2024-01-01,Missed,True,1839.37,,NVFSGBQV,AGT-5911,82.0,No,
7ea27ff3-b284-494f-91b8-e3ab8fdea1aa,2024-12-25,Late,False,260.82,NEFT,ZDIVGB5U,AGT-6291,82.0,No,50.0
f1348db6-8328-4f50-995e-fb417263a196,2025-06-05,Pending,False,,Credit Card,KCYFGBOY,AGT-1203,74.0,Yes,26.0
05603c87-683d-4ab5-89f2-e0e7ea4524f5,2024-05-11,Pending,,383.21,NEFT,OEQAGBVU,AGT-4792,55.0,Yes,44.0
8ce9657f-6b6d-4de2-a069-f2c7e0dce315,2023-09-05,Missed,True,772.05,NEFT,CWRJGB0R,AGT-5694,74.0,Yes,4.0
39597171-9e91-4d31-8930-57e06b871084,2024-01-08,Missed,True,346.22,NEFT,XZXTGBNV,AGT-0213,88.0,Yes,53.0
c4f5617e-49ac-429a-b5a8-7bb313cdb0f3,2024-11-22,Pending,False,689.94,UPI,YGTFGBF9,AGT-9739,3.0,No,59.0
0b6cf55a-0413-46eb-8f6b-6025d2de1b76,2024-10-11,Late,False,1457.57,NEFT,YVQRGBYS,AGT-7474,27.0,Yes,24.0
a776791e-a925-47ea-9072-54d9da52fc94,2024-10-28,Pending,False,981.31,Cash,,AGT-5267,56.0,Yes,26.0
5f910c6a-4494-4ddf-b7a1-cc386db8caea,2024-06-22,Missed,True,559.21,Credit Card,HTBDGB91,AGT-6714,9.0,No,59.0
5211848a-24dd-41c8-90d8-cdb370d60625,2024-06-25,Late,False,800.86,Cash,RFQSGB87,AGT-8402,55.0,Yes,28.0
0f62eed7-6c38-4659-bbc9-64969794a97e,2024-03-24,Late,False,603.06,Cash,THZTGBD7,AGT-0827,59.0,Yes,20.0
35f0c2c4-bc29-4423-a03c-8f7e4cdcc78d,2024-05-04,Missed,True,,NEFT,WZVFGBBJ,AGT-7271,70.0,Yes,49.0
453d8b5f-6aac-41f6-ba32-99509b7b0519,2025-03-22,Paid,False,1032.52,UPI,LZQKGBW7,AGT-6836,32.0,Yes,
42fefaac-1aae-4389-89c1-6789acaed8f7,2025-03-04,Late,False,1702.49,Cash,CMBFGBOC,AGT-8431,40.0,Yes,30.0
ed1063f8-d04e-4235-94e1-0327b51b4b32,2025-06-26,Late,False,263.45,UPI,BHXAGB0O,AGT-9926,65.0,No,47.0
,2023-08-24,Missed,True,502.76,NEFT,IIORGBOD,AGT-1201,33.0,No,35.0
be774720-a6e5-4bf7-b6c1-c1674e543e1d,2024-01-04,Missed,,1356.3,,SRQMGBKW,AGT-5120,82.0,No,56.0
37ec8cc3-f490-4a7d-b893-0678602d11fd,2024-09-14,Paid,False,1078.91,Cash,GIQWGB9O,AGT-5313,47.0,No,15.0
d6983849-bc94-42f7-8a18-0cc8fc78fdce,2024-12-24,Pending,False,378.59,UPI,GOVQGBR9,AGT-0024,14.0,Yes,47.0
,2024-05-14,Missed,True,880.1,NEFT,STQEGB2D,AGT-1652,,No,33.0
cb9ec4d6-1c9d-4659-838a-6490e6d9c20a,2024-02-12,Paid,False,663.91,Credit Card,FYPTGB2U,AGT-8045,37.0,Yes,37.0
f26b2787-0ccb-4159-bb3b-cf7e2c7489f7,2025-05-31,Paid,False,391.07,,JGERGBH6,AGT-8813,0.0,No,19.0
0a5649cf-49dc-4424-83fd-3416a39820a8,2025-01-27,Paid,False,177.78,NEFT,DCPNGB05,AGT-2746,72.0,Yes,7.0
1daa760a-3106-40dd-ae7c-0668aa3be0c4,2024-06-06,Late,,,Cash,JABMGBJ0,AGT-5448,46.0,No,53.0
83d86fad-eca6-4b26-9e4c-bd65ccf5b0fc,2024-04-22,Missed,True,1517.25,NEFT,AOOYGBU8,AGT-0347,,No,45.0
afcc6417-117f-487a-a4f3-322329579671,2024-09-01,Paid,False,627.36,NEFT,NTFLGBQW,AGT-2525,76.0,No,38.0
216a6972-6b0f-42ed-b06b-fd1afd423229,2025-04-18,Late,False,303.61,Cash,NBUIGB73,AGT-9091,54.0,No,33.0
c7c9c31e-2d82-4757-bcf3-020469dfd5b7,,,True,180.74,Cash,PSBDGBB6,AGT-3924,32.0,Yes,
c1ad371f-9b84-481a-8fcf-ce3a286850fe,2024-07-15,Late,False,1190.01,UPI,CLFPGB89,AGT-7784,78.0,No,53.0
af6936c7-7c1c-414a-b55c-33c6895c1f17,2023-12-17,,False,1138.35,Credit Card,LGSYGBSD,AGT-5079,61.0,Yes,26.0
9ec0264a-8e82-44b0-9863-d6bb19df1ebe,,Paid,False,1686.03,Credit Card,YCOUGBIO,AGT-1050,23.0,No,27.0
3725cbeb-bb3e-41c0-924a-1ef48b123017,2025-06-13,Missed,True,1946.14,NEFT,YFEWGBL4,AGT-1119,80.0,Yes,11.0
58dd03c2-094d-4668-988b-59c3bf200c11,2025-04-27,Pending,False,,Credit Card,JELIGBP8,AGT-0734,12.0,No,11.0
a133b631-68de-4a9d-9046-37d86c28aedd,2023-12-10,Missed,True,400.9,Cash,LSFVGBEK,AGT-6583,19.0,Yes,49.0
3fece4c8-1eef-42c3-9993-42c1759fa1f2,2024-01-20,Late,False,445.28,UPI,,AGT-1316,72.0,Yes,19.0
cba4a733-26a4-4521-ad27-d03972616d32,,Missed,True,308.8,Credit Card,YQZQGBCN,AGT-9079,82.0,No,47.0
e292e320-873f-40da-b142-37ea8f8c3eb2,2024-02-10,Late,False,1042.91,Credit Card,NISOGB8Q,AGT-2409,74.0,No,21.0
50bba479-83bf-4aee-afad-391e4244562d,2025-03-20,Late,False,1711.46,Credit Card,ZELCGBHQ,AGT-3236,2.0,No,10.0
f4466a0c-6c36-49cd-83dd-b90381e103f1,2024-07-07,Missed,True,274.21,Cash,MSANGBUM,AGT-3858,50.0,Yes,39.0
68ccc643-caa2-4a1b-9e34-55b932ed449f,2024-12-01,Pending,False,1631.11,Credit Card,BRCMGBAZ,,63.0,Yes,46.0
de0f8e0a-2d16-4013-aebc-de051ccb4b68,2025-07-06,Missed,True,1384.41,Credit Card,DIQTGBH7,AGT-3863,33.0,Yes,25.0
ac9c41e3-7fd6-4de7-affd-65eb08f00642,2024-08-17,Pending,False,1011.79,Cash,JOHIGB2K,AGT-4573,19.0,Yes,9.0
81f538b2-3311-40f2-b07d-dea65befd72c,2025-03-08,Late,False,1349.58,NEFT,GMWKGBZ3,AGT-5913,1.0,No,43.0
aff4a1cb-73ee-40a8-b6a9-cda42ca60230,2024-07-08,Paid,False,786.18,NEFT,ISINGBGZ,AGT-3872,4.0,Yes,53.0
c960ddf7-5a66-444d-8b98-433b85b00833,2024-09-22,Late,False,749.93,Credit Card,UCMIGB2F,AGT-0609,6.0,Yes,44.0
,2025-02-12,Paid,False,1494.86,Credit Card,SRAJGBU4,AGT-3182,85.0,Yes,14.0
729c0a29-a6fd-4368-a75e-ad8d3a2ebc00,2025-03-11,Paid,False,1961.14,Cash,FHRWGBYJ,AGT-1662,74.0,Yes,47.0
f5922340-f0b7-492e-9bc6-e2067651f55d,2024-10-30,Paid,False,1366.77,Cash,LPLOGBWI,AGT-4790,59.0,Yes,10.0
8cc8141f-03ca-450e-bd9b-ae693633a15e,2024-03-20,Pending,False,1148.46,NEFT,KNYKGBO0,AGT-1507,39.0,Yes,17.0
4ea3192b-8a40-44b2-b851-f806b9f8360e,2024-05-27,Missed,True,1660.85,UPI,FKXAGBRC,AGT-7534,39.0,Yes,5.0
,2025-07-04,Missed,True,691.91,Credit Card,IAAOGBQ2,AGT-1290,53.0,No,50.0
016b1d4b-c678-4334-8e69-884dce3b5980,2024-02-28,,False,273.73,Credit Card,ONRGGB0P,AGT-4461,77.0,No,28.0
03b34fe9-7f1a-41d1-9725-42e720d8b947,2024-01-30,Pending,False,496.37,Cash,PEWJGB2P,AGT-4176,20.0,No,
04910499-b97a-459d-92f5-c2777bd3298b,2024-11-15,Missed,True,1176.3,Credit Card,MCJEGBQY,AGT-2280,73.0,No,33.0
487c7a1c-2bda-40b9-b6e8-27c45d5e979d,2024-06-23,Pending,False,615.99,NEFT,GLVNGBC7,AGT-2485,26.0,No,26.0
bef86988-5560-492f-84f7-261a84273173,2024-09-22,Missed,True,1855.09,UPI,EJJHGBJT,AGT-4122,23.0,No,47.0
49b8f9d0-1bb3-42d9-8f7b-5c7c26a5280b,2023-08-31,Paid,False,,NEFT,LXINGB24,AGT-2861,65.0,No,18.0
91a0d52f-9625-406e-a06f-7adf22ce3291,2025-06-30,Paid,,,NEFT,RIRLGBJS,AGT-2918,58.0,No,7.0
c7698f6e-2485-4b24-8229-cb84c45a0463,2024-10-24,Late,False,1533.34,UPI,EZCCGBMJ,AGT-0876,,Yes,48.0
0045c924-4e14-4353-966a-9b4a0e399bff,2023-08-10,Missed,True,1727.15,Cash,TYMVGBSE,,18.0,No,46.0
14d4b052-9872-4c0e-8256-19aa1026967d,2023-09-19,Late,False,1518.13,,TWRFGBZZ,AGT-9902,53.0,Yes,35.0
ff0c28b0-be65-4892-a9df-06d1c5069fde,2025-02-22,Late,False,1547.22,NEFT,HFZRGB9J,AGT-8712,34.0,No,54.0
e48d44a4-7a79-4a0a-a09e-14f202bcb6fd,2024-12-23,Pending,False,763.82,NEFT,VVSSGBVX,AGT-3762,1.0,Yes,40.0
d318d982-a102-499b-9e40-234758aed60d,2024-07-26,Late,False,835.3,,EOBXGBZ7,AGT-7365,74.0,Yes,54.0
e2e2aae5-320b-4b2b-84ae-13635f6677b3,2024-07-25,Pending,False,1996.39,NEFT,HFWJGB2K,AGT-8975,75.0,No,2.0
330011f7-114a-4a45-8afd-b1bc66396645,2024-05-06,Pending,False,1550.39,UPI,AYWFGBV5,AGT-6079,58.0,Yes,40.0
,2024-02-20,Pending,False,945.54,,WJXIGBYR,,54.0,,
73467b1c-6b58-41ae-92cc-2e2a7f60dc08,2024-04-23,Paid,False,105.67,NEFT,AXPUGBRY,AGT-6212,49.0,No,57.0
d374e863-bef6-4382-91e1-5241b207e173,2023-08-06,Paid,False,1260.51,UPI,DAXRGBA0,AGT-6549,10.0,No,27.0
32ecb40b-eb6f-474c-84e3-842252a244a7,2023-07-31,Pending,False,785.49,Credit Card,JFASGBCG,AGT-7817,27.0,Yes,1.0
543699fc-540e-46ca-ad9a-ebc21e54ee46,2023-12-22,Missed,True,1727.01,NEFT,LRVEGBY8,AGT-0520,15.0,Yes,12.0
fc4c2c2d-695c-4591-85ea-58de21a31e1f,2024-12-09,Pending,False,748.76,Credit Card,HACEGB1W,AGT-9219,14.0,No,46.0
0361ba5d-a93a-4e0c-b6b4-d4985191fd87,2025-02-12,Late,False,1763.28,UPI,BPXWGB8G,AGT-3546,44.0,No,31.0
d7cf8097-edcf-443b-91a6-6dc46dd7d79a,2024-06-09,Late,False,923.97,Credit Card,PFDJGBY8,AGT-2267,89.0,No,59.0
5bd477fa-54ed-4ee2-bca0-ee0c601df13d,2024-10-28,Missed,True,1380.16,UPI,ZFYEGBU0,AGT-2533,24.0,No,53.0
4b0817ef-479f-4c1d-9630-e5a7d176461b,2024-06-25,Late,False,111.25,NEFT,MBCSGB7W,AGT-1452,13.0,Yes,14.0
268ac36e-67dc-40a5-9f38-2d7acebdf60e,2024-04-17,Pending,False,1169.8,Credit Card,,AGT-6555,11.0,,18.0
cc66535a-fbf2-43ea-b6fd-1c7114f3c288,2025-01-07,Paid,False,1193.95,Credit Card,CGIFGBGY,AGT-9867,75.0,Yes,3.0
ea2a0296-7789-49d8-ae3f-423c49054a2e,2024-04-22,Pending,False,1484.06,Credit Card,TBZKGBX9,AGT-2673,42.0,Yes,56.0
eb8b2dac-50ff-4475-baa5-a4392dbaa5ce,2023-12-25,Late,False,258.46,NEFT,ETEQGB9N,AGT-8665,37.0,No,23.0
10b48dc8-1d86-4dd0-8f90-6efa28a8448d,2024-05-29,Paid,False,728.33,,CEGYGBB1,AGT-0839,8.0,Yes,12.0
8ecaee2e-a6e3-4d0d-a690-e474be94c7fb,2024-02-13,Paid,False,1910.68,UPI,LPZYGBW9,AGT-3942,64.0,No,14.0
eb73c04d-7a45-4722-9192-56494e102351,,Missed,True,1518.23,NEFT,DZSAGBVV,AGT-0936,16.0,Yes,16.0
25053f84-12ad-4545-956f-2b63210160b7,2025-04-08,Paid,False,577.74,Credit Card,PDMUGBA2,AGT-6362,82.0,No,49.0
e7988de0-598a-4151-80f1-f48adde26b0a,2024-11-19,Missed,True,287.78,Cash,TMDFGB0T,,71.0,No,40.0
73fd043f-831b-414d-94b5-7c702fb80411,2025-05-20,Missed,True,1615.2,NEFT,PAKCGBOR,AGT-6878,89.0,Yes,20.0
0f5c9b51-d71e-41ba-b7ad-4b7061f8c6fa,2025-05-27,Paid,False,1334.68,Credit Card,FXOTGBWT,,79.0,Yes,18.0
135013e8-4e97-4a24-8c3a-c1f007cd8bbd,2024-08-16,Pending,False,1965.42,NEFT,BTBCGB55,AGT-8062,31.0,No,50.0
a425f079-04e3-4b17-805a-0e72c7f12a95,2025-02-11,Pending,False,1224.85,Credit Card,UHNSGBQD,AGT-9379,17.0,Yes,23.0
f68f5622-0d01-42f5-a0fd-7260049f767e,2024-06-09,Late,False,1088.67,UPI,EBHCGBEE,AGT-2371,70.0,Yes,32.0
2d248dec-bea3-447e-842d-5497357b6a27,2023-09-04,Late,False,1908.96,Credit Card,CWOCGBFO,AGT-7123,85.0,Yes,24.0
ec245ee4-33be-4faa-9b74-67afbb57666f,2023-11-24,Late,False,130.24,Cash,QPORGBFB,AGT-1509,20.0,No,36.0
3669b7be-a257-408f-aabf-23dcc7600510,2025-07-04,Late,False,1384.75,UPI,MELCGB8O,AGT-5741,85.0,Yes,3.0
db05d0df-c185-4db6-bc10-151757fca18e,2023-08-28,Late,False,1157.42,Credit Card,QVRAGBPU,AGT-7878,34.0,No,51.0
b617029d-abf4-4388-a983-bbb7aa710c8f,,Pending,False,,NEFT,UPJHGBOI,AGT-0292,33.0,Yes,15.0
6a009446-c63e-4358-8789-da6f5ae1b40f,2024-03-31,Pending,False,590.55,UPI,CVNUGBVQ,AGT-3092,88.0,No,21.0
81471b77-0b3e-483e-aff2-6c86e1fa5bc2,2024-04-09,Pending,False,1566.71,NEFT,EYJEGBD8,AGT-7776,13.0,Yes,40.0
a6985973-6764-4e10-9798-489bf4ef3453,2024-10-22,Pending,False,998.94,NEFT,WVBXGBD3,AGT-3197,2.0,No,13.0
c11d8dee-e661-47e9-963b-337b2d2b7e82,2023-11-08,Pending,False,912.62,NEFT,HQACGBMA,,73.0,No,15.0
525929d5-0672-43f3-9038-453786249b63,,Pending,False,1078.81,Credit Card,DJGOGB2C,AGT-5769,59.0,No,44.0
92ab882b-6a07-4272-ae02-798bfec6d88c,2023-11-12,Missed,True,1100.47,Credit Card,JHHRGBJS,,53.0,No,
f02cc799-d65a-4cb4-a257-f9cd399a455f,2024-08-09,Missed,True,1279.06,Cash,KSISGBGN,AGT-5920,33.0,Yes,54.0
f65ec80d-2b60-4956-a380-2ccff321535f,2024-12-25,Pending,False,867.04,NEFT,SNLWGBLI,AGT-2069,10.0,No,14.0
647b3902-4d07-4379-97dc-6229d4e2cdaf,2025-02-07,Paid,False,1396.54,UPI,WNKMGBYE,AGT-8184,46.0,No,32.0
d6672c19-c8a7-4895-bd88-2cc8d6a56ae6,2024-12-15,Late,False,890.8,,HKISGBYD,AGT-6594,38.0,Yes,1.0
0824d880-5ad3-40e7-bb3c-448e1f72e010,2025-05-13,Late,False,881.09,UPI,ZAMOGBFI,AGT-6378,64.0,No,36.0
1bad7ae8-03a2-47aa-9d1d-3822b599663e,2024-07-02,Paid,False,1890.79,NEFT,OVGMGBZD,,14.0,Yes,33.0
02416bfb-4c9f-4c8b-a3f3-cdcd966b0191,2023-12-30,Paid,False,1419.76,UPI,HVBOGBX6,AGT-2269,85.0,Yes,41.0
a452549d-1952-43e8-ae02-da29a3d436a5,2024-10-07,Pending,False,522.75,Cash,NCZTGB2B,AGT-7778,4.0,Yes,2.0
54792537-5e23-4164-b41c-192f71c44600,2023-12-19,Missed,True,868.31,UPI,ZZIVGBXQ,AGT-8235,11.0,No,8.0
d2def2a3-fcf0-421f-807a-371261c10485,2025-01-11,Paid,False,483.92,Credit Card,BEUKGBFB,AGT-8574,59.0,No,19.0
33bb3d54-68aa-4000-9e40-18858c690950,2024-03-06,Pending,False,1088.48,UPI,EKRAGB0B,AGT-0195,64.0,Yes,23.0
bc4db935-40b3-490a-bb24-b8514c299793,2025-01-08,Late,False,549.19,Credit Card,QOIDGBG2,AGT-8343,58.0,Yes,32.0
acf673fa-86fe-48e2-85bc-052647e68f2d,2024-01-15,Pending,False,1238.74,Credit Card,MBSGGBBH,AGT-3814,69.0,No,49.0
22f36a43-e49c-4980-a8f8-31739fbf53b5,2024-06-04,Paid,False,173.54,NEFT,FIURGB4W,AGT-6120,18.0,Yes,27.0
1c54d0ba-db38-4d40-a117-356c5aa387f2,2024-07-05,Missed,True,810.65,UPI,IEERGBCT,AGT-5318,48.0,Yes,54.0
aadecacd-bd13-47c4-8986-ad649ed34e4c,2025-04-14,Missed,True,553.51,,QGDXGB08,AGT-9294,59.0,No,
5c9ab04c-3ebe-4fc6-aaeb-3770dee5f14d,2023-09-27,Late,False,570.47,Credit Card,FRWIGBEN,AGT-1169,30.0,No,34.0
18e21b67-3580-4af9-953e-7a0fba58730c,2024-08-06,Paid,False,758.07,Credit Card,HTONGBD2,AGT-5231,10.0,No,57.0
e1b5e68d-cf2f-4aee-9507-e29285a15f0a,2024-02-09,Paid,False,1681.25,Credit Card,,AGT-3604,80.0,No,18.0
635e999d-4019-4f57-a844-d049a1b02181,2025-03-01,Pending,False,1829.77,Credit Card,TRMBGB8X,AGT-7380,14.0,No,28.0
c14d6f2d-4419-423c-83f0-e27b7c5f070a,2025-05-03,Missed,True,,Credit Card,PQZCGBPH,AGT-8907,47.0,No,2.0
aea433b7-0a7d-421b-86ab-62001eb9b383,2024-01-30,Pending,False,996.3,UPI,TRDYGBIZ,AGT-3402,,No,9.0
2efb48b0-bb26-4a13-a48a-a53e9055d40c,2025-01-12,Missed,True,1563.33,NEFT,WVZKGBYE,AGT-5878,44.0,Yes,49.0
9cd6464b-6d60-4877-aaea-979a1e180525,2025-04-10,Missed,True,1660.16,NEFT,POZWGBF2,AGT-3302,32.0,No,
a841ff56-6cad-4923-b5d0-4b7d25a2a40d,2024-05-11,Paid,False,109.08,UPI,,AGT-8628,7.0,Yes,32.0
d4ed4e1f-816b-46ae-a356-147b05475b78,2024-08-21,Pending,False,373.33,UPI,JKIDGB6L,AGT-9585,32.0,No,22.0
38a69a9b-c437-4043-9183-6f417dd9284f,2025-02-15,Pending,False,,Cash,GOXWGBUT,AGT-3836,51.0,No,26.0
72527f6f-c95d-4299-8c32-d7637779384d,2024-04-17,Pending,False,1092.1,Credit Card,NMBUGB5Q,AGT-2054,27.0,No,13.0
e7c0bb9c-e5d9-476d-8f21-85877e248d4a,,Missed,True,1443.85,Credit Card,FNAMGB3Q,AGT-2270,9.0,Yes,36.0
82ee1637-0838-488c-a741-994bac6b0eb2,,Late,False,1207.88,,WSJPGBDW,AGT-9106,24.0,Yes,29.0
0208bace-49f6-44bd-be9f-7fd23b540a05,2023-11-02,Pending,False,,UPI,RTDAGBGN,AGT-5421,22.0,No,36.0
3024561e-d1ea-45ea-aaec-9c56c034fca9,2025-03-11,Late,,142.93,Credit Card,GPMVGBNM,AGT-9229,43.0,Yes,28.0
c4d31fe4-b767-41d1-b929-c9af4e19ba7b,2023-12-22,Paid,False,623.8,NEFT,GBJXGB1O,,38.0,No,53.0
7790470a-c6ec-44af-934a-e9ad88c344e6,2024-09-27,Late,False,359.69,Credit Card,OPDMGBHP,AGT-0019,4.0,No,12.0
a73dc6f5-749d-4c12-a6ee-5a2305e46097,2024-04-11,Missed,True,1707.27,Credit Card,,AGT-4045,29.0,No,24.0
272e9c13-b93d-4fcd-9206-28f2331234fe,2023-12-29,Late,False,204.17,Credit Card,XQALGBIA,AGT-6113,51.0,Yes,55.0
2db61ee9-ef56-4b50-baab-0a38c68be55d,2024-05-26,Paid,False,466.53,Credit Card,SNQYGBAV,AGT-2432,87.0,No,23.0
857f25d4-56b6-4735-943d-ff392f0b2d52,2024-01-16,Paid,False,872.9,Credit Card,HCEBGBR4,AGT-9077,44.0,Yes,
,2025-03-26,Paid,False,404.41,UPI,LNLXGBK4,AGT-4492,8.0,Yes,59.0
da1ecba6-f026-4c32-9e98-c708a10e1dca,2025-05-25,Paid,False,928.05,Credit Card,TDWAGBRH,AGT-0643,82.0,No,21.0
16becd77-8780-44ac-90ed-83eaf841f847,2024-01-28,Pending,False,1317.87,Credit Card,FJYUGBJN,AGT-0354,81.0,No,35.0
29426877-d6ae-470d-a515-b353d4e751fc,2024-08-28,Paid,False,523.24,UPI,UWDVGB6F,AGT-1976,9.0,Yes,51.0
e07919cc-9a1e-406a-944f-3c9337e4f8f9,,Missed,True,903.56,UPI,WBGTGBXP,AGT-7629,10.0,Yes,39.0
ec217f0c-e112-40ba-a262-896fce6e1b8e,2024-04-21,Missed,True,1780.45,Credit Card,MBOMGBYE,AGT-8487,22.0,No,1.0
ddf6db7d-8552-4fc7-8289-bc98c65138ad,,Missed,True,1090.91,NEFT,PFZGGB0I,AGT-3295,32.0,Yes,32.0
3b097d18-ca63-4a0b-af59-d4e1eee70292,2024-09-02,Missed,True,1395.52,NEFT,YLLQGBUJ,AGT-8964,67.0,No,44.0
340a1e14-a1ca-414c-89df-4ea4be537c8d,2024-07-17,,False,892.53,NEFT,UXZTGBDO,AGT-0240,24.0,Yes,21.0
a99ccb23-bef9-4322-a467-b4eda56747fa,2024-07-20,Paid,False,219.82,Cash,TPIWGBQ7,AGT-7654,48.0,Yes,
e0208baa-7fab-4f8a-b485-f7df9e77b65e,2024-12-14,Missed,True,1362.77,Cash,XBGQGBJ4,AGT-6228,30.0,No,15.0
,2024-08-04,Pending,False,931.99,,TVBFGBZD,AGT-8166,40.0,Yes,53.0
31db32bb-cda2-468e-83a8-0779c8cb278a,2023-10-14,Missed,True,1297.42,,DOFKGBYD,AGT-4245,63.0,Yes,52.0
1bb9c72a-343b-4961-82eb-9602f1a7d55a,2024-03-09,Late,False,337.17,Cash,CGRYGB67,AGT-4513,58.0,Yes,37.0
7719bc19-66a4-4045-acaf-35df4c5718cf,2024-12-13,Late,False,717.07,UPI,JAGCGB5P,AGT-3668,43.0,Yes,11.0
5763dafe-ea61-4998-b49b-c00321f53956,2024-05-02,Missed,True,1365.05,Credit Card,QXIWGBCT,AGT-1663,36.0,No,7.0
9119cb73-5b50-4e81-8b62-9f69fd84bf4a,2024-04-28,Late,False,1280.97,Cash,BXQLGBOX,AGT-5135,81.0,Yes,29.0
c4cc899f-e26c-464f-83bc-6b5d44d8512b,2025-01-20,Late,False,1322.45,Cash,JABGGB23,AGT-0371,89.0,Yes,53.0
3c127407-5a7f-4831-8a82-655df20ad700,2023-09-19,Pending,False,1859.25,Credit Card,,AGT-6569,24.0,,53.0
02b0c2c1-571c-459e-83b5-5c7bbe65b63c,2023-09-28,Pending,False,160.12,NEFT,ZNLLGBNO,AGT-5487,79.0,No,43.0
c54bfb48-d25c-4ea7-bede-8372ef00bf93,,Late,False,736.54,Cash,FRUAGB35,AGT-6765,17.0,Yes,8.0
3fee4bf2-fb1a-4661-acce-56afdc9b9379,2024-05-12,Missed,True,507.99,Credit Card,SBEQGB2T,AGT-5247,20.0,Yes,50.0
caa59683-0b36-40b1-ac16-f169f352d5c6,2025-03-13,Pending,False,865.12,Cash,UCLZGBZH,,52.0,No,46.0
058550a3-4615-421e-b9d2-601fe6d5753d,2024-10-22,Missed,True,1377.35,UPI,VBIIGBWC,AGT-0686,85.0,,55.0
48be4cf2-a977-4012-a56e-2d460d4f46be,2024-10-10,Paid,False,882.22,Cash,RTJDGBVY,AGT-5815,81.0,Yes,24.0
,2024-05-22,Paid,False,1134.85,Credit Card,GAUXGB3M,AGT-1652,68.0,Yes,23.0
01dc5ac2-8dfa-45fd-98ac-fb0db9d42fcb,2025-06-11,Late,False,101.86,NEFT,GPGVGBWM,AGT-9049,38.0,Yes,22.0
8d393d12-449a-4025-8921-a727aae398ae,2023-09-29,Late,False,1540.02,Cash,SNHCGBRC,AGT-8774,43.0,No,9.0
19715ead-1fad-45e4-8855-a79d4c273649,2024-03-01,Paid,False,,UPI,XSGWGBTF,AGT-8912,11.0,,35.0
f48633bb-6a00-4253-94e3-fbeaf6610608,2024-10-30,Paid,False,1736.53,NEFT,RQJIGB6X,AGT-1378,41.0,Yes,55.0
a8f17669-1101-4329-a469-5a3430b3c2fc,2023-07-25,Pending,False,1644.42,UPI,QYLKGBGP,AGT-5241,71.0,Yes,44.0
6f9d697c-2108-485f-8923-f5d501a26b79,2025-03-25,Late,False,1030.38,Cash,BMDGGBX5,AGT-9842,18.0,Yes,20.0
58b69494-5fb4-48bb-ad00-d4bbf1ef76c7,2025-04-30,Pending,False,1297.75,UPI,FXIGGBTS,AGT-3218,85.0,Yes,36.0
6c48633a-e38a-475a-b6e0-cd6d93895922,2023-10-04,Missed,True,1086.07,Credit Card,UYSMGBOW,AGT-8833,77.0,No,24.0
4c77f1b9-013b-49df-84e5-b0077eb73b95,2024-06-10,Pending,False,1884.91,UPI,ZZOBGBKX,AGT-7323,81.0,No,44.0
cee1069e-8756-4631-af07-5101e1f1ea14,2024-02-01,Pending,False,1198.04,Cash,MGAVGB1S,AGT-7371,61.0,Yes,50.0
b8695c4c-0256-466e-ab14-1f5cc71a9f37,2024-05-21,Missed,True,1771.13,UPI,BYMWGBM4,AGT-7168,46.0,Yes,33.0
fb9c8a23-7d24-4979-ae39-affdfa75619f,2025-05-05,Pending,,1270.46,Credit Card,DFOMGB4A,AGT-9875,42.0,Yes,13.0
a375e2a0-1ad5-45bf-ac1d-716509a39cd5,2023-12-21,Late,False,408.03,NEFT,PRCHGBL6,AGT-1100,73.0,No,14.0
2e6c45fa-349d-44a4-a405-7d5e3e3c9378,2024-07-29,Late,False,1348.87,UPI,LNFBGB32,AGT-0031,43.0,No,43.0
023b76ee-18aa-4769-bf8c-05352bc6f23f,2024-09-23,Missed,True,1940.83,Cash,XLLKGB2B,AGT-6575,39.0,,58.0
ba0d30c5-d1b4-41e3-8e3d-e522c5d3a506,2024-07-18,Pending,False,1391.69,UPI,WNJFGBA8,AGT-5714,12.0,Yes,48.0
c7946f80-146f-4ec6-88bb-8e9709c89258,2023-09-30,Pending,False,679.44,Credit Card,FJWZGB7Q,AGT-8050,87.0,Yes,50.0
7fbc5973-854f-48d2-966e-96002eb137e4,2023-10-30,Missed,True,414.62,UPI,PWQSGB3I,AGT-0955,87.0,Yes,46.0
4413cef2-e8ce-47d5-8848-aee4e2dfd2ab,2025-04-02,Late,False,1530.55,UPI,VXNOGBM2,AGT-8048,26.0,No,32.0
c1468ca5-de4f-4996-a4a5-8167b1735dfc,2024-11-11,Missed,True,1899.85,NEFT,QZZUGBNE,AGT-0152,88.0,No,14.0
,2024-06-22,Late,False,240.98,Cash,CFFVGBX9,AGT-4513,79.0,Yes,57.0
a37d14ff-246f-4e19-bc97-731d8d47a342,2025-01-12,Paid,False,755.16,Cash,FNBBGBFK,AGT-0922,12.0,,54.0
0ec8e419-199c-452e-92a9-c3517eb70a88,2024-02-19,Missed,True,1325.41,NEFT,QEHNGB0Z,AGT-9475,50.0,Yes,4.0
08f976eb-b507-4d14-a686-1cde6a528c36,2024-10-06,Paid,,1976.79,Credit Card,DFVTGBGU,AGT-0235,15.0,No,29.0
e6f8055a-dcc7-41d5-9e70-1ffeb9be3504,2025-02-05,Pending,False,1059.97,NEFT,FJFNGB6D,AGT-9783,34.0,Yes,32.0
a683e042-1f9e-43f5-a94a-15b0e5883980,2025-03-28,Missed,True,314.18,Cash,ZIQAGB1E,AGT-5333,8.0,No,36.0
cfddcf3a-0235-404f-bd59-c68a5ff70fb3,2024-09-26,Paid,False,679.39,NEFT,IABLGBTJ,AGT-1896,66.0,No,53.0
,2024-04-18,Missed,True,1934.33,UPI,GSTVGBE2,AGT-1652,47.0,Yes,11.0
0fadda7b-b655-4788-93d3-e27acdd90171,2023-08-12,Late,,446.44,Credit Card,TBNDGBIL,AGT-5480,11.0,No,24.0
63b23bf1-aeaa-4fb4-90fa-fa83bc236495,2025-01-09,,False,1477.02,Credit Card,YMJOGBPX,AGT-6612,0.0,No,33.0
21226a9b-1a41-4433-a3b6-29b9e833126b,2023-07-22,Pending,False,1652.86,NEFT,OHDXGBZM,AGT-6040,88.0,Yes,47.0
aae872fb-e6dd-4e37-b8c6-8423f07b6730,2024-02-01,Late,False,1437.51,UPI,IJPLGBOB,AGT-9296,,No,57.0
28a503d2-2d81-4e3a-a85d-b55418a13518,2025-06-25,Paid,False,491.55,Cash,RSQVGBXK,AGT-6573,15.0,No,15.0
8eda2194-347b-4d78-b3e0-f957b207ac55,,Paid,False,915.38,,OLETGB3L,AGT-5569,70.0,,
7333768d-5fe4-418e-85bd-0a74c1533e06,2024-04-28,Paid,False,352.57,NEFT,VLPKGBAJ,AGT-3076,7.0,No,30.0
51735349-8319-46ae-9da3-a07e56058c80,2023-09-01,Missed,True,1489.08,,ZAABGBSK,AGT-2305,53.0,Yes,
9d2a4562-ed9a-445a-bc7b-bc7210dacef6,,Pending,False,1113.68,,HPYXGBI9,AGT-4523,10.0,No,19.0
3f224581-7228-4a1d-8a89-b2086499cbf2,2024-07-15,Pending,False,724.92,Credit Card,JZZYGBIC,AGT-1813,,Yes,26.0
fdd080b0-6dda-4539-9898-be66d7bcc8fc,,Pending,False,1920.37,Cash,ZGMIGBQ2,AGT-1424,61.0,Yes,44.0
629ca0ef-8780-4d82-8ac3-7a5a5c2b153a,2025-03-09,Missed,True,1045.68,Cash,CMDNGBL2,AGT-0830,78.0,Yes,53.0
e03efd52-6de5-4340-a995-f393549febdc,2025-04-17,Paid,False,646.48,UPI,HWDTGBT7,AGT-7565,39.0,No,41.0
d616a8ea-76e3-4bd8-aa95-3ebb3795f484,2024-02-13,Pending,False,1737.89,Cash,CIRTGBA0,AGT-8723,86.0,Yes,39.0
9063a605-113a-4769-b03c-d32a4c99a74f,2024-01-26,Pending,False,822.3,NEFT,KODUGBFI,AGT-5366,25.0,No,9.0
5774993a-ad39-4461-890f-4545bea311af,2024-01-15,Missed,True,932.76,Cash,BBOEGB2N,AGT-4866,66.0,Yes,56.0
92732754-1ce8-4308-9f8c-7ac2131d80fd,2024-05-31,,False,234.27,Credit Card,XFEMGBFF,AGT-4315,,No,18.0
58cd93ab-8958-4054-b84a-71d07fb96ebb,2024-06-19,Late,False,794.4,,XAHTGBB3,AGT-8569,68.0,Yes,59.0
2dfbd665-758f-451e-9d43-4022fe507192,2023-12-30,Missed,True,,Credit Card,ZSKXGBIO,AGT-4558,70.0,Yes,38.0
4d9a72b0-3ae6-4dc3-99c2-28a9a95d2537,2025-07-08,Paid,False,827.49,UPI,NFJTGBM8,AGT-4685,43.0,,38.0
c00b8462-6c05-48a7-830e-96cde193e96d,2025-06-23,Paid,False,1062.45,NEFT,ADIHGBCJ,AGT-2693,44.0,Yes,36.0
53d2b28a-f676-4ab7-8dc3-4def838c221a,2024-03-28,Missed,True,333.88,UPI,VEBBGB5F,AGT-1198,60.0,Yes,
81adc763-bf44-46c2-8666-e83463400b45,2025-06-02,Missed,True,709.06,UPI,LAOSGBLT,AGT-0086,75.0,Yes,57.0
a4b8c90e-455d-459f-aae1-5609154a5661,2024-07-25,Missed,True,326.13,,HUUFGBWG,AGT-7835,68.0,Yes,56.0
d5593427-a062-40ff-a2d2-407a8d8bcf6b,2024-07-26,Late,False,1134.72,Cash,CZBEGBMB,AGT-9834,,Yes,15.0
b5cdcb79-fb23-4363-83ee-19ca6b6badf7,2024-04-11,Missed,True,1610.18,Credit Card,KYLBGB9E,AGT-0640,28.0,Yes,18.0
d6dd0eb0-e4f3-4310-9710-dbcfd90b1419,2024-10-20,Pending,False,406.41,NEFT,RYYAGB4U,,27.0,No,
3038e9c4-a320-43ad-8670-93cb7d503656,2024-12-13,,True,158.52,UPI,ZQEUGBZV,AGT-8532,81.0,No,21.0
d6706ac7-1de5-4732-8572-ceca5de9e85b,2025-02-21,Missed,,260.45,Credit Card,BSWXGB7C,AGT-4480,3.0,Yes,55.0
a4f70609-1cd9-444f-9bc5-01995fb8b329,2024-02-10,Late,False,1310.78,Cash,VJSKGB78,AGT-8545,25.0,Yes,59.0
75de5d61-4c17-46a4-897a-79a3c3611326,2024-03-10,Missed,True,1408.79,Cash,LTNOGBUC,AGT-3429,0.0,,18.0
08f6cc60-a0c0-4bd1-b4b6-dbbad985936f,2024-02-19,Pending,False,379.25,NEFT,WESBGB18,AGT-3294,42.0,No,30.0
8399cda0-9cf5-48c4-ade8-c6c2fc7a43de,2024-07-01,Late,False,1111.22,Credit Card,IZEGGB2X,AGT-3264,21.0,No,15.0
a8a07c62-d1a9-4651-9d6a-227720fdcc33,2024-01-08,Missed,True,249.13,UPI,WRGFGBKH,AGT-1392,20.0,No,59.0
6627c502-5ec7-4d31-80cc-f20d9bb34f60,2023-07-22,Paid,False,1397.83,NEFT,MRWKGBJ0,AGT-2588,72.0,No,35.0
4eb7fa20-1dad-44d5-bda5-0b3bf99afee0,2024-04-23,Pending,False,691.69,NEFT,GOVBGBA7,AGT-3367,31.0,No,48.0
f104392b-6e93-40a5-a2c9-7247023dc99d,2025-04-12,,False,1311.03,Credit Card,NWQLGBR2,AGT-6710,61.0,No,37.0
aea9ff52-bdf6-48f0-a352-fbc0af40508c,2025-06-03,Pending,False,220.89,UPI,,,10.0,Yes,46.0
a1beb423-d449-463f-abda-b871f9c286c5,2024-12-24,Paid,False,1435.11,Credit Card,PWVWGBMV,AGT-6567,39.0,No,42.0
4971aab4-00d4-472c-a17c-1441d272c512,2025-04-06,Late,False,636.52,NEFT,QJHZGB3U,AGT-2200,59.0,Yes,27.0
777756c1-16da-43d1-9158-b11f427388a4,2025-04-11,,False,986.71,,XJPYGB95,,14.0,No,21.0
fa603223-d762-46f9-b225-06dfb4989b61,2025-05-01,Missed,True,870.49,UPI,,AGT-5744,15.0,No,41.0
82c3d85a-1af2-4e36-b954-b9d7576b1d38,2024-01-06,Paid,False,1202.12,Cash,PSRDGBXG,AGT-6190,18.0,No,32.0
,2025-03-13,Pending,False,577.74,,AWBUGBPZ,AGT-9084,42.0,No,28.0
8607164e-e5b3-4829-9d38-ee81d46f9506,2024-09-29,Pending,False,1264.11,UPI,FQBMGBT0,AGT-9369,,Yes,48.0
324895c2-b908-4aac-9051-8305e5fdad47,2023-08-07,Late,False,1579.4,UPI,UAYIGB0E,AGT-7839,75.0,Yes,15.0
f5c5caf1-15bf-40f7-bb94-677579933547,2023-10-16,Missed,True,1179.12,NEFT,BLLTGB2B,AGT-1968,32.0,,17.0
06e08297-7790-4990-84bf-c52f1dca6d26,2023-12-07,Paid,False,271.59,Cash,APVRGBYX,AGT-6029,65.0,Yes,10.0
ce4b31bc-e7f1-4c1c-9de5-92a1fc671a7d,2023-08-27,Missed,True,180.81,Cash,WCWZGBLK,AGT-8139,80.0,Yes,20.0
,2024-07-15,Late,False,1358.22,Credit Card,RCWOGB8H,AGT-3402,2.0,No,57.0
dd4a16d4-2650-469e-b76e-eb9fe60e2852,2023-08-25,Late,False,,Cash,MUJRGBWB,AGT-9621,12.0,,50.0
bbc8c8fe-a499-4ace-a9bd-922d2d6a8d1b,2023-09-03,Late,False,1143.3,UPI,ZNHIGBJJ,AGT-2062,53.0,No,8.0
5e1b9842-0462-40b9-b2fa-533048f3fff5,2023-12-24,Late,False,669.46,Cash,BMQBGBSY,AGT-8935,62.0,No,36.0
ef347440-ebdb-4fa4-aecc-11713f25a8f0,2024-03-14,Paid,False,412.14,Credit Card,UYAAGB6Y,AGT-8045,55.0,Yes,10.0
c2ad5add-f596-4d90-8995-ead9b5346fab,2023-07-30,Late,False,1845.78,NEFT,ICQBGBDM,AGT-7823,70.0,No,
c1dc0254-1b80-4320-ba57-8805e967a800,2024-03-29,Late,False,777.48,Cash,,AGT-9476,20.0,No,37.0
d77ebc49-a73c-4f4b-9b6b-adecfbdb7274,2025-06-30,Paid,False,535.74,Credit Card,ICNIGB7F,AGT-9857,46.0,Yes,3.0
2b6680a4-3c50-431b-ba13-4376c3d8cb66,2024-08-23,Missed,True,121.68,Credit Card,FNHIGBA8,AGT-5985,47.0,Yes,33.0
,2025-03-02,Late,False,924.54,Cash,CMWVGBOV,AGT-0427,67.0,Yes,2.0
f601f538-ba69-40be-8b1b-9cb8d2c995a1,2023-12-01,Late,False,377.42,NEFT,UBTRGBOL,AGT-9515,64.0,Yes,5.0
18bcf9bd-06a2-4f9f-b168-8133a6053a9e,2024-12-21,Paid,False,254.26,NEFT,FXUIGBEQ,AGT-7199,27.0,Yes,8.0
c0d4d83b-05d5-4987-a99c-3d375b7e57ff,2024-01-17,Pending,False,791.62,Credit Card,QSVTGBYH,AGT-4899,49.0,No,
19b383d4-39dc-4604-bce9-5f52de2cee7e,2023-08-15,Missed,True,1219.7,UPI,GBXCGBZQ,AGT-2656,31.0,Yes,
7f68f545-a4e1-4d4f-9bed-f655ba892d11,2023-07-29,Late,False,215.94,NEFT,TZXXGBCW,AGT-1015,8.0,Yes,13.0
6bb1954d-8732-4414-9173-b548e0c1f9c9,2025-02-20,Missed,True,1574.41,NEFT,AJUZGBP8,AGT-4390,70.0,Yes,19.0
90d1e13a-a91f-497b-9b71-574a3fced231,2024-08-14,Missed,True,263.53,,OQVOGBQG,AGT-0315,21.0,No,24.0
e30fd76b-0425-440f-b79e-ee099b24ca2f,2024-03-03,Pending,False,507.21,UPI,XCMWGBKJ,AGT-5824,36.0,,37.0
65944b40-8256-479f-b149-6c5c39fbcf88,2024-08-12,Missed,True,338.66,Credit Card,,AGT-1536,30.0,Yes,21.0
1f0cc6fa-01fa-4c6d-9eaf-6b08e843343b,2025-01-11,Late,False,1012.57,NEFT,LCFXGBC8,AGT-2104,36.0,No,17.0
bcf829ba-aff2-462a-b61f-f693594ec60b,,Paid,False,107.41,NEFT,ADNRGBQY,,71.0,No,15.0
215b4006-3e9a-40c0-8ce9-ad0f10126d7e,2025-02-09,Paid,False,515.76,NEFT,BRTJGBT8,AGT-0695,55.0,Yes,36.0
308214d9-4ca1-4564-a068-bcf3b57617a0,2023-11-19,Late,False,404.9,NEFT,ATKRGB2F,AGT-3845,68.0,Yes,29.0
520616c8-5fa3-4d68-b461-2b6960708bf1,2024-06-10,Missed,True,1312.01,Cash,LWMTGBC8,AGT-6250,27.0,No,50.0
f88443e2-32ff-4c72-a853-705b2b365625,2024-04-25,,False,1721.13,Cash,ZWTSGB2J,AGT-5307,29.0,Yes,
16abd3dd-ced5-4577-a894-44e4c6252be8,2023-10-14,Pending,False,899.85,NEFT,VZSEGBOR,AGT-3654,37.0,No,
580d977d-5989-4d39-9d9a-6914395c0764,2024-08-18,Late,False,185.31,NEFT,AGFPGBCZ,AGT-1796,21.0,,30.0
a0b2de28-0011-47eb-927a-3e8c127219ac,,Paid,False,100.48,NEFT,YMCTGBZC,AGT-9249,56.0,Yes,35.0
54a505d4-1714-4078-b82e-18b9307692f6,2025-05-07,Paid,False,1442.23,Cash,LUIEGBDD,AGT-9248,50.0,No,24.0
483ac104-436a-4b04-a55f-89c4ce83423b,2025-07-14,Late,False,1818.75,Cash,JSBHGBB9,AGT-8914,84.0,No,18.0
d06bb92e-a0d6-4b8a-8453-ef98274995cf,2024-11-08,Paid,False,1864.05,,GTIUGBIO,AGT-1563,,No,6.0
de48fc17-6a6b-4332-840f-426e031ab254,2024-11-01,,False,364.46,UPI,GRTWGBZE,AGT-3380,24.0,Yes,12.0
41921f11-fbff-4033-9183-288e88347287,2025-04-21,Paid,False,484.75,Credit Card,EGJUGB4S,AGT-4749,68.0,Yes,38.0
20182a0d-ecaf-4910-9ea3-f3b079a5b1d8,2024-09-29,Paid,False,520.44,Credit Card,DGQKGBBF,AGT-5706,89.0,Yes,57.0
e2a7c9f7-cfab-4be6-a7c1-7b4080b9ef53,2024-08-20,Missed,True,773.66,Credit Card,UPXJGBZZ,AGT-3878,21.0,No,31.0
bec8e52a-f904-4538-890e-0b541c4e27d7,2024-01-24,Pending,False,1475.07,NEFT,IEUQGB4R,AGT-4953,17.0,Yes,2.0
5cd95a44-2f81-408c-be55-46aedf2c1210,2023-11-21,Late,False,1725.55,UPI,CZLCGBXM,AGT-0303,54.0,No,25.0
32614a75-0933-4f46-bb77-2d42a3c3603b,2024-06-17,Pending,False,1679.88,UPI,OXEIGBE3,,72.0,No,5.0
9cbe60a1-9a53-4509-ba24-c1db00d8ac3a,2024-05-02,Missed,True,1982.16,Credit Card,IVGCGB5H,AGT-3841,7.0,Yes,
7763edea-f0b9-4956-a0de-2161a97e175e,,Paid,False,1156.69,Cash,VVPCGBNF,AGT-8877,50.0,Yes,59.0
ce522d9b-0a4a-4e2e-8bbd-d7a8530c02f3,2024-05-01,Missed,True,1851.65,NEFT,ZGGJGBCN,AGT-7005,34.0,,45.0
b1b48717-8a12-4f04-a279-97cee11328bb,2023-10-07,Paid,False,1132.56,Cash,GOYTGBNE,AGT-4727,6.0,No,32.0
bdb78a1c-b1d3-4240-9bb9-b7d4fa25edea,2023-11-06,Paid,False,625.65,UPI,ADBKGBJT,AGT-1376,41.0,Yes,30.0
9271b6e3-a096-4767-a517-bb48943ad74a,2023-12-01,,False,276.69,Credit Card,PXTZGBQ8,AGT-4588,9.0,No,51.0
c8a72c56-9df5-4b2e-9041-bfaeaaac3666,2023-10-20,Pending,False,813.64,NEFT,SBKWGB5H,AGT-1972,31.0,No,7.0
66928813-7b89-44ce-85c5-a03fe6f8b721,2024-05-16,Missed,True,982.41,Credit Card,GFMNGBEN,AGT-3050,41.0,Yes,3.0
63b61743-4d51-4596-82fc-bb70ffaf3d84,2023-12-06,Late,False,906.48,Cash,BZJKGBKL,,58.0,No,1.0
,2024-02-24,Paid,False,1626.52,UPI,WAWDGBSM,AGT-5035,27.0,Yes,4.0
94239a47-b2a8-4009-9d89-fde0679a1f4c,,Paid,False,981.7,Cash,AFBEGBSR,AGT-9588,56.0,Yes,12.0
4ddc50f4-d555-440d-a20d-1ed090e0f03b,2024-09-06,Paid,False,296.54,NEFT,PKUCGBYU,AGT-5776,81.0,No,41.0
9462f593-0d04-49e5-8987-fa91f80655b7,2024-02-21,Pending,False,823.2,Credit Card,ROHJGBQE,AGT-3792,28.0,No,27.0
e3c75178-5e44-4621-9ce2-af1ead03b769,2023-09-24,Pending,False,1357.5,Cash,HEETGBUV,AGT-5698,30.0,No,
c17e4f75-7f01-4e4b-936f-95247d7d4422,2025-04-24,Late,False,337.29,Credit Card,LXOJGB47,AGT-5983,44.0,Yes,21.0
df6847ce-fe2e-407f-85b7-fdead44ef704,,,False,1176.59,NEFT,GPNSGBB4,AGT-0013,6.0,Yes,22.0
f315cb30-95c8-4872-888a-b9915df8f2ee,2025-07-02,Missed,,1301.47,UPI,RCRUGBW0,AGT-0688,22.0,No,1.0
285b41c0-ea33-4331-8256-35b2b17fdb78,2025-03-19,Paid,False,418.37,Credit Card,BSULGB2Q,AGT-8792,30.0,No,48.0
db72458c-29b2-464a-85f3-86a6d6eab071,2025-07-03,Missed,True,1216.37,UPI,HNQGGBW4,AGT-0961,58.0,Yes,2.0
d7e6f861-328d-4a02-8689-e7053c12cb1f,2024-12-31,Pending,False,364.36,UPI,YWJNGBHT,AGT-0547,82.0,Yes,13.0
b4e7a002-8307-4393-bff8-ff327ee471fe,2024-03-03,Late,False,300.41,Credit Card,RJQFGBWK,AGT-4176,66.0,Yes,15.0
7aeb090e-6e2f-49eb-a019-09a23e119a72,2023-09-18,Pending,False,374.23,UPI,LUDVGBV5,AGT-1734,44.0,Yes,22.0
79451c27-6624-4938-9beb-56e106d48abc,2025-07-18,Pending,False,1995.39,NEFT,QDUMGBHP,AGT-3911,2.0,Yes,56.0
1e292bbe-6aa1-44c1-924b-d29ae6d15e81,2025-07-11,Late,False,,Credit Card,UOHLGBPH,AGT-5268,88.0,No,19.0
560c4c74-b8f9-4c8f-8075-4ed95955bef2,2025-04-13,Missed,True,,UPI,QNSMGB3D,,54.0,No,14.0
9ca6b913-be42-4201-a160-f87f428aac86,2024-11-07,Pending,False,1821.57,Cash,KWIXGB6L,AGT-7283,,Yes,10.0
fb1d86b9-a6fe-4720-a613-d25e4d27d3ea,2023-12-21,Late,False,179.68,UPI,QVMFGBC3,AGT-0526,30.0,Yes,30.0
0badb9cb-d741-4599-ac54-570492b16435,2025-07-07,Missed,True,430.92,NEFT,OTJWGB8E,AGT-3790,3.0,No,50.0
f1465fb0-ca8d-4957-acf3-d6853b9c9c58,,Missed,True,,Credit Card,ZUQAGBQS,AGT-0101,24.0,No,
85fd9c29-1d18-4751-ab2b-8815a628b432,2024-05-16,Late,False,1306.45,Credit Card,RBEZGBLK,AGT-4936,54.0,No,59.0
ac789aab-e086-41f0-a18c-d9445664bf0b,2024-04-02,Missed,True,1146.48,,FSBEGBMA,,83.0,Yes,56.0
ec32d16d-675d-42c2-8a8d-61cbd0ecd38d,2024-05-13,Pending,False,1283.4,NEFT,NPSOGBIP,AGT-3237,,No,46.0
165b92b3-54e0-44d2-830d-7eae65834f99,2024-05-02,Missed,True,793.82,NEFT,TKIGGBP9,AGT-8054,89.0,Yes,11.0
1936b8fc-cd25-471e-9a39-98d6d29fa7e4,,Missed,True,1881.85,NEFT,FPOCGB9V,AGT-5507,47.0,Yes,54.0
584740d1-c204-46d0-a047-23d2984c0c75,2024-12-10,Late,False,1174.46,UPI,LYJKGB1T,AGT-6361,4.0,,55.0
d2a7fd73-8f22-4e43-893c-83872cc60168,2024-04-18,Paid,False,1497.49,Credit Card,IZECGBGO,AGT-7989,64.0,No,4.0
4ab47b3e-b1c2-4bf4-88d1-32f1d7d813e6,2024-02-11,Pending,False,1336.42,UPI,PQGIGB7W,AGT-6996,11.0,No,10.0
fe211728-0a92-4213-a81e-55641de89310,2024-05-16,Pending,False,1205.6,NEFT,BDKKGB5U,AGT-0957,34.0,No,37.0
41982a17-2bcf-4cd3-9e58-b658cd217feb,2024-04-25,Late,False,985.13,,NDOFGBU5,,25.0,Yes,10.0
,2024-07-15,Late,False,502.15,Credit Card,CFRXGBB6,AGT-9964,71.0,No,2.0
ebd9a07f-c0db-400d-9202-302b61f86e6b,2024-10-13,Missed,True,302.28,Credit Card,URXZGBIZ,AGT-3273,84.0,Yes,16.0
c7b70c30-4729-4a50-9b08-e1f61980272b,2025-01-01,Pending,False,688.53,UPI,ZJEMGBYQ,AGT-6035,66.0,Yes,47.0
3e9eb4fd-0d31-4efd-a7e2-c8104856dee5,2025-02-20,Late,False,114.48,NEFT,BHNZGBRR,AGT-9570,50.0,Yes,6.0
ed950944-429d-479a-8d8d-1cc7d9e5f18e,2024-08-19,Missed,True,492.75,Cash,UJRGGBP2,AGT-5983,78.0,Yes,15.0
356b3eec-fc80-42df-af20-f0459cdbe372,2024-06-27,Missed,True,1013.01,Cash,KOXMGB7V,AGT-7909,86.0,No,38.0
fffdc8e2-919c-4f04-b40b-2ea3a8b70252,2024-04-15,Missed,True,867.67,UPI,EEGKGBHG,AGT-2007,30.0,No,10.0
2ef3688c-1532-4dbb-99e6-8b40ee0a1474,2025-05-10,Late,False,1191.67,Credit Card,NFJXGBZ6,AGT-6205,80.0,No,50.0
b0777dfa-998d-4240-aed7-3609737b8756,2025-02-23,Paid,False,835.31,Cash,UJUPGBFP,AGT-2709,31.0,No,45.0
58b585e4-8f61-40bf-acf4-4eebb3727f94,2024-09-06,,False,229.75,Cash,GOVSGBX9,AGT-2099,80.0,Yes,54.0
7be400a0-e172-4ac9-9a30-dafb7d15b5bf,2023-08-23,Late,False,1949.13,UPI,VCNZGBBL,AGT-8404,0.0,No,11.0
9692afd6-2fc3-4160-ae84-effd0a296485,2025-02-12,Missed,True,414.05,Credit Card,KQLFGB4L,AGT-6161,13.0,No,28.0
f5059d96-4713-4266-a9b7-d8d6a6377bfa,2025-04-01,Pending,False,183.09,NEFT,,AGT-1383,24.0,,17.0
30926d0e-3ef5-4ff2-a154-1ba4f3c9d1ce,2024-10-11,Paid,False,298.36,Credit Card,EKSDGBM4,AGT-6830,23.0,Yes,18.0
346a724c-782f-4bb3-bb25-2b8cc5534ae6,2024-05-09,Late,False,407.05,Credit Card,YLVLGBUV,AGT-6840,16.0,No,11.0
0cea0693-5fe4-4014-9520-d3ccd0141fd7,2024-07-05,Missed,,1568.0,UPI,HFTMGBX1,AGT-8490,23.0,Yes,40.0
8d74f67c-6c59-45de-ba8a-929214c28daa,2023-09-08,Pending,False,1310.52,NEFT,DDSOGBDH,AGT-0790,67.0,No,6.0
cac4109d-b67a-4278-828a-2aadc29af7b4,2024-01-18,Pending,False,281.74,Credit Card,EPMZGB50,AGT-1621,86.0,No,59.0
5d4e882e-a378-4531-a4ac-a3b550c72c7d,2025-05-15,Paid,False,800.6,Cash,HFLIGBWD,AGT-5226,86.0,,25.0
019c4853-5cf3-43e8-bae7-cae4766a5027,2025-01-03,Paid,False,1678.3,NEFT,CAMWGBTD,AGT-9075,27.0,No,15.0
e0814831-416d-4c19-9e01-08bedd3ff9bd,2025-06-16,Missed,True,759.43,Credit Card,RJACGBTZ,AGT-0803,52.0,No,44.0
bf094d36-6550-4ff0-bfa9-baf7e59b5e15,2025-02-21,Pending,False,1491.98,Credit Card,QSRQGBP4,AGT-6793,47.0,,24.0
b67df7ee-17dd-47b6-bba0-d0cb949c8791,2024-03-26,Missed,True,894.03,Credit Card,,AGT-6831,49.0,No,36.0
,2024-03-27,Pending,False,732.48,NEFT,IDQRGBSY,AGT-8377,86.0,No,49.0
529fefff-e1f0-41e5-9738-708eb4f0a1ae,2025-03-24,Missed,True,1848.31,Cash,HUVRGBYK,AGT-6470,32.0,Yes,5.0
5c7455c1-454b-4507-9f71-40f082e1e8a8,2024-12-03,Pending,False,1822.82,,CGMOGBZL,AGT-6780,1.0,Yes,45.0
0ffd371d-7212-4892-9e6e-1d0f7905026e,2025-02-17,Missed,True,794.7,Credit Card,MJGEGBHP,AGT-2234,0.0,,59.0
3ad66cfa-15e8-4a78-99e2-9df0c0fa86cc,2025-04-02,Paid,False,1483.07,NEFT,GAKDGB7M,AGT-8369,64.0,Yes,36.0
2a21bc0f-84b2-47ed-a4cb-2fa8fca9efd6,2024-02-21,Pending,False,1925.94,UPI,,AGT-5077,85.0,Yes,36.0
8f6cac23-77b2-4999-bfa9-b57483fa44c5,2025-02-19,Late,False,,Credit Card,GWODGBLV,AGT-5054,32.0,No,21.0
48c5d11d-061a-4640-a9ac-edb1ed722d53,2025-06-29,Late,False,1692.44,UPI,VYEPGB1U,AGT-9609,66.0,No,23.0
5fb45264-0bb3-4148-93e6-63497893dc72,2024-11-28,Paid,False,1717.13,Credit Card,ZFDNGBHA,AGT-6730,42.0,Yes,24.0
463b27f4-388b-428d-ba43-bebdf85d6ac4,2023-11-21,Missed,,,Credit Card,BNSSGBJ4,AGT-9718,71.0,,23.0
d4901e45-8d9a-4084-953a-b8e68ffc9b04,2024-07-29,,False,1158.83,UPI,CLEBGB1F,AGT-3694,33.0,Yes,36.0
ca5bee7a-228c-42fd-967a-c86b494e49a1,2025-05-18,Late,False,498.76,UPI,SDWTGB3G,AGT-2933,54.0,No,40.0
9e2917a2-7e51-4f06-a92d-6d301de22d75,2025-05-15,Pending,False,1709.31,NEFT,HYSAGBIE,AGT-9330,74.0,Yes,38.0
44e71155-e9ca-4522-a912-b6373ee234d8,2024-12-09,Late,False,428.79,Credit Card,SSOIGBZ1,AGT-9641,79.0,No,17.0
30d28af3-7268-45ea-9dd3-ae996993d0df,2024-05-10,Paid,,1622.74,UPI,PAQQGBPA,AGT-1767,,No,51.0
84ebba04-2ef0-4e90-86c7-e69fffaba60f,2024-11-25,Missed,True,1026.78,Cash,CTLZGB4L,AGT-5147,84.0,No,3.0
10f3b1ff-7f2b-470f-81ac-e218e21fa15a,2025-04-02,Paid,False,1023.73,Credit Card,IOPYGBV5,AGT-1899,87.0,No,
5e95113e-6d31-46b9-9746-4a9234e13ddb,2023-11-26,Pending,False,452.61,NEFT,UUWWGBFD,AGT-8948,36.0,No,
bb5239e0-ba3b-4702-a577-2af736347e6e,2024-10-14,Late,False,1264.38,UPI,HNVYGBTT,AGT-6797,76.0,Yes,50.0
7fed9a60-ea17-44af-bebc-503facd4ad88,2025-05-19,Paid,False,1225.37,Cash,RJAOGBK9,AGT-7752,64.0,No,51.0
9b12a27e-3940-4f9a-b544-c9739c14e2ee,2024-09-18,Paid,False,384.96,Cash,PCEEGBUI,AGT-3177,72.0,Yes,58.0
2ea62384-19e3-4525-a2dc-263368d8fdb5,2023-10-24,Paid,False,1653.92,Credit Card,NCPRGBXK,AGT-4127,78.0,No,44.0
04fc0554-4485-498f-a5a2-999ba92860c9,2024-05-21,Late,False,1528.03,Credit Card,OWPEGBEU,AGT-3275,82.0,No,4.0
56d8ba26-1193-4a1c-ab10-95384c091b1d,2024-04-27,Paid,False,1334.47,UPI,GSNYGB9D,AGT-8273,29.0,No,45.0
,,Pending,False,723.6,NEFT,,AGT-3722,22.0,Yes,46.0
dd1e24ca-8586-4211-879f-76e0e9e06af6,2024-09-01,Missed,True,960.72,NEFT,UMGMGBP5,AGT-0959,40.0,Yes,44.0
f41e265e-e6b9-471d-bccc-a79731ed2aba,2023-08-09,Pending,False,558.4,NEFT,MIMWGBD8,,89.0,No,39.0
,2024-06-23,Paid,False,1347.52,Credit Card,IULRGBG0,AGT-5531,14.0,No,54.0
ca9dc06e-3a3c-4246-854f-6e216dd06e07,2024-08-03,Missed,True,1076.53,UPI,KRTLGBA5,AGT-5769,30.0,Yes,32.0
6d84f535-f681-43fd-8afb-98864d2c074e,2025-06-24,Pending,False,,Cash,SIPEGBAH,AGT-6907,23.0,No,16.0
528f9309-1d63-499c-9c8d-9805ca05cf20,2023-09-29,Missed,True,844.46,NEFT,DOYXGBYN,AGT-2819,67.0,No,50.0
2f7b640a-2d0a-44a0-ac40-d874c3260933,2024-07-28,Late,False,1741.98,NEFT,URDXGBMV,AGT-2909,54.0,No,25.0
98500da0-942f-457a-a4c3-67216bbbcede,2025-04-14,Paid,False,1959.89,NEFT,GSMHGBHP,AGT-1798,79.0,Yes,54.0
e32408eb-8070-4a42-934e-b23dfaeb95ac,2024-08-31,Late,False,573.18,Cash,QTKJGB3W,AGT-7883,38.0,No,40.0
f08d33da-644d-4ede-a3d1-372615f24ac5,2025-06-04,Missed,True,712.97,Cash,BHVIGBSR,AGT-6104,81.0,No,
70105ca1-49f0-47e4-8951-8b85f9cc0880,2023-10-07,Missed,True,209.85,Cash,IKLAGBJ8,AGT-3881,62.0,Yes,58.0
ebfd4205-7bc3-4a37-863f-357619ebdcf3,2024-07-17,Late,False,717.08,UPI,WPMPGBTD,AGT-7134,84.0,Yes,8.0
760d281a-9c1e-47d1-bb89-e70e03002f0f,2024-05-14,Late,False,864.58,Cash,VVOLGB3B,AGT-0421,24.0,Yes,1.0
6110a17b-e02a-478e-b6b4-dd7837c727dd,2025-03-31,Paid,False,1301.27,Credit Card,ZIVNGBTV,AGT-4088,6.0,No,26.0
,2023-10-28,Pending,False,206.0,UPI,DTRSGBY8,AGT-2715,33.0,No,16.0
53775465-3cf7-4c70-8882-0efa9d1caa2b,2025-01-15,Paid,False,1751.82,Cash,VNZHGBMI,AGT-5840,46.0,Yes,36.0
1f36c377-85ac-4e99-a04e-c797849affc0,2023-08-12,Late,False,701.8,NEFT,WIQTGBWG,AGT-2727,42.0,Yes,45.0
22ff8a4c-b8e6-441e-ba60-a5c538328d31,2023-09-02,Late,False,305.13,NEFT,TUKTGBFU,AGT-1146,17.0,Yes,35.0
76ddb6ae-2eb1-4a73-9aee-678466d52982,2024-12-05,Missed,True,1119.72,Cash,DOFDGBKN,AGT-4166,16.0,No,52.0
8c0cc165-31c1-46c5-ba62-72886c660830,2024-10-14,Paid,False,1147.09,NEFT,UUKVGBG3,AGT-8084,49.0,Yes,10.0
ccc15d20-6946-4966-9ec8-e91dab51a538,2024-05-02,Paid,False,278.98,Credit Card,EDTDGB8Z,AGT-5797,,No,6.0
af0752a1-3605-4e3f-b8c0-7e1086b7ae40,2025-04-24,Pending,False,,UPI,KBIGGB25,AGT-4993,78.0,Yes,35.0
97c884ff-add7-4a11-bbe4-4d0d21c32643,2025-03-08,Missed,True,341.77,UPI,FHYOGB8P,AGT-1342,12.0,No,35.0
593455b4-1ccd-4968-9180-274520f12c8f,2024-06-05,Pending,False,982.21,Cash,UROUGB0Z,AGT-3699,54.0,No,
18c043c5-8d57-4ba5-9971-7490ad2b6f8d,2023-11-03,Paid,False,1086.65,Credit Card,KFEFGBZT,AGT-6626,55.0,Yes,4.0
53415bf7-7f13-480c-ba67-61dddf3512e9,2025-03-26,Late,False,1710.24,Cash,IRMUGBAV,AGT-1681,6.0,Yes,52.0
42795dae-8315-47ae-afe6-7f2d4d43d78c,2024-07-27,Pending,False,1770.29,UPI,KRUUGBNR,AGT-7228,60.0,Yes,17.0
5fddc56d-65cd-4f9a-85aa-8a3814aad695,2024-05-18,Late,False,1038.71,NEFT,EDUNGB2Y,,0.0,Yes,
06f9852d-9f7e-4de3-9197-9061c484e435,2025-05-16,Missed,True,1993.15,Credit Card,TOTRGB7T,AGT-3397,66.0,No,12.0
43bf4b12-b6a2-4098-a695-fc89bbdc485d,2025-06-18,Late,False,1824.55,Cash,HQJOGB58,AGT-8231,58.0,Yes,32.0
eab615c2-8e8d-49c5-ba2f-b313b5ecaa23,2025-06-25,Late,False,442.15,Credit Card,ORTRGBHH,AGT-9976,11.0,No,35.0
05750e6c-f091-463e-9f2c-1b875148029f,2025-06-27,Missed,True,1274.65,UPI,TQUJGB43,AGT-3565,67.0,Yes,3.0
f02b9140-4f4c-4412-b5e0-d0ae3deb4b26,2023-08-31,Late,False,1977.89,NEFT,IZVBGBPD,AGT-1130,60.0,No,55.0
7a8f8770-1d12-4b25-a822-d3a67de7f5e5,2023-08-27,Pending,False,1638.03,Cash,NCHHGBXK,AGT-5217,21.0,No,32.0
83b802d6-d925-4ae7-98fa-e50adb953195,2023-12-18,Pending,False,1518.67,Credit Card,JVBQGBEJ,AGT-1008,25.0,Yes,18.0
0c9e8abb-fbab-4152-b147-e0b1c4d378fe,2025-01-20,Paid,False,375.11,Cash,TLMOGBHQ,AGT-7409,16.0,No,14.0
5ee134da-898d-466e-87b0-336b0a2b67b3,2023-07-29,Pending,False,373.95,UPI,ZIJZGB46,AGT-4122,58.0,No,39.0
b21744e9-52c3-4dff-a7bd-730a31b728ba,2024-08-09,Paid,False,720.32,Credit Card,FMWOGBL5,AGT-2686,,No,1.0
be8d4e44-fd75-4949-a40c-f2eb0485dfde,2023-09-28,Paid,False,747.68,Cash,DDSMGB47,AGT-8880,77.0,No,35.0
f5bf642b-cd8f-48c9-8a2a-66f28046e2be,2025-03-31,Pending,False,141.4,Credit Card,ZOYKGBLZ,AGT-7726,17.0,No,30.0
c37b38d5-050b-4f16-be2b-1a305d18b5af,2025-02-14,Paid,False,440.41,UPI,KMKUGB10,AGT-2372,33.0,No,29.0
07385c1e-413b-498c-a364-b487ea16fc25,2023-09-09,Missed,True,1199.88,Credit Card,ZXLTGBO9,AGT-0876,71.0,Yes,44.0
c4e39882-1a3c-432c-8e10-50c0af75911e,2024-02-20,Late,False,616.47,Credit Card,USJRGB0K,AGT-9181,8.0,Yes,8.0
4f5df1da-80f5-456f-8538-c49c4ae2b5a7,2023-08-18,Paid,False,1814.75,Credit Card,ZUKFGBW5,AGT-4268,42.0,No,31.0
f77ca64b-d4d0-464e-864e-25c6ae8411a8,2024-12-27,Paid,False,,NEFT,UVMEGB3L,AGT-2956,5.0,No,25.0
f6d2a288-2925-4d59-91cf-032315c10ec7,2024-08-18,Pending,False,1771.06,NEFT,KVJNGBMW,AGT-0443,10.0,No,
edbe38ee-757c-408e-89c2-199361ad6b45,2023-09-05,Missed,True,1388.94,UPI,ISZGGBNU,AGT-0851,56.0,Yes,23.0
9884c009-59e2-4589-bafb-3f68da91ac88,2023-08-31,Pending,False,1035.0,Cash,VJYFGBU0,AGT-6398,46.0,No,58.0
cef53d1e-0281-43c4-8740-1abdfb70efc4,2024-09-12,Late,False,1465.89,,CSNOGBYJ,AGT-9676,78.0,Yes,42.0
d37c2145-3aa1-4be9-adc5-a7948d6a87c4,2024-06-08,Pending,False,842.88,Cash,,AGT-2928,36.0,No,27.0
4713dc5a-f67d-495b-8a82-dd7c22882f71,2024-01-02,Pending,False,1864.38,Cash,BHGXGBXY,AGT-8711,78.0,No,44.0
180c3e58-7d7d-4178-b4fd-7a5f2ae95800,2024-08-09,Missed,True,785.65,Credit Card,FMILGBG3,AGT-0755,60.0,No,11.0
0e30a116-407e-433d-bfea-ba58346bab42,2024-11-22,Late,False,1716.77,NEFT,NWWGGB2S,AGT-7705,62.0,Yes,43.0
28d26463-5bc9-4f6f-9223-ee69eb6688e3,2023-11-13,Pending,False,1139.38,Cash,PWWLGB2S,AGT-3545,17.0,Yes,29.0
e0fa6443-4b96-448b-a31e-adc1a0a3e7b5,2024-03-13,Late,,474.92,Cash,PTTHGBSV,AGT-5933,4.0,No,44.0
8d49b523-aadf-4110-b5fb-3892212f3e49,2023-11-06,Late,False,1743.99,,NPHBGBZG,AGT-7276,43.0,No,17.0
47580190-c427-48cf-a5c3-bcf406029b1f,2024-09-15,Missed,True,496.42,UPI,OLIRGB2W,AGT-3324,62.0,No,8.0
7ed90577-350e-4c6e-a12c-42dcfde5a63e,2023-12-30,Pending,False,990.26,,HECEGBC1,AGT-6383,29.0,No,
0c80753d-4c8d-42a6-b2bd-58bebc27abe3,2024-09-30,Missed,True,1159.25,UPI,YWIXGB0A,AGT-6917,12.0,No,32.0
d580c254-6ef5-4a12-87ca-b934744e3d08,2023-08-14,Pending,False,1901.94,UPI,FZMEGBY7,AGT-2591,28.0,Yes,48.0
b32cb567-95f8-4c8e-aaea-c3d8b20b9629,2023-12-07,,False,1113.27,NEFT,PVYHGBM4,AGT-6525,18.0,Yes,46.0
ae842b06-da1d-44ff-9df4-a9977249df24,2023-12-08,Missed,True,,Credit Card,UPTTGB11,AGT-0844,57.0,No,16.0
65fc524a-cdf8-4634-ad03-fbe78f36c057,2023-09-05,Missed,True,1721.85,UPI,DKCMGBG8,,88.0,No,34.0
bb99d26f-f3c4-4ab2-839e-e02b3c2a6506,2023-12-27,Late,False,1127.53,Credit Card,CRLYGBC2,AGT-7009,52.0,Yes,16.0
b7332d51-067a-48cc-b88d-d9fece3dc95f,2024-11-17,Pending,False,1686.59,Credit Card,XYTQGBHG,AGT-8498,,No,7.0
025f39af-f3aa-49aa-aeac-6db465f09658,,Pending,False,1684.49,Cash,PHXGGBTS,AGT-2747,55.0,No,28.0
d92a4bd1-c846-4c1c-8ae3-1df25be07328,2024-08-24,Late,False,1587.61,Credit Card,NSMPGBL6,AGT-0423,34.0,Yes,41.0
18880ae1-6994-4a8d-8483-1747b91429dc,2025-03-24,Paid,False,601.77,Credit Card,MRGVGBVR,AGT-3759,82.0,No,24.0
28d87624-db5a-4e59-80fb-9af8e28ea708,2025-04-12,Missed,,1717.74,Cash,TNZNGBLL,AGT-8017,11.0,Yes,17.0
a4518eea-4c7c-479f-be0e-41041d57075e,2025-03-18,Pending,False,1432.91,UPI,,AGT-9836,38.0,No,15.0
78ac7d50-0bb8-42b4-b792-40527acb5c69,2024-02-10,Late,False,136.26,UPI,BOAVGBVI,,49.0,Yes,5.0
2ea04d82-882a-441b-a7ce-cc38acdeada9,2024-12-04,Pending,False,626.65,Cash,JINIGBTF,AGT-8266,83.0,No,32.0
b8269bb8-24ff-419e-9b0d-428ffcf14a06,2025-03-22,Missed,True,1387.55,Cash,ZQSFGBNP,AGT-2141,60.0,No,16.0
2718fce7-07e7-4367-80b2-84322c1c93f7,2024-06-29,Paid,False,1448.59,Credit Card,KYPFGBJU,AGT-6907,,Yes,31.0
1dd97803-0c51-4e60-abdf-c0db053408da,2024-12-02,Missed,True,1602.56,UPI,NODOGB2Z,AGT-4988,14.0,Yes,30.0
b5f72ada-8ce5-454e-99cd-0291750fc47b,2024-10-26,Paid,False,499.41,Credit Card,SPATGB4Q,AGT-9172,83.0,,22.0
,2025-05-02,Pending,False,810.43,Credit Card,AWMRGB1Z,AGT-0091,16.0,No,31.0
f5a64430-cdfb-4deb-9149-17e1e7065728,2024-08-15,Pending,False,1172.04,NEFT,POJVGB7H,AGT-8855,23.0,No,22.0
54f1dfd3-c2d2-4cc6-96a8-f4474956dd1d,2024-07-01,Missed,True,1466.3,NEFT,NCGKGB5E,AGT-3743,,Yes,27.0
92e51c55-9e9c-429e-8458-7d881a502b2c,2024-03-13,Missed,True,469.8,Credit Card,ZUBTGB5A,AGT-8032,22.0,Yes,45.0
4f3337cb-457f-41a7-ad0a-9c75c3567333,2024-09-14,Pending,,242.03,NEFT,AKRYGBT0,AGT-6522,82.0,Yes,5.0
b7fb5a0c-28b9-4753-b249-20af79c8ab68,2023-12-14,Pending,False,199.06,,ENIDGBOS,AGT-5532,63.0,No,42.0
551dbe0b-7652-4922-b301-06732cc6e2b4,2024-11-13,Missed,True,1182.85,Credit Card,WTPPGB1L,AGT-0445,65.0,Yes,12.0
e322a47c-fae0-4307-9ebd-a898b7e7d00c,2024-12-08,Missed,True,1169.95,UPI,YVZCGB5V,AGT-8819,3.0,Yes,9.0
3a189e91-61d0-46eb-be1a-9302e55e8f15,2025-06-11,Pending,False,1926.34,Credit Card,KKVFGBA4,AGT-1770,61.0,No,55.0
5b24683c-83e8-4632-adee-95ef22c28a76,2024-06-18,Missed,True,173.88,Credit Card,,AGT-8375,78.0,No,25.0
1f846c4d-1fb9-47b0-8945-1dec71cb9cb3,2025-01-15,Paid,False,1359.61,Cash,QQOMGBSM,,54.0,No,10.0
0c281e76-8f33-422a-8538-000460fd4099,2025-04-21,Paid,False,161.02,Cash,LFJCGB4T,AGT-1005,69.0,No,2.0
0da7ebb1-b173-4cd3-b656-ca3999cec9c2,2023-09-10,Paid,False,324.28,UPI,ILNUGBBA,AGT-6019,62.0,Yes,23.0
9baa36e7-726c-4a8e-bd2e-ac13afc48628,2024-12-12,Missed,True,563.06,Cash,ABQKGB3M,AGT-7088,12.0,No,45.0
4ee10eb8-993c-493a-b1dd-ea8270b1a2f3,2024-12-04,Late,False,676.84,UPI,OFLRGB6Z,AGT-8541,13.0,No,29.0
82875886-6546-4d88-b664-13410932c0df,2023-09-12,,False,1423.03,Credit Card,YIFPGBI4,AGT-3438,,Yes,38.0
d0c37197-ac74-4aa5-ab0f-2727178e2f89,2025-03-07,Pending,False,155.17,UPI,OPKEGBML,AGT-4522,19.0,,14.0
8fa8894f-38ad-495e-9acc-efeed68213a1,,Paid,False,621.52,UPI,SHDTGBOG,AGT-2244,47.0,,
019b0a26-a66a-4a06-a657-3ebd110101f3,2024-09-09,Pending,False,1285.58,Cash,APXGGBSH,AGT-3106,68.0,Yes,14.0
eebc416c-9c49-4fd8-b0e7-7127fd805c5e,2024-01-29,Late,False,1640.7,NEFT,DTPCGBL1,AGT-3931,88.0,Yes,49.0
46766821-6221-4835-9ef0-de124b00ea25,2023-12-23,Paid,False,637.16,Cash,SSSGGBK4,AGT-7435,22.0,No,54.0
a10ba460-c2e8-48fa-af8c-7539cd4798a7,,,False,1307.33,Credit Card,MOGEGBVU,AGT-4898,60.0,No,10.0
11aba2d9-f741-4317-8b41-440455b2cccf,2024-11-27,Late,False,612.83,NEFT,RLCEGB6A,AGT-0929,9.0,Yes,41.0
c3be4651-4ae2-4221-9b69-0949c1454ac8,2025-03-30,Missed,True,331.27,NEFT,CZBHGB09,AGT-8801,88.0,Yes,14.0
,,Paid,False,1425.41,Credit Card,HCJRGB60,AGT-1085,29.0,,30.0
c9fdcf2a-44aa-445f-b177-d78721cb2973,2023-08-25,Pending,False,1244.9,Credit Card,CGWXGBJG,AGT-0286,46.0,No,38.0
,2024-09-03,Paid,False,1872.01,Cash,DLDDGBU2,AGT-1699,16.0,No,48.0
09b7cad2-40e0-4193-9ba9-9c67ba7bb36a,2024-08-09,Missed,True,1087.18,UPI,ZORIGBRL,AGT-2867,35.0,Yes,30.0
ec0ed2e1-304d-4cdb-822b-92a68fdac651,2025-07-15,Paid,False,,NEFT,XDUNGBYV,AGT-8109,20.0,,48.0
22d6d1b0-24c8-44f3-9ca9-f010498e2ce8,,Missed,True,894.28,UPI,KSKNGB60,AGT-3608,76.0,No,59.0
1e3177c8-3445-4b93-8a51-6ae2866d553f,2025-04-05,Pending,False,1001.28,NEFT,HEBCGBPL,AGT-4078,56.0,Yes,52.0
e7453b1b-3016-4722-9f89-1148092e4264,2024-11-27,Pending,False,1427.01,UPI,MLRUGBEW,AGT-7564,6.0,No,32.0
589dbfa6-0273-4149-9cae-c16d20fb0e6c,2024-08-29,Pending,False,214.29,Credit Card,PCZUGBAI,AGT-1294,25.0,No,40.0
360d5874-ebba-400d-b41e-b5389cda91a0,2024-08-18,Paid,False,1918.53,UPI,RBEPGBMH,AGT-3316,31.0,No,24.0
5944d90a-86c1-409c-9917-59ae34c299af,2023-09-02,Pending,False,1303.9,NEFT,YZSOGBBZ,AGT-3938,2.0,Yes,46.0
7b4c64e8-ec89-4d0b-aff8-db452daceaf7,2023-12-01,Paid,False,1921.65,Credit Card,UCNYGBLY,AGT-9143,30.0,No,8.0
f10041c8-4383-4f1a-a624-4f73a1a606c2,2023-10-12,Paid,,811.75,NEFT,MJXKGBHJ,AGT-9704,58.0,Yes,54.0
33b14548-60d6-459e-a289-30860be155c7,2024-09-05,Paid,False,726.83,Cash,LOWDGBIO,AGT-6029,,No,
2983800e-4061-4da1-9457-1a931066d99d,2025-05-11,Late,False,334.71,NEFT,PNXDGBC2,AGT-9060,70.0,No,3.0
b17f0858-208f-46e6-9ff2-f957fcf64abb,2023-08-02,Late,False,1481.5,UPI,EVYSGBK6,AGT-3057,70.0,Yes,
cd7c1e6e-22a7-4d64-b377-945cc2427d30,2025-05-28,Pending,False,748.3,Credit Card,LDZFGBGU,AGT-4507,20.0,No,
517f789e-9a38-459f-9530-278336c8c36b,2023-09-22,Paid,False,,NEFT,BFOFGBM2,AGT-7058,43.0,No,39.0
da633132-7686-4289-8786-2e59ec6911db,2024-08-01,Pending,False,1719.88,NEFT,DMRLGBYD,AGT-1642,29.0,Yes,3.0
a2885b49-b75e-46f7-826f-e3e18dd05ee3,,Missed,,770.19,UPI,EKYAGBZE,AGT-3488,50.0,No,38.0
b24a928f-4b59-442e-a2a0-543250392829,2024-02-06,Paid,False,326.31,UPI,BTAWGBPB,AGT-5511,25.0,Yes,45.0
89fce819-12a4-4c08-a7f0-aa6b7d48d788,2024-10-30,Paid,False,934.08,NEFT,AGGBGBBQ,AGT-0257,10.0,Yes,6.0
6862ec6f-2737-493e-b010-618131e98d99,2025-07-13,Late,False,,UPI,NASEGBNB,AGT-9346,62.0,No,50.0
20a3a490-da3e-4f36-811d-edf80f83eded,2024-05-28,Missed,True,,Cash,SNYCGBBI,AGT-9335,0.0,No,22.0
,2023-12-02,Missed,True,367.35,Cash,KFGRGB1K,AGT-8465,60.0,Yes,19.0
5ec4d6ed-cdc8-4297-825a-2847ada29d07,2024-07-05,Late,,396.3,Credit Card,URHKGB6O,AGT-0237,45.0,Yes,35.0
13f25c8b-48ac-4dfc-b702-2b7530ced004,2024-12-27,Missed,True,,Cash,,AGT-3273,35.0,No,3.0
f0a499f6-2130-47b5-8e6e-2f2fa98b390b,2024-11-30,Late,False,584.33,UPI,MMKPGB29,AGT-3959,28.0,No,46.0
f06189e5-af6e-478a-bb0c-7c9e8e5a8bc2,2023-07-21,,False,1142.19,NEFT,WBWKGBWR,AGT-4895,49.0,No,27.0
4aab4999-cdeb-4b48-9132-9f82320a9308,2023-08-24,Late,False,1633.37,Cash,KHIMGBJX,AGT-9769,37.0,Yes,43.0
ab5c7b5f-2e15-41bc-8a5b-02f74d2ef31b,2024-07-13,Pending,False,1285.23,Cash,HXXJGBPU,AGT-8803,35.0,No,31.0
073b6c55-d6e8-479d-9972-863f3f45ee12,2023-10-05,Pending,False,1324.2,Credit Card,YGUGGBC5,AGT-3294,6.0,Yes,28.0
faa83abb-fb92-47a4-8c55-8ae4bd6ba6d0,2024-05-18,Pending,False,379.82,NEFT,CYPXGB4L,AGT-5525,17.0,Yes,38.0
552466b7-759b-4c98-afb0-578f8db27efc,2024-10-29,Missed,True,1464.0,NEFT,KHFNGBIQ,AGT-4066,88.0,Yes,37.0
fbc754e4-12fe-4b9b-83bb-25d841541daf,2024-02-06,,True,1839.52,Cash,HJHEGBWE,AGT-4897,25.0,Yes,59.0
23e16cb4-7557-4836-81cd-19a95e6e5885,2024-10-22,Paid,False,,Credit Card,KQWNGB5V,AGT-7829,33.0,No,53.0
dd6076d5-acec-438b-87eb-77d020609e40,2024-05-30,Paid,False,,UPI,XHWYGBZ7,AGT-0989,42.0,Yes,4.0
d03b271f-c2d6-4929-b606-5ecdefe356f0,2024-05-10,Missed,True,1396.12,UPI,,AGT-5278,52.0,No,56.0
547f1dc5-082a-4b40-86ad-54bbb182bf2b,2025-07-07,Late,False,1643.82,,TWSEGBQA,AGT-3501,76.0,No,17.0
95520a6f-1c59-45b0-a7c8-ddcd1a08d4f4,2024-09-10,Missed,True,302.0,Credit Card,MIGAGBSF,,9.0,,22.0
d021ad3b-7a2c-4351-96da-40234eef880f,2025-06-15,Paid,False,,Cash,IHLKGBZ2,AGT-1815,62.0,Yes,40.0
08f4620d-a907-4fe2-9ca0-afe13d9f4781,2024-09-28,Paid,False,1355.57,NEFT,RLXCGBNX,AGT-1720,55.0,Yes,55.0
45bba9fd-736b-4a8c-9be8-387b5209fba2,2023-08-24,Paid,False,1326.64,UPI,,AGT-3815,34.0,No,
35273ecc-f3b5-4c90-9a50-af2b4820563e,2025-03-12,Late,False,158.45,UPI,LTZJGBZP,AGT-0252,,No,29.0
d6d21d53-ad23-4301-84b0-119d310ef5c6,2024-01-12,Pending,,808.8,,GBNQGBM3,AGT-0742,9.0,Yes,41.0
e77e9688-15f4-491a-a977-c811aa36e74f,2023-08-26,Missed,True,845.21,UPI,HHSBGBIZ,AGT-0131,41.0,No,16.0
60021acf-b835-4d1a-8753-f1e4026fbca4,2023-08-25,Missed,True,,UPI,NFJMGB0O,AGT-7585,73.0,Yes,37.0
c34be8ef-e2c9-4620-bdce-687a0929d468,2025-01-17,Late,False,1153.16,UPI,UQPSGB8A,AGT-8230,34.0,No,15.0
,2024-02-09,Missed,,1988.94,Credit Card,GQMDGBVU,AGT-6484,45.0,Yes,24.0
9e8a53aa-9230-408e-bc56-a922bed75d7d,2025-05-19,Paid,False,912.06,UPI,VYHVGBZV,AGT-1760,78.0,No,7.0
0a59edc7-4389-4b67-b312-95e3b89feed8,2025-05-20,Pending,False,130.05,Cash,IZGSGB47,AGT-0981,52.0,No,4.0
,2023-08-19,Pending,False,743.44,NEFT,AMSGGBC4,AGT-9278,42.0,Yes,52.0
5727d114-f22f-4e7e-b9dc-dbacef925758,2024-12-11,Late,False,641.29,UPI,ORHPGBC8,AGT-0671,3.0,Yes,11.0
f1d02695-5d6b-44c3-8aa8-abf3f9bf4be2,2025-01-05,Pending,False,145.88,Cash,KIFPGBRC,,52.0,Yes,23.0
4c681d94-e57d-4490-829c-b92d3e46d6b9,2023-08-24,Missed,True,1100.59,Cash,UPLXGBZP,AGT-2396,43.0,Yes,34.0
f72fde21-655d-446a-9d24-560a8706bb3d,2024-02-27,Paid,False,877.83,UPI,FTJQGBOS,AGT-7563,22.0,No,13.0
af6fd655-0951-431f-b23e-12a8b163f55f,2024-11-19,Missed,True,705.44,NEFT,CRIBGB4N,AGT-4549,5.0,Yes,43.0
70f1fec3-10f2-44be-9d15-7627096012d7,2023-11-14,Late,False,1452.81,NEFT,CWSYGBZW,AGT-9143,55.0,No,45.0
,2025-02-21,Late,False,106.05,Cash,CQUWGBCG,AGT-2080,73.0,Yes,23.0
4ddd4eb7-f17d-414f-872a-7182a50b341d,,Pending,False,1155.86,Credit Card,PUFAGBLX,AGT-3269,17.0,Yes,28.0
562f278f-b351-469e-b7f5-ba7cf47cb96b,2024-03-04,Late,False,1828.18,NEFT,XVTPGB5B,AGT-7497,17.0,Yes,49.0
cde8ca9b-ae7b-4534-b235-9ef5298482f8,2024-02-24,Missed,True,1380.51,UPI,YUGQGBMK,AGT-6940,29.0,No,19.0
8d61fa38-97a2-40f7-b4e2-082236863908,2023-08-14,Pending,False,288.21,Cash,RHPMGBTV,AGT-9901,77.0,No,52.0
412ce1f0-103a-49e9-b14f-e3ff8cd6e96e,2023-08-07,Paid,False,1225.65,NEFT,DCWSGBLM,AGT-0297,78.0,Yes,57.0
fe838730-8064-4ea4-8040-cb4609be6afe,2025-03-20,Late,False,128.05,Cash,PXEEGBNF,AGT-2941,43.0,Yes,51.0
19cd8f43-2c84-4f98-a249-06abe4aa80e6,2024-03-02,Late,,1536.81,,SDUXGB2N,AGT-0540,51.0,Yes,8.0
c5580659-81f3-46da-97a4-54f999972d01,2024-03-18,Paid,False,405.84,UPI,SILSGB52,AGT-1805,21.0,No,50.0
15ff66e9-35ef-42fe-8190-dce4e530a211,2024-05-12,Missed,True,1151.36,Cash,SSDAGBUH,AGT-6847,16.0,No,2.0
303d2cc4-9e65-4a7c-8488-f80c36e99f71,2024-11-26,Pending,False,807.04,UPI,MDUGGB64,,23.0,No,40.0
f6072c55-20a7-4b08-b3f1-5b21bccc0591,2025-06-03,Paid,False,1976.42,NEFT,KZHKGBGA,AGT-0064,,Yes,40.0
8ae4aba6-8d05-4730-a21b-baa4ac003b73,2024-07-08,Paid,False,1727.0,Credit Card,KPLNGBFB,AGT-7129,26.0,Yes,27.0
45031094-097c-4b37-89ee-566c918128a1,2024-10-04,Pending,False,563.6,UPI,SRDYGBBI,AGT-1621,55.0,No,23.0
4a9cec4e-03c6-490c-8b66-d58c52efae85,2023-07-23,Paid,False,1563.06,NEFT,IQUBGB6A,AGT-4270,26.0,No,10.0
,2024-03-26,Missed,True,453.79,Cash,EGZXGBV0,AGT-3755,64.0,No,17.0
8a53b4bb-6fc5-4052-a9a8-d6dce672f2c8,2023-12-30,Missed,True,1469.78,NEFT,WPGGGBVW,AGT-4611,26.0,No,
b102e50b-c59d-4b50-be71-0bacc0d036ed,2023-08-05,Missed,True,1153.27,UPI,WOSWGBJK,AGT-8725,72.0,No,27.0
f3e9969b-0eb4-4336-9e34-4018dd002c1b,2025-04-22,Pending,False,1674.05,UPI,LEFIGB40,,69.0,Yes,12.0
ed95471d-69a2-4822-b2ca-359390f230b7,2024-06-11,Pending,False,,Cash,ZOXDGBHS,AGT-4049,80.0,No,27.0
,2025-04-06,Missed,True,1716.85,Cash,NEKNGBHO,AGT-7081,46.0,No,41.0
caea999e-a38d-4090-a55a-9114f2eee3e8,2024-02-26,Paid,False,658.06,Credit Card,GPTDGB3T,AGT-9791,,Yes,59.0
19bf033e-b16c-4bcd-bf1e-faac4243f01e,2024-12-16,Pending,False,1900.02,NEFT,XQMIGBZL,AGT-7188,64.0,Yes,27.0
850c0977-7657-4208-a342-5e665155e627,2023-11-07,Late,False,1340.81,Credit Card,PXXDGB29,AGT-1230,42.0,,47.0
c0a47138-df00-4b13-9839-268f0f1e457d,2024-06-05,Paid,False,1526.97,Credit Card,,AGT-0156,9.0,Yes,9.0
862e48c7-140d-4f8a-92de-dfc3d6b536e6,2025-06-05,,False,1140.93,NEFT,LBXQGBRM,AGT-1260,18.0,No,30.0
73b7a1ca-9689-4826-8c54-14579e65717b,2024-06-24,Paid,False,612.15,NEFT,OWWTGBCH,AGT-8679,8.0,No,
2efe4e94-4fd1-435a-9b02-02bd31528f0b,2024-07-11,Paid,False,333.72,Credit Card,LPADGBGG,AGT-0865,37.0,No,40.0
5fa7bef9-731f-46bf-8f9d-315e38489801,2025-06-30,Paid,False,113.42,,MXBPGB5B,,41.0,No,33.0
796e509e-d871-48b9-ab87-c9a24c8337ef,2025-06-10,Missed,,671.34,Credit Card,TQTAGB80,AGT-9569,1.0,Yes,7.0
8c1d9491-4dcd-426c-b1b3-afcfd0255cf6,2024-05-27,Missed,True,1946.53,NEFT,RYTFGB14,AGT-6445,84.0,No,51.0
8dbe243e-3922-4e0f-9c43-4090d5c4f0d9,2025-03-16,Paid,False,1836.55,UPI,FFJBGB4H,,29.0,Yes,29.0
648d9755-a024-430a-ab09-46d0865a0500,2024-07-25,Pending,False,525.7,NEFT,SICCGBWH,AGT-0118,87.0,Yes,20.0
d86c9431-fbd6-47a2-ad42-5ace63f6c430,2025-06-01,Paid,False,774.46,NEFT,DCPGGB8N,AGT-5370,9.0,Yes,38.0
246d87ba-90e2-4fa5-a73e-6e559cb45385,2025-06-10,Missed,True,810.22,NEFT,OMXIGB5G,AGT-2374,87.0,Yes,29.0
d9d72893-6327-4e60-967a-1f33700fe031,2024-09-14,Paid,False,181.39,Cash,NFNPGB6A,AGT-9463,16.0,Yes,40.0
f50466c0-94ff-4927-8823-48b50577b755,2025-05-03,Paid,False,961.68,NEFT,CQTGGB37,AGT-8013,1.0,No,34.0
5e941151-0c08-4a51-97fe-5ea0bf9dfe40,2023-09-26,Paid,False,145.57,Cash,EEDFGB3D,AGT-1028,26.0,Yes,3.0
be3f9022-4e07-4fbb-84e4-49352bcec575,2025-02-06,,False,1968.87,UPI,MHBGGBYX,AGT-3074,45.0,,55.0
37672998-8071-4cdc-a5dd-248621767cef,2025-05-30,Missed,True,,UPI,PNWDGBS1,AGT-4131,11.0,No,48.0
a39ff1cd-f976-48e5-9273-eba631ccfcee,2025-04-17,Missed,True,1337.04,UPI,LSRHGBVG,AGT-9218,2.0,Yes,55.0
c7570305-2943-470f-9995-a3c1418517f8,2024-12-31,Pending,,1294.43,NEFT,HOQKGBRP,AGT-3361,73.0,No,43.0
bc0fcba7-ac7c-4709-b941-a7d18338dd8e,,Missed,True,,Credit Card,EVCEGBOW,AGT-6939,53.0,No,48.0
c4c40f41-d098-4faf-8c90-bc412c872926,2024-10-01,Paid,False,,NEFT,BHLHGBAM,AGT-8434,15.0,Yes,53.0
295ee360-9dbf-4756-921b-117f5a157404,2025-07-13,Late,False,967.46,,OJVGGBHS,AGT-1223,48.0,Yes,52.0
086c992c-8965-4d12-b814-27b51f347040,2023-12-20,Pending,False,1911.72,Credit Card,SHMTGBQO,AGT-7507,0.0,Yes,
cdeb3695-8832-41fd-9772-90dbcdbef4b8,2025-03-03,Paid,False,1207.25,UPI,HXMCGBEN,AGT-6806,32.0,No,34.0
40b86448-6cc4-46e7-8d7b-ad2d84f1dabd,2025-02-08,Pending,False,740.4,Credit Card,EUNRGBM2,AGT-5688,50.0,No,23.0
0235d404-d16e-4e16-af23-88e4fe3d6fb3,2024-08-19,Missed,True,1907.61,Credit Card,SFKSGB93,AGT-0337,15.0,No,6.0
b9d70814-9ac1-46b1-aa3c-f33cd6545691,2024-07-27,Paid,False,1969.92,Credit Card,UISNGBWT,AGT-3301,73.0,No,2.0
4027b970-b972-4a44-aefb-19bb3d60c789,2024-02-26,Missed,True,1672.24,Cash,PZMSGBN4,AGT-3967,33.0,Yes,40.0
20b4b793-be28-405a-be20-dcf2cbc4aaec,2023-12-22,Paid,False,1851.0,NEFT,YZQKGB62,AGT-5590,63.0,No,16.0
bde3991f-d268-461b-a6a9-5c1dde4f2fc5,2025-03-09,,,1747.49,UPI,USVPGB2Q,AGT-8936,19.0,Yes,36.0
f3c46bba-fcd8-4786-ae21-9351d815ec86,2023-11-13,Paid,False,761.89,Credit Card,ODVBGBOC,AGT-1983,68.0,No,34.0
f1abc973-384b-481f-8dde-24e07231644a,2024-11-05,Late,False,115.09,Cash,ADYVGBC5,AGT-8567,79.0,Yes,26.0
dda3eada-b56e-449c-8af1-3bb04d686bce,2024-05-17,Late,False,1499.43,Cash,WUWFGB5Z,AGT-8568,,No,29.0
ece581a4-2c46-422f-af92-2578a308b8a6,2025-03-12,Missed,True,218.19,,GZDVGBB7,AGT-2227,43.0,Yes,2.0
44e11d62-cff3-4bbf-9edb-944029db7f7c,2025-03-03,Late,False,1830.6,Cash,VATGGBNI,AGT-6563,80.0,Yes,33.0
,2024-12-23,Missed,True,492.18,,XFQYGB88,AGT-5338,62.0,No,31.0
10c19ea9-67e2-42e2-ba44-d055db0be0ed,2024-11-25,Late,False,591.46,,VDJOGBO7,AGT-5164,44.0,Yes,37.0
5d449bcf-5137-4ab0-8c5e-69d761699af9,2024-05-16,,True,1429.31,UPI,EDGRGB1G,AGT-5303,59.0,No,25.0
9d6d54a7-44f3-4ec3-ac27-8ce77e514d57,2024-05-30,Paid,False,650.31,UPI,VSKGGBXX,AGT-4612,70.0,No,7.0
3d3d63a9-2923-4cf1-9549-f39b6f3779eb,2025-07-13,Late,False,1816.61,Cash,LVDPGBM9,AGT-7627,3.0,Yes,55.0
c53a9d92-a04e-4e87-9fbd-501a4b67f8ab,2025-05-23,Paid,False,349.64,Cash,BERYGBGB,AGT-5573,34.0,No,44.0
ca49935f-6711-4825-8b22-3543d60c2e63,2024-05-25,Late,False,175.35,Credit Card,YTVOGB6T,AGT-0343,80.0,Yes,18.0
1658f457-c954-4738-927f-2088e04233cb,2024-10-14,Pending,False,,NEFT,USCLGBQT,AGT-7884,43.0,,16.0
5798d2ac-bf17-47fa-86bd-62740be27cc6,2024-07-06,,False,1060.44,Credit Card,YKAHGBBC,AGT-8623,8.0,No,4.0
1242ab0a-3441-4adc-8523-2402f2952abd,2025-07-15,Pending,False,290.67,Cash,CMMFGB6G,AGT-5860,,Yes,7.0
838f1f8e-d6e2-4540-90a1-3f3d5334f19a,2025-01-18,Paid,False,1771.07,Credit Card,BYMBGBQ0,AGT-8631,44.0,No,15.0
44f83634-8306-4a67-90bf-f89afde92c51,2024-08-08,Missed,True,1279.98,Cash,DKHAGB6X,AGT-3606,27.0,Yes,45.0
6b1e20cf-3942-4c10-841a-8d55905da6b6,2024-10-22,Missed,,210.64,Cash,DJOXGBC6,AGT-4933,57.0,No,16.0
c03aa92a-2067-40be-89c1-1791cbede486,2025-01-15,Paid,False,1263.1,UPI,,AGT-5254,20.0,Yes,34.0
4fdd86ac-3a1c-4b69-bac9-e936fe6a9ef0,2025-01-25,,False,853.6,Credit Card,XKUXGBE8,AGT-9409,24.0,Yes,22.0
9372240e-945e-45a1-b268-a0ee5ce62e03,2024-02-28,Paid,False,797.47,Credit Card,EHJZGBLM,AGT-5992,19.0,No,27.0
5a2d7d57-99fb-4770-b865-83c67de9b314,2025-04-16,Late,False,927.08,Credit Card,QXOHGB9R,AGT-3236,77.0,Yes,7.0
bff5233d-7579-4495-91a5-a4bec6d46c48,2024-04-29,Paid,False,531.89,Credit Card,IZSIGBVI,AGT-5517,40.0,Yes,50.0
05a2d013-59c8-4765-a613-b7fc7d83c51b,2024-04-16,Late,,1481.8,UPI,GQDIGB9Z,AGT-2272,76.0,No,36.0
cda00656-fbc2-4884-9f41-237990fc8f37,2024-01-30,Late,False,574.13,UPI,NPXHGBM1,AGT-4639,62.0,Yes,58.0
d059638a-d0af-4171-bf0a-f45a90731470,2025-02-02,Pending,False,1663.63,UPI,GGGCGBAV,AGT-9187,58.0,No,29.0
a1b7e626-3959-49bb-a8e0-e767f907cb96,2024-04-08,Late,False,392.6,Cash,YCAIGBSG,AGT-2591,53.0,Yes,
3c34cce1-f2e0-4ae5-9a2c-4cd0045e8c99,2024-08-31,Pending,False,835.77,Cash,URHJGBN7,AGT-5660,45.0,Yes,32.0
8f989127-34c0-4474-9b32-e2bacb535fda,2023-11-21,Missed,True,1180.86,UPI,WCZGGBYT,AGT-1936,34.0,No,10.0
716a7f65-3b79-4bc4-9e9a-d3f94663e297,2024-09-21,Pending,False,319.65,UPI,JNALGBB7,AGT-9801,,Yes,
bd513d9c-ba1a-4e58-b590-0d22b53cbebd,2023-09-19,Paid,False,118.19,Credit Card,SHAMGBJL,AGT-5455,3.0,No,30.0
10808eb0-10b1-46f7-9c80-480305f3d954,2023-12-07,Late,False,1582.02,NEFT,CPXPGBND,AGT-6494,22.0,No,14.0
7ee11a62-4ce6-481d-a891-edba75dae56f,2024-01-02,Missed,True,1371.56,Cash,ROEYGBBS,AGT-2032,49.0,No,24.0
c9ae4757-4787-4c26-a195-d412bc618a95,2025-02-05,Pending,False,963.42,UPI,ALAVGBZ5,AGT-5880,,Yes,42.0
da3d14a9-be20-4a44-be51-b6c73d9fa920,2023-10-20,Paid,False,477.61,Credit Card,BVWWGB4I,AGT-8059,49.0,No,57.0
77639e18-fb32-45a3-b2af-19db53cc9943,2024-05-15,Pending,False,245.69,NEFT,JEHAGBUY,AGT-6398,67.0,Yes,17.0
297324a4-2e52-4b6e-9666-f62af302cd11,2023-09-01,Pending,False,511.2,Cash,EPYOGBNQ,AGT-9212,65.0,Yes,24.0
1cd03c25-548f-4aa5-9424-ce285cba687b,2024-08-10,Late,False,1752.25,NEFT,PCNVGBCL,AGT-9514,63.0,Yes,29.0
8a602885-0c73-41bf-9eba-bfca300be6b2,2024-12-18,Late,False,199.28,,IIZLGBWJ,AGT-1568,89.0,No,43.0
d6c04e3f-0f49-4ed8-9c9a-c705306c1cc9,2023-07-27,Late,False,285.91,UPI,JHEAGB78,AGT-8534,81.0,Yes,48.0
ea7bc73e-99d0-4210-b99b-fc3bb2d257ba,2023-12-14,Missed,True,908.21,NEFT,CRWKGB6F,AGT-5248,88.0,Yes,40.0
ec0bdaae-5881-4ece-a9f7-e1f2cd123e47,2024-12-21,Pending,False,1646.22,Cash,QQTJGBEW,AGT-4811,44.0,No,26.0
f917bfb8-6a30-4172-be44-1bff111a5b74,2024-07-19,Missed,True,607.67,NEFT,HIKDGBYQ,AGT-0756,5.0,Yes,24.0
6e38a983-7b05-4725-8838-c6eee11b83b3,2023-09-29,Missed,True,1952.92,Cash,GQTAGBHL,AGT-1790,73.0,No,40.0
ecfbb1d4-806b-4046-bc39-c73774c9de9f,2024-05-20,Missed,True,1184.13,Cash,IYNRGBDG,AGT-0689,77.0,No,49.0
82e68d8c-43c3-423a-af65-689d83187dbe,2025-02-03,Paid,False,599.38,Credit Card,NJMDGBKH,AGT-6653,23.0,No,2.0
74df7bd6-e99a-4656-86d1-40c3bfc2b384,2025-02-03,Missed,True,1976.07,Credit Card,LVJOGBZG,AGT-2295,41.0,No,47.0
c1da1327-2f87-46bb-84a4-5993e44ad7c1,2024-07-11,Pending,False,1378.28,NEFT,UOUZGB9V,AGT-0416,85.0,Yes,17.0
57876b8f-5b70-4922-9ba1-b75ee59396ea,2024-04-11,Late,False,,NEFT,JWGOGB6R,AGT-9939,83.0,No,
d0faa173-1b9e-4173-bdd0-dc7300b54f1d,2023-08-11,Paid,False,1103.55,Cash,DMNGGBY5,AGT-4971,40.0,Yes,27.0
cb2a7b24-64e6-47b8-ac29-a2959f2ae0f5,2025-06-26,Pending,False,360.85,UPI,NELLGB43,AGT-7226,21.0,No,45.0
50ab6e4c-a9b0-4be9-853b-f6c3260544cc,2025-04-08,Pending,False,806.28,Cash,APWPGBPK,AGT-7467,5.0,No,
d9760e6b-6fff-484f-baad-c742af0a6225,2025-04-09,Late,False,992.88,Cash,,AGT-4541,52.0,No,35.0
a81097ff-5a9a-4033-961d-2046e5d59972,2025-01-27,Missed,True,966.86,NEFT,IKXDGB9B,AGT-9261,12.0,No,19.0
8536d12e-c94d-4add-bf36-8ed62861b517,2024-10-25,Paid,False,1859.12,NEFT,EUVPGB9A,AGT-3679,69.0,No,2.0
9b67b8ae-84b8-4fa3-a3b5-5cfa5adabcb5,2025-03-05,Pending,False,1971.07,Credit Card,JNIOGBRF,,75.0,No,8.0
f13cf9ed-3a31-4287-a417-32f3cf93986f,2023-11-28,Late,,458.68,Cash,RVMGGB5G,AGT-7444,89.0,No,
77ff24cd-cd84-4953-a214-384a424af6c2,2024-11-19,Late,False,1255.97,UPI,SFJQGBXB,AGT-6894,29.0,No,27.0
5c91438c-39cc-4ccd-82a5-b3ac40e1cd42,2025-06-08,Pending,False,1865.56,Cash,NHRIGB76,AGT-8868,2.0,Yes,40.0
08e54202-0c82-4cac-b5b8-aa85764b9d36,2023-10-30,Late,False,374.38,NEFT,ZKQQGB1J,AGT-4756,76.0,Yes,6.0
3ce18b01-216c-4056-9259-14dfa8012771,2023-11-03,Missed,True,1606.65,Credit Card,CORMGBR8,AGT-6823,70.0,Yes,38.0
287514fc-90c9-4f56-8e43-ef559b398080,2025-01-09,Paid,False,143.65,UPI,TQVNGBYI,AGT-7569,43.0,Yes,11.0
5592f388-b026-45f5-ab84-90d7b5694b6e,2023-07-30,Paid,False,1048.37,Credit Card,,AGT-1056,89.0,Yes,21.0
9f71b74c-e052-4459-9d5a-bd170426d0f8,2024-11-06,Paid,False,116.75,NEFT,XCEJGBAH,,2.0,,
fece1b34-6595-4df5-a7c9-0c51b374bd75,2025-06-16,Paid,False,716.84,NEFT,DMCEGB0L,AGT-6855,24.0,Yes,7.0
1c6efc2d-c92e-4ac8-8d84-45a538245693,2025-01-24,Paid,False,645.36,Cash,QUYPGBD5,AGT-6693,75.0,No,8.0
5649f4f3-74df-40d8-a4fe-92c8ebdc025a,2025-03-27,Late,False,859.14,Credit Card,HDLBGBIF,AGT-8785,31.0,Yes,50.0
f8c45266-65ab-4ccc-8e31-59adf91cf90e,2024-05-02,Missed,True,1696.87,,DTCTGB4A,AGT-8099,69.0,Yes,48.0
383975d6-ccbb-48b1-8022-1d7bcd8c7b5e,2024-08-26,Pending,False,1407.49,UPI,AYSLGB8F,,41.0,Yes,18.0
6916586b-29b1-4267-9bf4-889843747d2b,2025-01-04,Pending,False,,UPI,AXBPGBNV,AGT-9469,49.0,Yes,13.0
f983ded6-4e23-4415-a314-f446257f23ef,2024-01-10,Missed,True,1822.78,Credit Card,NCJOGBNQ,AGT-7407,21.0,No,2.0
d02785b8-e0d1-4d81-a28e-b580e3aa798a,2024-01-07,Paid,False,1890.09,Credit Card,,AGT-1112,18.0,No,7.0
e4135289-8fe1-4e1e-8dba-8d375cf1ce4f,2025-01-18,,False,1951.56,Cash,BPDSGBGU,AGT-3662,13.0,Yes,33.0
a695ead7-ff40-4dc3-9921-bad6ff3c346b,2024-02-18,Late,False,370.92,UPI,OVCNGBKR,AGT-9966,3.0,No,16.0
033696d1-b9c0-4966-9476-671384e21c93,2024-03-26,Pending,False,774.5,Credit Card,,AGT-5411,48.0,Yes,50.0
b2f9bf56-cd84-47c7-bebc-cc9cb08da1d2,2023-10-10,Late,False,701.65,UPI,ODSOGBK3,AGT-9615,21.0,Yes,50.0
fccd7a7f-b57a-4dbe-86bd-e8f3dcd8f28d,2024-08-21,Paid,False,1817.79,Cash,POIHGBZL,AGT-9799,71.0,No,31.0
0d65e76e-5419-422b-8c64-703d579a2010,2025-04-09,Late,False,1455.3,UPI,DSVZGB1A,AGT-3880,21.0,No,46.0
b4f066fa-ab4c-455a-96ac-4f42b0e58c45,2025-02-08,Missed,,313.49,NEFT,EKMAGB42,AGT-6545,53.0,Yes,5.0
f4f49bdd-b592-469e-9080-fbac0dd1cc86,2025-04-30,Late,False,1828.32,Cash,FUDSGBRV,AGT-0983,83.0,No,43.0
,2024-11-16,Missed,True,1140.96,NEFT,BXIFGB54,AGT-9147,44.0,No,29.0
e8236832-16b2-41f9-b15b-f472ef7bd048,2024-04-22,Pending,False,1058.38,UPI,JXWEGBFA,AGT-2847,81.0,Yes,47.0
a1ca2897-9a5c-4d99-8f13-5ab9bc2fcd5f,2024-10-20,Missed,True,1779.19,Cash,NUCPGBAM,AGT-9030,30.0,Yes,9.0
35edfac1-6f61-4a3f-8f4e-f7131d88163e,2024-03-02,Paid,False,221.57,Credit Card,QMNPGB55,AGT-7376,4.0,Yes,31.0
2bd0e35b-075d-4959-a6dd-e7fa905f79ec,2023-09-30,Paid,,738.47,UPI,JYLOGBYK,AGT-7420,69.0,Yes,41.0
83c29a2f-e8c6-41d4-89d1-18f232c04f96,2025-01-27,Paid,False,149.26,NEFT,VEWXGB0A,AGT-3390,26.0,Yes,3.0
e105d500-f590-4005-af1f-a9f82d48a8e9,2024-02-07,Late,False,1919.43,UPI,FZIHGBSP,AGT-2534,,Yes,8.0
d0b0e38f-39e3-4c8d-b5c5-44ba9dd0ffe8,2023-08-09,Missed,True,189.66,Credit Card,,AGT-1478,33.0,,51.0
748c1550-3bb5-4850-98aa-a50a8d84d9dd,2025-04-15,Paid,False,1277.05,Cash,CSJHGBTS,AGT-9760,69.0,Yes,17.0
2c9ea070-18ba-4546-881d-548787e6433c,2024-02-20,,False,986.94,Credit Card,CKGRGBS8,AGT-7059,53.0,No,42.0
0d2ca407-f576-4e21-bc66-704d4123dbd8,2024-03-09,Paid,False,481.63,Cash,LLIOGBJE,AGT-6917,4.0,No,16.0
381fc7bd-4c11-430b-acc4-e31e47b19647,2025-03-30,Missed,True,153.28,NEFT,JEUXGB1G,AGT-5626,71.0,Yes,57.0
5b0d90e6-21fe-4b7f-8615-23692d06b463,2024-05-24,Paid,False,951.44,Cash,LYXSGBVE,AGT-3925,19.0,No,8.0
2ea3130b-8d06-411e-bb3d-5cebefd9952f,2024-03-03,Pending,False,1049.02,Credit Card,HNDCGBH9,AGT-0806,76.0,No,8.0
28a5af38-864e-4603-9de1-678c77d412b1,2024-03-06,Late,False,343.84,NEFT,JPKGGB38,AGT-3400,46.0,No,36.0
418224f2-9f3d-44ea-bd0a-dd906414f926,2024-05-15,Pending,False,270.52,Cash,FDLXGB2I,AGT-6584,14.0,,44.0
b1588280-781c-4b4b-bae3-b156958f1c69,2024-04-27,Missed,True,1101.69,Cash,RXLWGBYQ,AGT-9447,,No,48.0
,2025-03-04,Pending,False,545.78,NEFT,CMCRGBW2,AGT-8516,81.0,No,11.0
8c4933c0-8ed1-4b46-9c7f-cf9f647daf6a,2024-03-08,Missed,True,1006.81,NEFT,AJYAGBYB,AGT-4466,38.0,Yes,42.0
1acf6263-5858-4475-a327-7e34d487a8a0,2023-11-16,Paid,False,916.89,UPI,ONIZGBXX,AGT-9878,56.0,Yes,9.0
15f40701-edb0-4a77-87df-9be5b0e0ff97,2024-11-02,Paid,False,1086.61,Cash,GFFDGB5V,AGT-2150,61.0,No,51.0
39f3193a-cd7f-411a-8411-4f5cefa31406,2024-12-20,Paid,False,1152.53,Credit Card,NHEWGBJF,AGT-1253,50.0,No,51.0
492a7a49-e193-4aeb-a1e6-b35e81946955,2023-12-23,,True,1166.03,NEFT,KYROGB3G,AGT-9015,84.0,No,52.0
420c4c09-f483-4b47-b52f-8017f9cc967a,2025-01-31,Missed,True,947.37,Cash,XITIGBP9,AGT-3386,26.0,Yes,20.0
5065880e-3453-42f3-8a34-9a63ac161f64,2023-08-28,Paid,,725.34,UPI,DVIMGBT0,AGT-4735,66.0,Yes,7.0
e1465af6-982e-4cac-9982-68f87f3abea9,2024-06-01,Paid,False,1189.33,Cash,FCQZGBFN,AGT-1786,60.0,Yes,51.0
7f25adc2-9799-49e5-8b4d-40a09980eae7,2024-01-10,Paid,False,848.95,UPI,NTLJGB64,AGT-3978,55.0,,6.0
cf9c3c9b-1a9a-40c5-a8b0-34ae05c37cf2,2025-03-28,Missed,True,556.12,Cash,UYVPGBYB,AGT-6308,22.0,Yes,7.0
cd21d8fe-440b-46c1-b405-93e3efaa7df6,2024-04-02,Paid,False,742.74,Credit Card,KWNGGBFA,,82.0,Yes,58.0
ef88e0b5-4b4d-4a9a-9643-321049a7aa0a,2024-02-22,Pending,False,1357.21,Cash,MZNHGBAE,,49.0,Yes,26.0
50cd57ea-45c3-495e-a1ef-efcfee2b9973,2024-03-12,Late,False,1608.39,Credit Card,ESNPGBTQ,AGT-5092,61.0,No,41.0
0ef07d30-d8b2-4b95-baec-9df3fcc2a23e,2023-11-07,Pending,False,1317.56,Credit Card,PVSIGBL6,AGT-4250,8.0,Yes,17.0
5070c49a-c168-487f-aa15-f9ce3dec56be,2024-08-17,Pending,False,612.29,UPI,HQYYGBF1,AGT-0183,65.0,No,48.0
ef0f8369-61bb-4586-971b-d7cc075c0dad,2025-03-20,Paid,False,1873.89,Cash,ZAZMGBNU,AGT-4348,33.0,Yes,51.0
0352f29b-ddb5-4170-ab6a-a0170ede4412,2025-01-03,Pending,False,843.32,NEFT,QICKGB95,AGT-2361,19.0,No,50.0
0a628477-8764-4cba-8c43-4c30fe60e5cb,2025-02-20,Late,False,1602.96,UPI,WLHAGBO3,AGT-9346,49.0,No,52.0
c2934d3a-133d-45fb-9b6b-475db903c5a1,2024-05-16,Missed,True,601.84,Cash,OPLGGBAE,AGT-8493,40.0,Yes,26.0
114fbada-7c60-4ea3-9fe8-2e73d48ef783,2025-05-13,Late,False,952.91,Cash,CZARGB3C,AGT-4822,,No,48.0
a7d2a1ba-b1ed-4ba2-8fb1-dfa8f2cdd03e,2024-05-27,Pending,False,1279.89,NEFT,KIYRGBWX,AGT-3903,45.0,Yes,24.0
e8661399-10f8-4182-92aa-984288fbb106,2024-11-25,Missed,True,1829.77,Cash,MZWFGBL7,AGT-2793,71.0,No,30.0
14ea6f1e-a199-4d1e-a5ad-ad9e1424532f,2023-12-05,Pending,False,1822.99,Credit Card,QENPGBLM,AGT-2050,62.0,Yes,56.0
,2024-08-17,Paid,False,905.54,Credit Card,QTFWGBKE,AGT-6267,81.0,No,5.0
70e84faa-6fc9-4f5b-b256-0d1418847417,2024-03-30,Paid,False,1412.86,UPI,HRFJGB9E,AGT-7708,84.0,Yes,
12be1bde-86d0-4ffa-b643-1879e349765a,2023-07-23,Pending,False,1460.52,UPI,,AGT-3880,57.0,Yes,47.0
585eb7bf-f1be-4bcd-8460-c3fa982b8a9f,2024-08-23,Late,False,,UPI,EUZSGBZD,AGT-4964,5.0,No,29.0
,2023-12-14,Paid,False,517.26,Cash,UBQWGBUI,AGT-3498,80.0,Yes,48.0
7f4ac30f-b7ab-4a79-b3c7-5f9ecbbbf36d,2023-09-29,Late,False,952.57,Cash,MAHFGB31,AGT-8689,85.0,Yes,54.0
,2024-07-09,Paid,False,1339.06,Cash,PJLMGBQU,AGT-2001,80.0,No,2.0
cd66a5cc-0385-417d-864d-57f047aa48ef,2023-09-24,Late,False,1588.47,Credit Card,BKNYGBOL,AGT-5876,53.0,Yes,4.0
6bd5bc51-c193-44e3-a923-b1d65acac879,2024-08-25,Late,False,580.49,Credit Card,HXEJGBIE,AGT-0630,9.0,No,29.0
,,Late,False,980.58,Cash,JZOUGBM5,AGT-9330,76.0,No,6.0
4d09c881-1d2f-415d-86eb-30e714db63c3,2024-01-25,,False,1486.99,Credit Card,PDVEGBY1,AGT-2732,80.0,No,51.0
8310107c-114e-42cb-a533-50d965d8a1c0,2025-05-02,Late,False,497.65,Cash,NUIKGBSR,AGT-3014,0.0,No,25.0
267fd999-c764-43f1-9107-22e927eb7adb,2023-09-04,Paid,False,450.66,NEFT,YXYRGBMQ,AGT-8840,41.0,Yes,21.0
e9fff9a1-f356-43f1-a83e-c1787005bbae,2024-09-17,Late,False,613.09,UPI,,AGT-0857,65.0,Yes,42.0
7646896e-d819-439a-8dac-43be5cc81f58,2025-01-21,Paid,False,808.66,Cash,FXWFGBGZ,AGT-3744,23.0,Yes,41.0
bcaba49f-2c65-4315-8059-65906413bcf6,2025-06-15,Missed,True,1111.33,UPI,VJULGBJ5,AGT-1405,68.0,No,7.0
998915ad-d634-40fe-ba45-76276f87277c,2025-02-08,Paid,False,1240.6,UPI,LRRIGB2W,AGT-3648,34.0,No,
ae40eac8-feb7-407f-8610-5de1fdc33218,2025-03-12,Paid,False,314.9,Credit Card,NHLMGBSV,AGT-3924,59.0,No,20.0
2bdf5d72-ebf5-4501-8a46-5a4bfa771754,2024-07-22,Missed,True,1657.96,Cash,LNRGGBD1,AGT-0901,32.0,Yes,19.0
3e74f40a-0fe4-4ecd-adfa-67b5c7f3337c,2025-05-22,Paid,False,735.84,UPI,JEZQGBJL,AGT-6234,34.0,Yes,52.0
5036e2cd-8187-4fb8-b3fe-696f49ea3cc1,,Paid,False,1709.33,Credit Card,EAJAGBIT,AGT-1662,60.0,Yes,34.0
b9443423-086f-40c7-a316-42ae243f40dc,2024-01-30,Missed,True,1036.24,UPI,AUKVGB7B,AGT-1698,59.0,No,40.0
761db6fe-0cae-44b4-ad3a-7f9a17c260e1,2024-09-11,Missed,True,122.21,Cash,VKXLGBLP,AGT-4456,,Yes,22.0
9d437928-e0dc-466f-b5ce-5ebd340ce99c,2024-02-08,Missed,True,1235.49,UPI,LRRWGBRR,AGT-8109,35.0,Yes,3.0
cd8876ed-fffb-48c1-9d9d-bfd29d950a00,2023-12-18,Late,False,895.38,UPI,QHPPGBN0,AGT-4128,63.0,No,18.0
8eddf9af-2638-4bbd-8167-5b1f2dee7833,2024-02-20,Pending,False,1561.47,Credit Card,MIBGGB0H,,85.0,No,39.0
d4fd3ed4-9727-48f5-8773-70d24f9f5016,2024-11-24,Missed,True,221.68,Cash,UXTYGB3A,AGT-4696,81.0,Yes,6.0
c0a5a34d-332a-48c5-be15-daa2245f851f,2025-06-06,Missed,True,698.09,Credit Card,VCMXGB00,AGT-6083,41.0,Yes,30.0
8cd2c3a4-407c-4887-b025-c85c8b685121,2023-11-25,Missed,True,,UPI,WVPWGBQO,AGT-2738,38.0,No,35.0
31eb8160-9678-407a-b38b-2b1d299647c1,2023-11-02,Missed,True,1263.48,Cash,KSMTGBPD,AGT-0427,51.0,No,6.0
bf59d78c-8fa3-4e22-8dad-3f630af5bed7,2025-06-25,Paid,False,920.93,NEFT,LOJNGBXO,,28.0,No,35.0
e88b0e8b-b977-4858-b1af-4cd89c3e28d5,2024-01-09,Paid,False,253.09,Credit Card,MLNKGBHL,AGT-1337,72.0,No,53.0
2f48a5f5-b4d3-402d-a1ef-defdd7eb71d6,2025-06-19,Late,False,793.52,Credit Card,SEUJGB0J,AGT-2246,51.0,No,35.0
1fdbb128-c256-4661-9012-20a4fbab093d,2024-08-28,Missed,,499.21,Cash,PDRKGBGV,AGT-2649,78.0,Yes,8.0
7193ad1d-41ac-4336-adec-35983ce306d9,2024-08-27,Late,False,1576.52,Cash,IWFOGBGS,AGT-4779,67.0,Yes,35.0
2c2d08dd-2a3d-4ec6-8169-12ea353da5b9,2023-08-17,Late,False,1047.42,Cash,DLHGGBHD,AGT-2431,35.0,,17.0
e43d9b92-dd57-4103-ad5a-4de8ad7bd2e2,2024-12-15,Paid,False,549.74,Cash,,AGT-7193,8.0,No,26.0
d8118c26-b104-4263-b95a-bc3d18cdee44,2025-02-09,Paid,False,588.5,Cash,MEAHGBY4,AGT-0554,63.0,Yes,18.0
0f93ff29-be4c-49d5-8ec7-7a9bbc01e994,2025-05-07,Pending,False,1665.92,,FJGKGBQA,AGT-4112,55.0,,1.0
bba0da22-45c2-4123-b191-a99a9ab8f2a1,2023-10-28,Missed,True,1991.58,Credit Card,HPJSGB9G,AGT-4242,74.0,Yes,19.0
e96b8058-3579-485b-943c-170d018e37c8,2024-12-28,Late,False,786.0,NEFT,XKUNGB11,AGT-0302,,Yes,49.0
ce134366-9cd7-4ea7-84a5-eb419076f413,2023-12-19,Late,False,375.51,Credit Card,,AGT-8448,43.0,Yes,27.0
0fd1af76-7cd3-4d12-8fff-9a1babc71f18,2024-07-31,Pending,False,1929.5,Cash,RKXDGBYU,AGT-7999,,Yes,10.0
10c0706e-1c5a-489c-8c37-efa47c85b49a,2024-11-26,Late,False,,,WEYSGBR0,AGT-1479,75.0,Yes,25.0
0e46e6c6-7a37-4239-b17f-0e525c851146,2023-12-25,Late,False,632.33,UPI,HSFZGBTZ,AGT-9368,39.0,No,
,2024-11-28,Missed,True,,NEFT,NMTTGBI1,AGT-2057,9.0,No,
ed44fc25-6aa6-489a-b588-e242356a3098,2025-05-29,Late,False,1353.15,Credit Card,KCCQGBST,AGT-2766,82.0,Yes,43.0
3d480c1a-6e44-44cf-b730-b2112fcd1693,2024-03-15,Paid,False,1132.18,Cash,ULHCGBU3,AGT-2677,42.0,No,51.0
86020880-f900-4308-9304-c3e47aebc45f,2025-07-05,Paid,False,607.59,UPI,CYPRGB1V,,86.0,No,40.0
d9b3200e-a8de-416b-b16c-0c75b3e39112,2024-06-03,Missed,True,1354.61,Cash,LGOHGBO8,AGT-7534,36.0,No,21.0
fa080a05-5864-4ded-b44e-8a6440badd3d,,Late,False,223.21,Cash,,AGT-0843,11.0,No,43.0
0f3ea808-996d-4c1a-b1ba-834563b9ac1c,2024-07-06,Paid,False,952.06,Cash,ZZXIGB1Y,AGT-7971,58.0,Yes,5.0
cc57cc3f-60d0-415a-8058-489fd97fc79a,2025-02-15,Pending,False,165.18,Cash,PYFEGBFT,AGT-4724,22.0,Yes,22.0
63527e1b-de92-4bcd-a539-25ddeba918cb,2023-12-23,Pending,False,1922.13,UPI,OYTHGBIF,AGT-6016,34.0,No,54.0
dcbd021d-d146-4f67-80a9-3f01f4985eb2,2024-09-18,,False,881.6,Credit Card,SVXAGBJA,AGT-7515,6.0,,46.0
dfbcf77c-5f78-4128-862c-ee938bfa9951,2024-10-02,Late,False,1424.59,Credit Card,QGGIGBF6,AGT-2708,36.0,Yes,23.0
97d5ce51-4e11-4186-a6dc-ca56cb424647,2025-07-05,Late,False,1654.83,UPI,NEZZGBLL,AGT-9814,63.0,No,15.0
,2024-10-11,,False,1668.19,NEFT,NVBFGB0V,AGT-9087,80.0,No,19.0
4afbe6a4-e11a-487c-b173-52bc387e32e5,2024-01-30,Late,False,669.13,UPI,QWUVGBRU,AGT-0028,14.0,Yes,55.0
26e76c0b-51e5-412d-a50d-13f9dfdac28a,2023-12-17,Pending,False,1910.81,,WHNOGBH4,AGT-0271,41.0,No,52.0
034847b3-864c-48f8-be04-28a10923aa83,2023-10-20,Late,False,,Credit Card,UYLAGBTM,,,Yes,16.0
2fb6ff5b-3670-415f-a097-81d0508e0ba1,,Paid,False,873.69,Cash,DAHCGB29,AGT-2314,51.0,Yes,21.0
c156c191-b8e2-4d15-b735-87a63b3993a0,2024-11-24,Late,False,1831.78,UPI,DDQWGBGF,AGT-5692,81.0,Yes,57.0
88219f62-fe34-4b79-b56f-e79b595491ed,2025-05-04,Missed,True,770.27,Credit Card,JTXMGBC9,AGT-1405,50.0,Yes,14.0
56cfc899-becd-4849-a43e-a49a20e8b3e7,2024-07-25,Pending,False,1176.64,NEFT,WFPQGBV9,AGT-5136,36.0,No,20.0
14fb243e-81cb-48d6-a93b-85a8d7471972,2024-01-10,Paid,False,625.1,,AKQMGB88,AGT-5058,81.0,Yes,58.0
77f6c4d8-a7fd-4abe-a485-4d1197bd4211,2023-10-05,Paid,False,,,OGRAGBV2,AGT-1876,88.0,No,12.0
16b5b8bb-4453-4d6f-a1fb-73152dbdc810,2025-02-22,Late,False,762.47,Cash,NISYGBUO,AGT-9058,75.0,Yes,53.0
ed62c6da-c60b-497d-9a16-60b0096b28ff,2025-06-06,Late,False,872.23,Credit Card,MMGTGB6B,AGT-7727,14.0,Yes,49.0
08791ec8-5ad4-44c1-938a-c9b590e310f9,2024-04-04,Pending,False,508.78,Cash,KGEKGBJM,AGT-6982,59.0,Yes,2.0
07502f4e-ee3a-447c-8985-e57561b9645d,2025-07-01,Late,False,1003.29,NEFT,MNQOGBXZ,AGT-7700,70.0,Yes,56.0
de3e2556-9a66-42f2-91f3-2b21bd7e3b5a,2023-10-27,,False,1916.38,Credit Card,KJHKGB7X,AGT-3560,87.0,No,9.0
4fa76816-2f1b-468c-82bc-a41117072d66,2025-05-30,Missed,True,585.8,Cash,LWHEGBRX,AGT-4823,,Yes,19.0
c92eeaa0-6a50-429d-84c6-5de04a7863a3,2023-09-01,Pending,False,1832.71,,QDEQGBCB,AGT-2075,6.0,Yes,16.0
bff89ab2-2b73-46cd-aea7-2045c1bb3e8c,2025-04-21,Late,False,1087.9,Cash,ALMVGBAD,AGT-7412,44.0,No,39.0
83451469-01a5-437a-b28c-5d28abf2f9b5,2025-05-28,Pending,False,1908.53,NEFT,IHZWGB5J,AGT-2985,85.0,Yes,7.0
45421520-db71-49a0-9aeb-fba93036cfce,2023-09-04,Late,False,977.91,Cash,PJLEGBU1,AGT-2907,7.0,No,37.0
adae9386-1a38-4a21-b984-b03fcf711b19,2023-08-09,Late,False,538.05,NEFT,HACYGBA3,AGT-2147,,No,3.0
6c1dcb7d-4185-4245-aeb5-e0c224283ba7,2024-01-22,Missed,True,217.71,NEFT,VYPPGBZ3,AGT-0851,,Yes,23.0
249a09cf-f6de-4e05-888e-b109cb94f98a,2025-05-11,Paid,False,588.76,NEFT,RQMTGBX1,AGT-7995,16.0,Yes,
5ffc9bc3-0031-4dea-818a-347bea7efb9a,2024-07-31,Missed,True,576.93,UPI,XUJXGBZS,AGT-7402,17.0,Yes,20.0
26ee7916-6114-4892-88d1-2eb68d54b867,2025-01-13,Paid,False,1648.59,UPI,EKTCGB3E,AGT-9291,26.0,,55.0
e0e81c61-0a74-4e64-8407-2fdf9924490c,2025-06-12,Missed,True,1279.67,Credit Card,GFHIGBJ1,AGT-9780,56.0,No,49.0
469458cc-f121-4c31-8adc-940ca5bd22d3,2024-12-26,Missed,True,1414.87,UPI,RXCFGB4V,AGT-5198,12.0,Yes,2.0
4e7a75d8-26c4-4fd0-b71d-acf9330d77a8,,Pending,False,1994.1,Credit Card,DIJVGBKA,AGT-4535,45.0,Yes,44.0
6d147e4c-9456-4a36-8ccb-d4f41b400a2b,2024-02-19,Pending,False,819.85,Credit Card,WWALGBAA,AGT-4119,44.0,Yes,41.0
7dfc80f6-30cb-454f-a794-3cf1165874c0,2024-01-20,Pending,False,541.33,Credit Card,MWHFGBFQ,AGT-6161,16.0,No,35.0
9c150cc0-df0a-47e3-a33a-196ad47ddcdf,2025-01-28,Late,False,392.66,NEFT,BLLHGBJK,AGT-9562,20.0,Yes,40.0
c453630e-8100-4b08-a760-9b207663efe0,2024-04-04,Paid,False,980.27,Credit Card,LZBZGBY7,AGT-3959,35.0,No,30.0
eb516c13-cf5d-494e-ac7d-50e6de7a3e06,2023-12-20,Paid,,,NEFT,LEGHGBAM,AGT-8243,50.0,Yes,1.0
,,Paid,False,1756.83,NEFT,ERHYGBY7,AGT-2325,50.0,No,19.0
7151d6f6-79fc-4353-96fd-13d7f2318d62,2024-02-05,Missed,True,1333.05,Cash,CIEAGBYK,AGT-4192,29.0,Yes,50.0
414378ba-ecc2-44b3-8f7d-d696fbd22ef3,2024-07-11,Paid,False,448.54,Cash,ARHLGBRC,AGT-7418,63.0,Yes,
97c97ac5-c974-42fe-8945-20280ec8f06f,2024-04-04,Late,False,1740.17,Cash,SNLHGBST,AGT-6719,62.0,Yes,35.0
a0dd6f71-3d38-46cc-a724-e4a045694c5a,2024-10-06,Missed,True,205.07,Cash,GKDVGBAY,AGT-1410,25.0,No,40.0
f7657694-3f6f-4381-a90e-33a7bfd47c04,2024-04-07,Late,False,1824.2,Credit Card,TNNYGBXP,AGT-8283,24.0,Yes,20.0
9d891fbc-daa2-4ef8-a4ca-918d97558746,2023-11-10,Late,False,1560.63,,DETZGBDK,AGT-5503,,No,44.0
eeb9e4e8-9bbd-4876-a7ca-02a09dce8428,2024-03-17,Missed,True,766.64,Credit Card,XGMNGBAN,AGT-9661,15.0,Yes,43.0
765d9478-886f-4008-b75d-aeaa2e4e3daf,,Late,False,189.72,UPI,KCBRGBRP,AGT-4527,29.0,Yes,20.0
eff6bf8b-3fb6-4d85-9a93-523b806440ba,2025-06-18,Late,False,656.84,NEFT,KALYGBJI,AGT-5272,41.0,No,58.0
fc04240f-f95d-4d73-9563-6c4a64e47025,2024-04-12,,False,743.86,Credit Card,NZVPGBFS,AGT-0501,79.0,Yes,43.0
af8288c0-a82d-4d8e-ad6c-b2dfafc81d5b,2024-12-03,Paid,False,787.66,UPI,KMZYGBKG,AGT-9502,4.0,Yes,54.0
7e335966-9800-4ac0-bd41-f0f19f0c1a12,2024-11-13,Missed,True,101.21,NEFT,QLVKGBOQ,AGT-5505,13.0,Yes,29.0
8486a105-062a-4e5a-9c21-b77cbc21ad61,2024-10-30,Missed,True,729.73,UPI,LWLEGBK5,AGT-5610,24.0,Yes,55.0
f5c796c8-3648-4cfd-9b6c-8432b68167e5,2024-12-03,Missed,True,1189.03,Credit Card,EOUNGB0X,AGT-4909,4.0,No,28.0
ecca2696-22d8-49df-a2de-107185232c2d,2025-01-14,Paid,False,,UPI,AGLKGBO0,AGT-6440,82.0,No,38.0
8fe87f62-fa7a-40da-943a-2de478ddc99e,2024-02-15,Missed,True,365.41,Cash,,AGT-8011,81.0,No,57.0
8b6caf92-b9cb-4e47-9a88-88f04c828ef8,2024-08-28,,False,1651.33,Cash,AXOJGB54,,63.0,No,38.0
c9e8ebb5-672d-4787-8bec-464482b0c106,2025-07-12,Paid,False,876.19,Cash,VNWQGB46,AGT-8351,15.0,Yes,46.0
a787c102-3fab-4fb5-8df6-72f3412424d9,,Paid,False,1935.2,Credit Card,GXSXGBE2,AGT-4880,53.0,No,57.0
317d6fe2-e176-43f3-9bdd-3dce64228237,2024-03-31,Paid,False,1578.83,Cash,SKPNGB2B,AGT-6880,43.0,Yes,16.0
b08003de-c220-4b71-9aca-09337d5b9fd8,2024-04-09,Pending,False,380.07,Credit Card,ARRAGBHZ,AGT-2545,,Yes,10.0
8546100c-4690-456c-951c-e0e2e3b6c1f1,2024-01-30,Late,False,1724.98,Cash,SGHXGBXN,AGT-2980,55.0,Yes,3.0
12bf2236-3313-43a3-998c-c9a13f687779,2025-05-16,Pending,False,,Credit Card,EYCDGB86,AGT-9199,86.0,No,4.0
,2024-08-31,Paid,False,1957.79,Cash,VXSWGBZP,AGT-1062,47.0,Yes,36.0
f1309ce8-5e2e-4e01-bd36-0c4be16c0f6a,,Paid,False,1322.46,UPI,MTPOGBQ3,AGT-6361,58.0,Yes,55.0
5cd928db-8708-46e1-8483-e68f9a070fc9,2025-03-10,Paid,False,1970.66,NEFT,OIWGGBCC,AGT-2705,38.0,No,3.0
71c0ec45-3fd9-4fb6-af81-7cd19a0743df,2024-04-13,Late,False,1679.48,UPI,SLEWGBPJ,AGT-8781,40.0,Yes,40.0
b7a90ad7-9df0-4f2e-bc41-566f1d8d7c23,2024-08-17,Late,False,,Credit Card,QUKIGBF1,AGT-6934,43.0,No,37.0
a21039c1-782d-4e73-a3db-54820638d784,2023-12-04,Late,False,1960.02,Credit Card,SJHMGBMV,AGT-0600,75.0,No,28.0
d4f19e42-d019-457f-989b-007577088c95,2024-01-25,Missed,True,691.74,Cash,,AGT-1138,21.0,Yes,48.0
e3835d2e-5e68-4c2e-8052-e9e14fee20f1,2024-11-14,Pending,False,1216.34,Cash,JXYPGB1H,AGT-4523,74.0,Yes,51.0
09047237-4099-4361-8e87-3a58a0e97bed,2023-10-29,Paid,False,741.25,Credit Card,RYMOGBNH,AGT-1878,79.0,No,31.0
98de6e67-f2b3-44a1-aa72-991f31d86221,,,False,1618.26,UPI,KAIEGB74,AGT-7586,64.0,No,44.0
f72c9593-b4c2-485d-9894-3dd9a95963d2,2024-10-29,Missed,True,1143.49,Credit Card,FGMUGB3H,AGT-8665,58.0,Yes,27.0
7b63d1c7-1b4c-4a04-a416-cc17c498cecf,2025-04-12,Late,False,1107.15,Credit Card,EMMSGBSH,AGT-9914,72.0,No,38.0
bcf6b2dc-8b03-4034-996d-6a8d09b23ad6,2024-10-20,Pending,False,786.4,NEFT,LPYFGB9B,AGT-7165,82.0,Yes,46.0
a9fab108-b2ac-44c7-ac8e-445c7a3e2f22,2024-05-22,Pending,False,895.34,NEFT,EWYFGBUV,AGT-2352,36.0,No,7.0
8509dd43-c3cb-4927-8bfd-bd4f44df5596,2024-07-07,,True,864.89,Cash,HAEHGBGC,AGT-7625,89.0,Yes,57.0
602ce9f3-3613-4f03-a1ba-0f8599c6f904,2024-09-27,Paid,False,343.04,UPI,SFRRGBOX,AGT-7405,68.0,Yes,28.0
99e7cd52-c3d7-4f39-a832-622810e0f9c4,2025-03-10,Paid,False,558.35,NEFT,ETDFGBCF,AGT-8343,32.0,No,50.0
,2024-06-20,Missed,True,1199.89,UPI,OAILGBHL,AGT-2927,,Yes,13.0
590da1f1-85d1-44cd-bb7d-b6933d53e6ea,2025-02-13,Missed,True,1840.45,Credit Card,MVSKGBXX,,72.0,No,37.0
8a9a7eec-35f6-4d8f-9fba-c80e71fac841,2023-12-26,Pending,False,199.96,UPI,JSXUGBAE,AGT-7151,89.0,No,12.0
723270a4-2cdd-47e2-9ae8-d0fca88d01ba,2024-06-18,Pending,False,170.66,NEFT,ZBUAGBVI,AGT-3831,81.0,No,42.0
45d85595-4bdc-4e0f-8b2e-a809a2f998b1,2024-07-03,Late,False,908.63,Credit Card,XXQOGBUO,AGT-7145,88.0,No,54.0
5076b060-3e7b-4849-b2d3-d56aa99a72e5,2023-10-26,Late,False,1935.89,Cash,TOLSGBNW,AGT-5478,14.0,Yes,24.0
62dba2f2-aafa-4cfc-9c70-cb0fe85cbe99,2025-03-06,Paid,False,865.54,NEFT,AFZFGB2O,AGT-2702,39.0,No,31.0
bd2c92f6-ed46-4173-91c3-18de206bb067,2023-08-04,Late,,,NEFT,SJDBGBGV,AGT-8511,38.0,Yes,1.0
25888a40-086c-4e54-98ae-083ad96d31ec,2024-03-17,Pending,False,829.64,NEFT,DUDBGBUQ,AGT-5608,18.0,No,29.0
8a6316d8-2514-4873-8bf8-4709c9bb8b2c,2024-12-17,Late,False,1945.0,NEFT,TNYCGB0I,AGT-4023,62.0,Yes,9.0
f54394b0-8c39-48e3-b1e9-8e587eedd8b2,2024-05-19,Late,False,,UPI,,AGT-3564,65.0,,52.0
b6e2f916-7015-42fc-ab61-b72f9dfc30d9,2025-01-12,Pending,False,1273.06,UPI,ITJOGB9J,AGT-1248,73.0,Yes,36.0
068067fe-6d92-4b9e-8fff-3c3a71c24b3f,2024-07-17,Pending,False,1998.81,Credit Card,MVRWGBO5,AGT-1651,78.0,Yes,
af39c491-4052-49f6-ac44-c30100634bfe,2023-12-15,Pending,False,1452.86,UPI,AOZQGBHZ,AGT-6062,84.0,No,51.0
34c28512-62c5-4126-b371-7b76cbe40d63,2024-06-02,Late,False,1669.04,UPI,,AGT-5479,40.0,Yes,46.0
afd01a8f-e46e-44dd-900b-3f4c96cccff2,2024-02-21,Pending,False,1540.01,NEFT,UUNJGBHU,AGT-4437,38.0,Yes,21.0
564a84e4-b003-489b-b778-abefce2eb173,2025-03-31,Pending,False,1333.52,Cash,YJHZGB9Q,AGT-1678,52.0,Yes,25.0
2304f0bb-9774-4a51-a768-25956214f66b,2025-03-04,Late,False,1169.21,Cash,SCXSGBMX,AGT-6444,82.0,No,50.0
cb628cb6-ffc6-48ec-9872-906a004e9c6b,2023-11-21,Paid,False,1518.07,Credit Card,QYLFGBP0,AGT-3015,2.0,Yes,24.0
b0e0ef08-9c82-4444-8a90-c4fdf513d5f0,2025-05-22,Missed,True,978.94,NEFT,CHIVGBBF,AGT-8553,2.0,Yes,27.0
7b7984de-891e-43e9-8970-b7d6087e41f0,2025-02-27,Pending,False,1057.89,UPI,DAVCGBZY,AGT-9088,80.0,Yes,14.0
90d87090-27b3-46b6-9ac0-9d083ee48553,2023-07-25,,,1684.23,Cash,KYDPGBW7,AGT-2813,82.0,Yes,47.0
87cb0e6a-4a41-4a93-8235-ddb8f7fc6f2a,2024-07-26,Late,False,295.15,NEFT,AUTZGBI4,AGT-9445,8.0,No,14.0
fb681372-dae7-46bd-96e7-2af7f2a4c64a,2024-07-17,Paid,False,1445.56,Cash,TDVNGB2K,AGT-6182,20.0,No,35.0
b2d1fb58-a75a-45e7-bba3-1c83abfd9e73,2023-09-21,Missed,True,509.57,Cash,OSDPGB4W,AGT-6644,5.0,No,27.0
7ec3dec5-42a5-47f6-9f0c-889ebab18db4,2024-04-16,Late,False,903.8,Credit Card,,AGT-6526,,Yes,11.0
a0c01d0c-ebf5-467b-acea-5d61043bee1a,2025-01-07,Late,False,164.78,Credit Card,DBTCGBKE,AGT-4707,52.0,No,13.0
4bd2eef6-0d6e-4131-a8dd-317498f133c5,2023-11-16,Pending,False,482.48,Cash,NQMOGB5M,AGT-9232,,No,11.0
9807d233-b4ff-4581-b865-8f631faffb30,2025-03-22,Late,False,1287.38,UPI,PDGYGBLO,AGT-7132,77.0,Yes,56.0
8761225e-ee79-4475-826c-2da9845c65b5,2023-09-17,Paid,False,1298.61,UPI,JLLKGB77,AGT-0530,11.0,Yes,4.0
,2025-06-30,Paid,False,1266.83,Cash,JCXAGBA3,AGT-1861,16.0,Yes,49.0
0ca781c7-443f-4298-939d-640c322888ad,2024-10-13,Missed,True,103.48,UPI,PUJCGBBF,AGT-4930,84.0,Yes,34.0
b61160b0-b378-4200-8942-8dc34541cfe7,2024-05-07,Late,False,670.97,Cash,BCCYGB83,AGT-9584,15.0,Yes,5.0
cbe71025-1df3-46c3-967e-a12053ebedce,2025-05-31,,True,825.08,NEFT,JDXXGBG2,,,No,40.0
6974c081-5cdc-4bf3-9b9d-240cb2bd6964,2023-12-22,,False,1755.37,Credit Card,OZDZGB9Y,AGT-6016,44.0,Yes,13.0
e1e3a512-185a-4b56-9cbd-dbad40ccaf33,2025-02-23,Missed,True,537.56,NEFT,RILXGBZQ,AGT-0310,38.0,Yes,43.0
,2023-09-25,Missed,True,114.12,,RZCYGBUS,AGT-6234,49.0,Yes,
aa34fcea-1947-44b2-a298-563354771eb5,2025-01-18,Paid,False,790.58,NEFT,DSGIGBOX,AGT-6312,87.0,No,58.0
c0451355-9801-441a-b752-82193df278bd,2025-01-22,Missed,True,1827.51,NEFT,GFIGGBY2,AGT-3078,60.0,No,58.0
cb054ee2-c5e7-4589-9b0b-f118f65e1a8c,2024-04-26,Late,False,224.11,Cash,SQIIGBWK,AGT-1366,29.0,No,27.0
e97df461-f0ae-49b2-a60d-0222e87d9ecc,,Pending,False,336.89,UPI,UIPMGBGO,AGT-6303,29.0,Yes,4.0
0f628cd9-82ef-40ab-ad64-12e480a7cc34,2024-04-27,Paid,False,218.16,Credit Card,XBKBGBF0,AGT-0989,75.0,No,43.0
de89f9b7-cab4-4076-9d4b-ca51dcc38cd1,2024-01-18,Paid,False,1122.9,UPI,YKQKGBXU,AGT-8974,25.0,Yes,15.0
c8e94853-dfa7-428b-a1c7-5ea31d001c53,2024-06-26,Missed,True,1585.55,NEFT,RIVNGBLD,AGT-9940,30.0,No,17.0
2f57a751-7c1c-4808-b847-d339871d351a,2024-12-04,Pending,False,1369.66,,HQAJGBF5,AGT-6750,55.0,No,
4182eeb5-f9b4-444a-81fe-20fd146f60ad,2024-01-19,Missed,True,753.78,UPI,IVRFGBYF,AGT-7625,9.0,Yes,49.0
6cf7bc68-410b-4194-b4fa-28ba73515365,2024-09-12,Late,False,1822.28,UPI,AZKVGBNY,AGT-8128,11.0,No,18.0
c6892d24-00c5-49a3-ae6a-fc08a1a88c8e,2024-04-05,Missed,True,1307.89,NEFT,UIXZGB4M,AGT-6601,70.0,No,49.0
4bc75c62-0e63-44c2-8746-089427ecf7f2,2023-10-26,Late,False,810.64,,RKTJGBXV,AGT-1364,5.0,No,8.0
f19f1b97-3b84-442d-a176-e4e90dbb2a15,2023-08-21,Late,False,,Cash,IUPWGB1G,AGT-4104,12.0,,9.0
c4f0a1fb-ddb4-41c4-8f2e-d92c73db0ae9,2024-07-20,Paid,False,314.21,Credit Card,GOLUGBFH,AGT-8612,,Yes,5.0
a6f0be62-f8a0-4fd4-977d-6f08c49c0c46,2023-08-20,Missed,True,662.49,UPI,WGPYGBGT,,46.0,Yes,56.0
6b65a1e8-d4b2-46af-8f23-1e229c32c9c9,2025-03-17,Pending,False,478.04,Cash,HGPSGBB0,AGT-1839,84.0,,51.0
6976c5f9-0ca3-4104-b707-3a35c33f01c3,2025-04-29,Pending,,930.18,Credit Card,TXASGB5C,AGT-2660,3.0,No,28.0
aefd7784-1689-426d-98fc-733d84d5d144,2024-05-19,Pending,False,624.34,UPI,,AGT-4695,,No,13.0
45611b41-8b52-41f7-bc7d-e39994469293,2024-03-29,Paid,False,895.18,Credit Card,TOMXGB50,AGT-3645,9.0,No,44.0
a851c53c-9836-4bcc-919a-29cf7296436d,2024-01-08,Late,False,1250.77,Cash,FCAKGBFO,AGT-5864,58.0,Yes,
899e91f4-c21f-41d6-9d06-c5af9b6383a8,2025-07-03,Pending,False,154.44,NEFT,PYLTGB5D,AGT-9376,,No,12.0
408554b7-ccc0-4a77-ae6b-f74f2bd2502c,2024-01-02,Late,False,1772.78,,XGTUGB3E,AGT-7218,7.0,Yes,40.0
efedcf05-cd81-46be-848a-74971ce218f1,2025-01-08,Missed,,349.43,Credit Card,LXCFGB5B,AGT-5415,77.0,Yes,25.0
12f3cfd9-97d0-4518-b3a9-80baabf2069c,2024-06-21,Paid,,1576.73,Credit Card,VIYXGBC2,AGT-2946,31.0,Yes,
6b53c99e-cbf0-4f75-b581-e662767dc511,2023-10-23,Late,False,1057.06,Credit Card,VVOWGBS9,AGT-6307,54.0,Yes,24.0
adf50204-2bf9-4e76-8ea7-5228eff1e1af,2023-11-26,Missed,True,992.14,NEFT,OLDVGB4U,AGT-7800,11.0,No,24.0
7f6be40b-55ac-401f-8bf1-2e04a0a19d60,2023-09-10,Late,False,1934.51,NEFT,CNOTGBRW,AGT-2504,31.0,Yes,5.0
1a44a1a3-206e-4ff8-bb6c-067fcd026e9c,2024-04-03,Pending,False,104.38,Cash,BPBYGBOL,AGT-4505,15.0,Yes,
0883fa22-4118-4e13-8223-58b0a2bab938,2024-02-09,Pending,False,1462.41,Cash,DMETGB3W,AGT-3629,44.0,No,35.0
b0ecf1f9-bafe-462c-a83e-e075739b86f3,2023-11-24,Paid,False,1185.72,UPI,CBSVGBJP,AGT-6130,77.0,No,16.0
d142f403-3f31-4a55-9937-65d3f654665f,2025-03-10,Late,False,391.88,UPI,MQPDGB9I,AGT-0472,53.0,Yes,13.0
f9c42ef5-3155-4863-8924-daa10f5f14ba,2023-11-16,Late,False,1315.49,NEFT,CCGLGB0Q,AGT-4456,6.0,Yes,
cdb680b6-90c3-45f6-9b84-db7f4dee2dbe,2025-03-31,Late,False,948.53,NEFT,DTWOGBBN,AGT-9268,49.0,Yes,52.0
44712225-0551-4644-87cb-6067045c1e2f,2024-12-31,Pending,False,522.65,Credit Card,IZHWGBCA,AGT-8115,65.0,Yes,59.0
638f9874-ff55-4521-b3ef-b1e567e2491d,2024-10-03,Paid,False,983.89,Credit Card,ERARGBO1,AGT-2382,10.0,No,8.0
3e6fa5d2-ceb5-4065-aee5-5b268542bb76,2024-05-22,Late,False,129.75,UPI,EDQJGBSA,AGT-9629,62.0,Yes,20.0
,2024-12-21,Paid,False,145.53,UPI,GJHMGBFW,AGT-2403,38.0,No,18.0
3edf5cdc-15da-46ad-8fdd-5bffc27d6ab2,2024-08-20,Paid,False,1057.04,Credit Card,TYZLGBKQ,,59.0,Yes,1.0
6092a33e-fbe4-4b49-a554-9ea1a618bbef,2024-06-04,Late,False,108.24,Credit Card,WXJEGB98,AGT-9343,37.0,No,57.0
1cd9a20b-eac0-467c-846f-97edfe153217,2025-01-16,Paid,,512.38,Credit Card,FSDUGBL7,AGT-3153,46.0,,48.0
,2023-07-21,Paid,,1784.02,Credit Card,,AGT-6823,30.0,No,44.0
92529577-b67c-4923-95ca-58b6a2e59b84,2025-01-22,Pending,False,823.11,Credit Card,,AGT-8566,21.0,Yes,37.0
ed2f0bde-4675-4c26-93e0-9c42af586e38,2023-10-23,Pending,False,1763.2,Credit Card,YPUIGB1Y,AGT-6107,38.0,No,52.0
f3b2e2d1-659a-4195-88e5-76eca0658c79,2025-03-20,Late,False,199.26,,BJPRGB2Q,AGT-3685,,No,44.0
8b74e1b1-d494-4979-ada9-194247ad474b,2023-10-14,Missed,True,1871.55,UPI,YDLUGBIL,AGT-4181,35.0,Yes,41.0
be362c91-4cf1-4c63-a2aa-865d6909f347,2024-11-27,Late,False,112.89,NEFT,WLRYGBMW,AGT-3965,87.0,No,8.0
8769bc93-6b37-423d-b6a2-dbdc3d77d37f,2023-10-02,Pending,False,1954.84,Cash,AONOGBTN,AGT-7689,38.0,Yes,41.0
091179e8-36e7-4905-9f41-3efca757d2f3,2025-04-14,,False,1339.92,Cash,EJJYGBAV,AGT-5534,60.0,No,
76248d43-4905-471a-a843-3027e96b0ceb,2024-08-27,Paid,False,1109.29,Cash,RJEAGBR9,AGT-7478,15.0,Yes,
e2976813-eacc-46de-83c7-690385f8de5d,2024-09-20,Pending,False,1815.33,Cash,IWLMGB2K,AGT-6304,58.0,Yes,23.0
596b5e0f-67d7-4fb7-b4e7-ad372010a13e,2024-07-06,Paid,False,1567.64,UPI,,AGT-2341,23.0,Yes,57.0
cf4200b2-9e49-4d1c-95d5-8ddac8a72d77,2025-01-21,Pending,False,710.51,Credit Card,FYMPGBQI,AGT-2436,45.0,No,24.0
88bf9150-6b5e-4fc7-a8dd-104eeeb16d24,2023-10-29,Missed,True,150.7,Cash,UYUPGBMS,,49.0,Yes,8.0
142af750-049f-400f-87dd-af25d35f5dc1,2023-12-31,Late,,1039.13,UPI,XCOQGB7U,AGT-0692,,No,20.0
a793ec7e-e20c-457f-bddb-fafc4c2bacf2,2024-02-04,Pending,False,1269.77,Credit Card,ZYVEGBF4,AGT-0086,75.0,No,30.0
1d31c454-b1e1-4a8e-9a5b-a9b3977077fb,2023-10-23,Late,False,841.52,,KYNJGB3I,AGT-4828,10.0,Yes,27.0
,2023-12-14,Pending,False,1196.01,Cash,PJWIGBR0,AGT-5306,18.0,,6.0
575c708b-1116-4abf-a696-a8f82c1b3cbe,2024-05-17,Paid,False,959.26,NEFT,QJTFGBI1,AGT-1474,89.0,Yes,14.0
61ec16c3-f385-4471-a527-5e354a7d68fd,2024-12-11,,False,1172.01,NEFT,OUHRGBIS,AGT-3111,30.0,No,3.0
,2025-03-20,Missed,True,1248.98,,TFHEGB41,AGT-1336,84.0,Yes,32.0
dcf8f911-399c-4e41-93bd-2c8f1b06ff94,2024-11-06,Pending,False,1178.93,Cash,RLZXGB9X,AGT-4471,84.0,No,42.0
7a06c86b-ca15-45d8-aaaf-fc541c16b6c6,2023-07-22,Paid,False,178.57,NEFT,ZWSAGBWE,AGT-3722,12.0,No,56.0
6efb0ac2-709a-460b-82bd-0e1df3295924,2024-12-29,,False,922.65,UPI,LSSCGBNK,AGT-8717,33.0,Yes,31.0
,2025-06-02,Paid,False,638.29,Credit Card,XVZAGBGK,AGT-7636,82.0,No,20.0
,2024-11-18,Late,False,1315.05,UPI,RJLOGBQW,AGT-6690,75.0,Yes,48.0
d8d7b1f6-60da-4453-ab65-3bf62b478839,2024-11-17,,True,1693.66,Cash,NGLCGBBZ,AGT-9672,6.0,Yes,32.0
a84e8985-2d6a-47fe-b145-3caf22fba2ad,2023-12-09,Missed,True,1567.81,NEFT,UNLVGBPL,AGT-2877,1.0,No,58.0
91ca7768-5722-4915-9a69-04ad30dedb11,2023-11-13,Missed,True,437.75,UPI,,AGT-5054,74.0,Yes,1.0
d41b48f4-5f51-40e4-b753-cb84e64eeb73,2024-11-19,Paid,False,545.11,Cash,SNJYGBSR,AGT-1373,55.0,No,19.0
685baf23-6c8a-48a6-9d2e-923bae8564e3,2023-09-09,Pending,False,1385.07,UPI,YZVDGBG0,AGT-4464,10.0,No,12.0
b9105a84-c861-45ac-b256-03bde3630bb2,2025-04-20,Paid,False,1195.48,Credit Card,VXAOGBFR,AGT-5025,41.0,Yes,
56d3f14c-9dc6-4f8c-937f-c575970cd66e,2024-09-28,Pending,False,982.75,NEFT,SDTKGBN8,AGT-6499,10.0,Yes,4.0
f161e3f4-0401-44fd-b0e9-d71144c92131,2023-08-14,Missed,True,,Cash,OFSSGBVU,AGT-3787,71.0,No,32.0
2f64c78a-8c53-4d27-9227-0aeb02542b38,2025-05-28,Missed,True,482.2,Credit Card,MQNJGBH3,AGT-5366,31.0,No,58.0
d18e7353-dba3-44ae-b597-45a8d1ebc28c,2023-08-12,Missed,True,1127.46,UPI,IDVBGB03,AGT-4905,15.0,Yes,37.0
3ce60f0f-a12a-40d5-a186-1eec0c902084,2024-08-08,,False,803.55,NEFT,TVCUGB4F,AGT-2819,,Yes,47.0
ee810720-15a5-43cd-9245-0a9ef535d9f3,2023-09-16,Pending,False,562.77,NEFT,QJCHGBXH,AGT-5308,77.0,No,11.0
0ff8a31f-ebd9-4a6e-82b0-0299235dc1c4,2025-03-08,Missed,True,252.38,UPI,UOCIGBYQ,AGT-1577,29.0,No,
d44909e2-12ca-47f2-9691-61046c47fc7a,2024-02-20,Pending,False,216.71,Credit Card,IVOHGBAX,AGT-0817,85.0,No,45.0
7f3353a2-76a4-444b-8b26-75447e9e9718,2024-05-20,Late,False,975.23,UPI,KLSSGB56,AGT-4958,82.0,No,51.0
1427aeb3-ad83-461f-a248-bbff25e28f74,2025-07-13,Pending,False,520.78,NEFT,MNYOGBI8,AGT-3950,42.0,Yes,35.0
375c00a3-72b7-4a0b-8086-51fffb05151b,2025-03-27,Missed,True,1869.3,Credit Card,HIYPGB0G,AGT-8727,80.0,No,52.0
fa09b17e-631f-43c1-852d-ced65e784249,2023-11-26,Missed,True,,Credit Card,SAIHGBSH,AGT-2570,20.0,No,50.0
fa42b34a-a2f6-453a-b474-f8542783926a,2023-08-20,Late,False,1572.57,UPI,VBXWGBLG,AGT-8284,85.0,Yes,37.0
725401f4-254e-4a73-8051-fffe2a6faf14,2025-07-13,Paid,False,1596.17,Credit Card,HFRLGBP8,AGT-3977,45.0,Yes,42.0
f1dd11b4-0514-4f4d-839e-2b51684f5024,2025-06-07,Late,False,305.51,UPI,QHPYGBWH,AGT-2402,,No,23.0
3859be3b-0420-4f29-886b-513686798be5,2023-10-23,,False,248.33,Cash,NQESGBCM,AGT-9812,76.0,No,
53e1149b-a41d-494a-aae4-7cb3d9e7d464,2024-09-09,Pending,False,1741.74,NEFT,GQKLGBGD,,14.0,No,34.0
c1947d74-bef2-4123-b7ce-203a701ff64b,2023-08-08,Missed,True,1510.65,Credit Card,PVOWGBXF,AGT-3696,2.0,Yes,21.0
47f190ea-6e47-47a3-a1ac-acccd526bc00,2024-11-03,,,422.69,Credit Card,GVINGB3H,AGT-6067,87.0,Yes,23.0
92aeacbd-ba9e-46ef-a85e-beb77afa0cf8,2023-08-14,Pending,False,1477.67,UPI,DZGGGBOR,AGT-2706,58.0,Yes,12.0
ffa2c24a-9010-4711-89c5-cf690a72ea99,2024-02-06,,False,1487.9,Credit Card,HABRGBWK,AGT-3941,38.0,Yes,59.0
d663a247-e94d-4a17-aa7c-b8b6493171f3,2025-01-16,Paid,False,599.74,NEFT,GOKUGBB3,AGT-3125,44.0,,55.0
412ceed0-eba1-47e3-87cd-b6af0ccba5ed,,Missed,True,1627.91,Credit Card,FNVAGBUY,AGT-7401,54.0,No,23.0
64ac69ee-6043-4974-bef9-39a9e2d0dee6,2025-05-29,Paid,False,1946.46,Credit Card,FJQBGBFT,AGT-3596,87.0,No,51.0
355298ac-7ba4-46d0-9eef-c2803d189ec2,2024-03-01,Paid,False,1515.38,UPI,YCZQGBTL,AGT-4156,,No,52.0
3c3ae928-8e6b-4bc5-90b2-ca98951e1fd7,2024-08-24,Missed,True,1016.35,Cash,WQJAGBB0,AGT-2304,61.0,Yes,11.0
0c38d7ec-1b94-40b8-b37c-f2d2a7cbb84f,,Late,False,828.24,Cash,JFBSGB8O,AGT-5715,,Yes,53.0
3d6b6ba5-d55a-49fb-b127-896d028144e6,2025-04-12,Paid,,1848.47,UPI,,AGT-3043,12.0,Yes,40.0
8db2eef5-1279-4af5-9d79-97b40c08af31,2025-02-17,Missed,True,1294.97,,XBHLGBT4,AGT-5215,53.0,Yes,
0d5b8f0e-2a71-463c-abb5-9b1857fbe88a,2025-02-28,,False,867.7,NEFT,NGQVGBAU,AGT-9362,34.0,No,54.0
86749593-9bfa-47b8-85a0-cf8b19ff0162,2024-05-01,Pending,False,1002.45,Cash,VCLEGBLN,AGT-2610,52.0,Yes,51.0
842c66d8-4248-49d3-9286-ec1a36aedf3a,2023-12-06,Paid,False,1942.55,NEFT,EPZLGBAT,AGT-8010,59.0,No,
8d122391-749a-47dc-8784-8a3d09d0ecec,2024-08-27,Late,False,,NEFT,WPGMGBLD,AGT-9514,63.0,No,56.0
d8c9ff6c-bcbe-4fb1-aec1-e5119a1d5309,2023-08-27,Paid,False,1978.84,NEFT,JNUSGBC3,AGT-9434,24.0,Yes,53.0
90ae904e-63b1-47be-b483-d3eb8f254128,2025-05-12,Paid,False,496.54,UPI,RJOAGBTX,AGT-5784,67.0,,35.0
9e76e4eb-f73d-4c63-9e6d-a10408da9094,2025-04-15,Late,False,1181.48,NEFT,RJBAGBQU,AGT-6998,70.0,Yes,23.0
945673bb-16e3-407b-9555-07c9f3e93751,2023-07-22,Pending,False,781.72,UPI,IVJCGBVE,AGT-5948,72.0,No,3.0
a7292e65-36ea-4fac-95d9-71b51ca7f2f2,2023-11-04,Missed,True,656.99,UPI,QGFQGBZP,AGT-8651,88.0,No,53.0
cb0ded9c-d4c5-4d87-9109-6f6cecb38472,2025-01-10,Late,False,1748.12,Cash,OXIRGBNK,AGT-4421,70.0,Yes,58.0
ae982b8d-b370-4985-92fe-9f069dd379db,2024-01-25,Missed,True,1782.25,Credit Card,LIYVGB2W,AGT-4626,4.0,No,15.0
fca1ef6f-a5b6-4316-b252-9a5ac1dcbce3,2025-01-26,Pending,False,1374.31,Cash,GVKFGBLL,AGT-7108,65.0,Yes,52.0
,2024-07-18,Pending,False,1594.82,Cash,YQMYGB4N,AGT-0659,34.0,No,45.0
cf2d1a6c-abe0-4a40-b997-128a52b1be84,2023-09-28,Pending,False,1380.09,,JVUZGBOY,AGT-8285,67.0,No,6.0
15c327b3-ac57-4a45-9469-4c9df6e187e2,2024-08-10,Missed,True,639.71,NEFT,RGAQGBC7,AGT-6213,16.0,Yes,6.0
fcc0f853-0569-4914-b463-ba4fa6fa2ca4,2023-09-15,Missed,True,467.92,Credit Card,XMIZGBF3,AGT-2252,26.0,No,12.0
d2759070-993d-406c-9f68-f7196c65ff9c,2023-10-07,Missed,True,678.33,Cash,KLWHGBUU,AGT-8957,79.0,Yes,49.0
c5e2697b-c058-4a40-973f-0b4e6cd21592,2025-04-30,Late,False,,Credit Card,GCXEGBU7,AGT-7908,25.0,,3.0
f97d6107-71b4-422a-9dd8-f5de9c216658,2025-01-03,Pending,False,885.24,UPI,JPADGBOW,AGT-5181,59.0,No,14.0
d20f06a5-b379-4a7e-8a94-e2f626d80ad8,2024-08-18,Late,False,690.58,NEFT,ETYVGBWB,AGT-3762,26.0,No,47.0
940b3dd2-ce47-426e-a294-b6c4f8f600d9,2023-12-14,Late,False,1437.32,Cash,KRUZGBU5,AGT-9404,35.0,Yes,31.0
1c9d684f-4b11-47b0-a65e-1b4143807d83,2024-12-26,Pending,False,1680.92,Credit Card,MXBWGB4E,AGT-8679,4.0,Yes,37.0
8f2d39ef-363f-47a9-b851-902ae9d6fa0f,2024-10-27,Missed,True,487.37,Cash,ADDSGBA9,AGT-8069,2.0,No,40.0
896ffbaa-eae0-45c0-bed3-6a9ce95d3412,2025-06-15,Paid,False,,UPI,NMPOGBZZ,AGT-2562,82.0,Yes,10.0
,2024-08-03,Pending,False,765.95,,DXCJGBRH,AGT-1626,40.0,Yes,10.0
299a8116-9d18-4fa1-8b92-0d8944a8e25b,2024-07-22,Missed,True,731.27,Cash,BDRJGB26,AGT-0625,15.0,,8.0
,2025-06-12,Paid,False,206.83,UPI,TNUBGB4W,AGT-0137,63.0,No,54.0
5c39e170-808d-4e28-a84b-5c99a84e765e,2023-10-30,Paid,False,1623.46,Credit Card,SSFNGBC7,AGT-4164,43.0,No,53.0
69693caa-1ef6-4879-afbb-87ff494e3a52,2024-10-20,Missed,True,627.9,UPI,DMASGBFN,AGT-6458,73.0,Yes,17.0
1bf14c21-27cd-4a23-ad10-59cb9a48aaba,2023-10-09,Pending,,1548.76,NEFT,OEAIGBDX,AGT-7792,16.0,No,15.0
06c8d80b-f91b-4df4-92ac-5cd36161f9ca,2025-06-02,Missed,True,1676.16,UPI,VAZKGBIT,AGT-5780,49.0,No,58.0
b3a356f7-d0bc-48e6-808c-99ab4dcb15e0,2024-09-20,Late,False,1239.93,Credit Card,KLKJGBC2,AGT-4908,55.0,Yes,30.0
e9ae6c5b-05c7-4104-9d73-f68fa5953040,2024-02-04,Paid,False,1545.95,,INGCGB9D,AGT-9571,55.0,Yes,45.0
6533c09a-1362-4518-83e9-073dc16d33ca,2025-02-10,Pending,False,,NEFT,BZALGBXI,AGT-5868,5.0,Yes,36.0
bed242ca-77ca-43fc-833e-f87643210a8c,2024-07-19,Late,False,605.81,UPI,UJPXGBTK,AGT-7074,26.0,Yes,53.0
45ad3c2f-0096-4fe4-865d-cb8c08d72190,2024-07-22,Missed,True,1365.69,Cash,LIBPGBXW,AGT-6040,82.0,No,41.0
983a76a5-3945-473c-b401-c681b3bed0fd,2025-03-17,Missed,True,,NEFT,UIWGGBE5,AGT-9752,33.0,No,21.0
9dedf35c-68bf-487b-9814-226c9c8d82c1,2025-05-25,Late,False,1684.34,UPI,WZNZGBKY,AGT-3416,60.0,No,18.0
f7479b84-ea95-4b25-a322-763330258be5,2024-01-01,Pending,False,137.53,Credit Card,XFJKGBOC,AGT-8224,19.0,No,13.0
aaed8f2b-884f-40c4-ae10-92079f188223,2024-05-25,Missed,True,1081.11,Credit Card,CIXCGB04,AGT-6900,64.0,Yes,26.0
dc90e0d3-e2bc-43a3-b13b-b84cf56eaad7,2023-12-21,Pending,False,1170.76,,MHYOGB4T,,42.0,No,32.0
f77fde99-66b1-43ea-9eac-9dce9400384a,2025-06-18,Pending,False,777.76,NEFT,VVLOGBTG,AGT-1287,27.0,No,51.0
4a70aa09-bf33-44ba-9026-0ac6cde3ec68,2023-09-22,Missed,True,722.77,UPI,PGLHGBZJ,AGT-5660,60.0,No,43.0
8b5d1e6d-5978-4cd6-a3dc-b7fbbde5f934,2024-05-14,Paid,False,245.34,Credit Card,QRMOGB32,AGT-3182,16.0,Yes,32.0
3bfdef56-37bc-425e-8d0c-73daf33858b5,2023-09-12,Late,False,457.88,,JYHCGBC9,AGT-0045,56.0,No,9.0
ab6454ad-fa63-46f6-88c8-f00ba6323761,2025-05-08,Missed,,1339.26,UPI,QQZBGBAQ,AGT-5186,52.0,Yes,7.0
c15286c1-1b70-4db4-a6ee-69d76e5300f6,2024-07-06,Pending,False,1713.25,Cash,,AGT-3340,56.0,No,9.0
a69fd447-0840-4aca-bde9-b607b120a4a1,2025-05-16,Late,False,1918.47,Credit Card,ENVLGBDQ,AGT-6321,28.0,Yes,33.0
505d7867-f2ae-42ec-82e3-f23ca64d6b3e,2024-09-22,Paid,False,183.74,Credit Card,AKGGGBDL,AGT-3325,20.0,No,23.0
98afa57e-b858-4f3e-91d1-ad75447facd2,2025-01-24,Missed,True,487.65,Cash,TGRKGBG0,AGT-3648,11.0,Yes,50.0
8446325c-c26f-48f8-aeaa-aa65306f40ca,2023-12-10,Paid,False,1045.2,Cash,VQZZGB6M,AGT-5026,84.0,Yes,49.0
5baf8fc6-779e-4e60-850d-390e1866a9fe,2024-03-24,Paid,False,1333.27,UPI,STXTGB6B,AGT-3897,0.0,No,44.0
ea62c49f-c34a-4850-afb4-67d65f13bd7e,2024-01-05,,False,958.77,Credit Card,FWACGBPO,AGT-1909,58.0,,52.0
5ccafd10-e73d-433c-a5ac-f7a2478e1a5f,2025-06-19,Missed,True,1297.36,Credit Card,TSAGGB6I,AGT-7359,61.0,No,21.0
ac120fd0-d0b4-42a0-bcab-7ee3c9823504,2024-05-04,Late,False,709.11,,NLQNGBEO,AGT-2825,88.0,Yes,59.0
b5beed54-70fb-4976-9500-f09ca806223a,2023-11-24,Pending,False,147.12,UPI,GIEKGBCA,AGT-2930,38.0,Yes,
3bee5776-b0fa-4bd5-860e-0e813ee7890d,2023-07-30,Missed,,222.29,Cash,VBDYGB8S,AGT-4281,28.0,Yes,
ba14ac93-72ab-4dba-9ad6-0d7b3cfc1616,2024-06-09,Pending,False,1412.99,UPI,KEWBGB6O,AGT-2175,23.0,Yes,11.0
33c9893c-8f7a-41c9-b139-9b365c34ed13,2024-06-27,Late,False,389.25,NEFT,RWEFGBC3,AGT-5296,19.0,No,34.0
9f29bf25-99a8-449a-8712-ab688acb4da5,2024-12-28,Pending,False,1700.06,UPI,VAQQGB70,AGT-6051,79.0,No,46.0
394a7864-2238-491a-8488-053c0c96f41c,2024-09-04,Late,False,1050.8,NEFT,UQQHGBD8,AGT-4563,81.0,Yes,15.0
41409e02-7146-411c-939a-3a1fe62bb95d,2024-05-06,Missed,,553.51,Cash,TCTYGBX3,AGT-0595,81.0,No,23.0
5e257084-d687-424b-ba1d-7e1c701377ca,2024-10-07,Paid,False,727.26,Credit Card,VFZPGB8J,AGT-7750,80.0,No,20.0
746ce162-f121-4985-a767-9106981e2c92,2024-04-15,Paid,False,855.56,UPI,SQMJGB1G,AGT-5587,43.0,No,24.0
5cd71d8a-fccd-4f47-bc3a-a113f3eea8fa,2025-05-29,,False,868.61,,CAOPGBJJ,AGT-5789,5.0,No,
f5d6eea7-7a5b-4e38-a7f5-ac0a7a8da3b6,2024-02-12,Paid,False,906.02,,FXTFGBRJ,AGT-7468,84.0,Yes,44.0
9beec877-ce0c-48d2-a833-060bbca8c27e,2024-06-29,Late,False,201.98,Cash,TNLKGBZI,AGT-9493,71.0,No,25.0
df13767f-da04-4ab4-859c-f3efec19fc54,2024-03-11,Late,False,998.0,Credit Card,,AGT-5017,77.0,No,
919cf83a-2c25-44ff-b321-b7ed816b1e7e,2024-10-23,,True,245.58,Credit Card,WMZFGB0N,AGT-3237,39.0,Yes,54.0
52790be0-7082-454c-a7c6-cfaa693e5cfc,2023-09-25,Paid,False,1491.94,UPI,UDVPGBY2,AGT-5145,46.0,,46.0
2399741e-9861-43bd-beb5-3a4d733027f2,2024-11-22,Paid,False,539.89,Credit Card,KFKUGBQW,AGT-1098,56.0,Yes,1.0
46ea7347-edf3-4588-a90f-37c6a69e9dc8,,Missed,,1591.86,Cash,CDTVGBGY,AGT-6052,22.0,No,
4afff5bc-6b10-4e39-8d0e-e98c4fde6a0f,,Late,False,365.1,Credit Card,YODAGBC9,AGT-5372,46.0,No,12.0
7884431d-a9ab-4a76-95d3-3a0b76aa90f4,,Pending,False,1056.17,Cash,KUTEGBZK,AGT-2709,27.0,No,52.0
cd59233a-e7a2-49b5-9cef-281905691178,2023-09-12,Pending,False,331.35,Cash,OAJKGBT5,AGT-6854,25.0,No,49.0
9445f8b8-33e0-4e6b-b18c-1f786f6fb9c1,2023-09-02,Late,False,958.71,Credit Card,XBGOGB9S,AGT-6373,5.0,No,34.0
134d26d7-1979-43fd-8a19-aff3498c1441,2024-05-28,,False,1509.34,,NKMEGBX1,AGT-0562,4.0,No,4.0
c6891ff2-aa46-4b46-a116-627805dfdcf9,2023-10-05,Pending,False,,,ZIVNGBQU,AGT-0518,31.0,Yes,44.0
0617a81f-756b-4006-a71b-ee273a2a0a30,2024-02-05,Missed,True,805.84,Cash,UJEUGBW9,AGT-8687,47.0,Yes,51.0
04fa9a9b-4658-42d2-ad26-9ff2f76fdb95,2025-03-21,Pending,False,179.25,Cash,WDUXGBY2,AGT-3999,22.0,Yes,46.0
4a6844b5-bae6-4203-abe0-bca0c8a3d1fd,2023-08-05,Missed,True,650.31,NEFT,ROUDGBSD,AGT-1977,,No,10.0
bc458379-53ac-4d08-a4ec-3507c2bcd4ce,2023-10-07,Missed,True,1291.51,NEFT,BXRBGB9D,AGT-8006,76.0,Yes,14.0
e6598f3f-6793-4405-a1d5-619e8c271c64,2024-11-04,Pending,False,,Cash,SXXDGBGP,AGT-7325,74.0,No,57.0
,2025-07-13,Missed,True,394.78,NEFT,MKQDGBE2,AGT-8743,78.0,No,59.0
d8f2c43c-c7b7-45de-b77c-888a725b83a0,2023-11-02,Late,False,1404.11,NEFT,XIZAGBDQ,AGT-0120,44.0,Yes,14.0
3c67350e-d478-48fa-8940-17cb8c88fd31,2023-09-27,Late,False,1442.08,Credit Card,DPLUGBBB,AGT-6931,85.0,Yes,38.0
2d0aa917-4c3b-4309-8023-df700a281e43,2024-05-27,Paid,False,540.56,UPI,UKMGGBJH,AGT-0810,22.0,No,37.0
d2d03eee-30bd-4782-a98d-6f6fcce11b88,2024-09-06,Missed,True,1180.21,Cash,NAVUGBKR,AGT-3560,0.0,Yes,27.0
f8e8b5e2-b66c-4c6b-9e97-84d9aaf0379f,2023-08-10,Paid,False,817.28,Cash,FCZMGB5E,AGT-4498,,Yes,46.0
dc7e9576-c8c1-49df-9b47-ac62c6df8cfe,2024-10-21,Missed,True,349.16,Credit Card,NUKOGBGE,AGT-7009,11.0,No,42.0
dc0b7f42-37af-40fa-bdf4-ebadddc47afd,2024-06-22,Paid,False,812.25,Cash,LVTEGBXT,AGT-2679,74.0,No,53.0
9067250c-049e-4774-a6e8-50d546cbfeb3,2024-07-31,Paid,False,598.98,Cash,RWUTGBXF,AGT-7839,71.0,Yes,13.0
85d0e5b8-8e21-45b4-9294-cdf3e4e67217,2023-07-23,Missed,True,891.75,Credit Card,HZWLGBVP,AGT-4213,,No,36.0
31a0f5c8-d961-4c0c-a2d6-a5db7c0ee758,2024-08-06,Late,False,1392.78,NEFT,SKRTGB9N,AGT-9672,30.0,,26.0
51b53d37-fcf9-4532-83ef-9785c1e0ee8c,2025-06-18,Paid,False,391.17,UPI,VEFIGBIA,AGT-4894,76.0,No,49.0
14d8d22b-b724-4212-b07c-276b9f9c481e,2024-11-15,,False,491.51,NEFT,UYOYGBTY,AGT-3291,9.0,No,14.0
121a97c0-aec4-46ce-8ed1-f6379fb859fc,2024-03-24,Paid,False,1919.74,UPI,VTMGGBW4,AGT-9584,49.0,Yes,58.0
242fe502-4938-4eef-ad80-1f6991be3747,,Pending,False,1559.09,Cash,SZCGGBKU,,50.0,Yes,23.0
737f7d51-122d-49cd-9849-32269ce56714,2024-06-22,Late,False,594.83,UPI,YLUWGBDM,AGT-0692,,Yes,16.0
60011ef0-3735-412e-8c17-2dba0f6ddc91,2024-06-19,Late,False,1437.89,Cash,PLBCGBO7,AGT-5183,,No,18.0
ac87b33d-8ff7-403a-be13-5a98396d318e,2024-05-30,Paid,False,1795.49,NEFT,FVXAGBJY,AGT-1813,39.0,No,36.0
b2f53b4b-c1ca-4917-a9d5-5283fc36ff3a,2024-03-03,Late,False,472.34,UPI,,AGT-5397,39.0,Yes,29.0
66eb64d7-81bd-4c1d-a5ee-b0acc6a85e10,2024-01-20,Late,False,1019.92,NEFT,HDXVGB9J,AGT-8578,47.0,Yes,44.0
6b822b25-eb23-4a8f-90b2-c7b87ea499e4,2023-07-27,Paid,False,895.43,Cash,UJIWGBMG,AGT-2947,16.0,No,31.0
854c42e8-c58f-4033-94d0-6561d15fb204,2024-02-02,,False,674.63,NEFT,HDMWGBFN,AGT-1043,,Yes,57.0
497606d4-b7f2-4eec-90db-18a745b605b6,2024-06-24,Missed,True,,UPI,YGHDGB7G,AGT-8337,11.0,No,48.0
8c364091-cf3b-4bdd-86ab-550dc93b191d,2024-03-19,Late,False,828.63,Cash,VDIFGBUT,AGT-4392,33.0,No,5.0
c87f6aa0-d537-4b06-89ee-a61647300031,2025-05-11,Missed,True,1515.73,Cash,MXUIGB9F,AGT-4509,74.0,Yes,18.0
296a0eae-2832-4b5f-9ac4-7251a8c62a0c,2024-10-16,,False,948.81,UPI,QXDYGBCR,AGT-7777,38.0,No,15.0
f638c908-31fe-49f8-936c-1bbf4b7bafef,2025-04-05,Pending,False,337.46,Cash,EZQZGBNC,AGT-1013,48.0,No,34.0
40a2facb-f519-407e-9f99-e42f211043bd,2024-01-01,Missed,True,1310.49,Credit Card,NLSGGB9A,AGT-8238,67.0,Yes,19.0
46577c44-ec3c-4d3e-be57-bb335601e696,2025-04-24,Paid,False,1323.96,UPI,GSZMGBKP,AGT-2099,12.0,Yes,39.0
2e2dcfe7-1e74-4eec-a15f-ec813ccb8bd4,2024-02-19,Pending,False,1019.91,UPI,YWDUGBNI,AGT-9853,85.0,Yes,28.0
ad2c3087-d10f-4adb-a088-8131c195e314,2023-10-27,Missed,True,345.94,UPI,DYTVGBOG,AGT-9844,8.0,Yes,30.0
f3c284ca-367e-4e3d-be00-1ce8cc01c8cc,2024-04-08,,True,,Cash,APHWGBON,AGT-0629,42.0,Yes,37.0
,2025-07-09,Missed,True,1051.94,Credit Card,TYZEGBZ4,AGT-6958,21.0,Yes,54.0
79d5c45c-8102-42b1-afce-9408b73351b5,2024-07-11,Late,False,1426.99,,QYSFGBNX,AGT-7250,56.0,Yes,21.0
7f310b27-a14d-404a-938e-9ca8ed625e0a,,Pending,False,1164.87,NEFT,EYVOGBZQ,AGT-8196,75.0,Yes,46.0
4f103698-8855-4c8c-8034-0687dc5639f7,2025-05-21,Pending,False,1434.58,Cash,HLIOGBB0,AGT-9745,18.0,Yes,49.0
0e23e4c7-4d42-4ad9-84bf-03db63356323,2023-09-10,Late,False,531.39,UPI,LUEAGBMB,AGT-4181,20.0,Yes,41.0
9918a35d-4060-45b3-8eea-d65dfe0a10e1,,Paid,False,122.12,Cash,VEBGGB7D,AGT-0538,28.0,No,
,2024-04-16,Pending,False,237.21,NEFT,YFKOGBXO,AGT-8218,65.0,No,50.0
c4b9bad2-bec8-4fe5-82b5-c9d01f32455d,2024-03-13,Paid,False,403.8,UPI,RTJAGBS2,AGT-1668,78.0,No,15.0
c7c7cdfb-ca70-4464-9c1b-7a377e20fe57,2024-04-24,Missed,True,334.45,Credit Card,EJZRGBIK,AGT-5945,81.0,Yes,18.0
d0a723ec-b53b-4e04-aa50-3049e6d1ee2e,2025-03-23,Missed,True,1071.51,UPI,ZGXUGBL1,AGT-9781,40.0,No,13.0
b91c0e9b-31d6-4ca4-9e29-51a50f5aa385,2024-09-28,Missed,True,376.39,Cash,YTVRGBEJ,AGT-8759,61.0,No,3.0
efe32054-75a7-4187-8f9e-624a9c2afcf7,2023-11-26,Paid,,1447.22,NEFT,PFFNGB8X,AGT-7489,60.0,No,16.0
4eb7c0d2-4769-4caf-b908-dc12e015fb13,2025-06-24,Late,False,,Credit Card,LDOUGB33,AGT-6376,9.0,No,23.0
5a7c9cfd-0a74-4bad-aaf9-ab3059c9c2dc,2023-08-15,Missed,True,586.02,UPI,SANEGB4X,AGT-0313,15.0,Yes,15.0
c22d4573-4cf5-4a84-9c15-59708c43af24,2024-08-16,Paid,False,1460.85,NEFT,YWOMGBIW,AGT-9919,49.0,Yes,21.0
d3758d79-ae81-4ab6-8efc-6b94fd28ab76,2023-10-04,Missed,True,1391.26,UPI,NJINGB6I,AGT-7335,0.0,Yes,38.0
694a2972-9f7b-4bf4-93f2-028c785dd312,2024-02-16,Late,False,874.57,NEFT,UIJVGBM0,AGT-8732,86.0,No,7.0
2b662d87-c410-4a8e-a77e-808ad83a6dc6,2023-11-10,Pending,False,1841.02,Credit Card,ECFIGB21,AGT-4918,39.0,No,5.0
8eef3708-9418-45fc-975e-aa814c8baaf6,2024-03-16,Missed,True,206.85,UPI,LTKIGB6Y,AGT-6799,35.0,Yes,8.0
4f136994-147e-4d44-8f7b-05e80dac463c,2023-07-23,Pending,False,212.36,NEFT,FBXFGBOJ,AGT-9316,34.0,Yes,21.0
8fae085b-2f5a-4c15-9eef-bd64f2dcd927,2024-07-17,Late,False,901.42,,FTYXGBHF,AGT-1803,80.0,No,4.0
a2c0ae8f-dfb6-43c5-8b0f-c78e834790c4,2024-08-13,Late,False,191.17,UPI,JEHDGBRJ,AGT-5751,1.0,No,58.0
9e8f98cd-6966-40cb-9bf5-a8afca31cc26,2023-12-06,Paid,False,851.08,UPI,AYDCGBRO,AGT-4837,29.0,No,8.0
c55a7ab8-ae99-4497-af51-60432b149169,2024-10-25,Pending,,783.63,UPI,VJIRGBVZ,AGT-2577,85.0,Yes,31.0
6d699195-fd4c-4d0c-897e-0e6cc0d4b5a6,2025-07-15,Paid,False,538.97,Cash,ZYMHGB5Y,AGT-7837,26.0,No,7.0
fd79f446-8f26-4701-9fd9-4f955ce3a643,2023-09-29,Late,False,1478.22,Cash,CSIRGBJG,AGT-9924,38.0,No,6.0
5cac4b41-0c52-4d48-8326-28cfc49e3f9d,2023-11-28,Late,False,,NEFT,VPTOGBE6,AGT-0586,14.0,Yes,19.0
a1bc9bb9-bbff-4f6f-972f-7a091297ed55,2023-11-14,Pending,,342.26,UPI,GEZWGB47,AGT-4819,58.0,Yes,19.0
8cd3c687-eb03-4a44-963a-f998954ca89b,2025-05-17,Pending,,1031.09,Cash,VYTKGBWB,AGT-1414,65.0,Yes,58.0
e22a19b6-1af1-4032-8d57-0bf863b84c2d,2023-10-28,Missed,True,,NEFT,QUKTGB74,AGT-8349,71.0,,53.0
3f6e551f-82a0-4818-8e42-4524ecb75a0f,2024-02-17,Missed,,1112.73,NEFT,FRVJGBYC,AGT-0384,42.0,Yes,50.0
dfdc84b1-c11b-41c4-a060-ebd0073d2e56,2024-10-03,Pending,False,1729.89,Cash,FZFCGBBV,AGT-4934,88.0,Yes,50.0
9f6d319c-9b5f-4d74-8546-6954a8cf13be,2024-11-03,Pending,False,108.28,Cash,AEFVGB2L,AGT-9399,59.0,Yes,46.0
5ec6678f-4da5-4f0f-9bc7-cd3d32365f26,2023-11-06,Paid,False,1832.34,UPI,QWRAGBYH,AGT-3964,47.0,No,21.0
c446ac18-7d33-46e2-8d32-1049963d36c6,2023-10-30,Late,False,1216.06,Credit Card,LAMUGBLO,AGT-2941,,No,28.0
b7b6c853-e9fd-47c9-8097-e1e90fc8218c,2024-03-14,,True,755.46,Cash,TJDEGBHN,AGT-4547,32.0,No,37.0
1d9fab3b-d53b-4d02-9303-48c67191de57,2024-05-26,Late,False,,NEFT,GKCKGBNE,AGT-5810,49.0,No,3.0
b7ee158f-c14d-4717-8445-2dc08e22cba7,2025-05-28,Pending,False,1487.41,UPI,NANOGBMP,AGT-3889,16.0,Yes,4.0
8ae3d13d-9104-4610-9f92-77eb26d4d57e,2024-06-10,Missed,True,1026.36,Cash,DPKMGB1O,AGT-5167,74.0,No,57.0
e5e76c07-fcb9-487e-b10f-71eda4a8b9b0,2024-10-22,Paid,False,1161.03,Cash,EOKGGBC2,AGT-6379,76.0,Yes,43.0
d1266a84-6361-438a-ad68-b750995c7788,2024-10-05,,False,626.24,NEFT,GKOXGBEN,AGT-8668,83.0,Yes,19.0
f6cdba69-c7aa-4e7b-bf0e-82361daa611f,2023-08-26,Paid,False,579.31,Credit Card,QNHSGBIK,AGT-8149,65.0,Yes,25.0
cfdce4e4-1441-4ef3-ba33-14c65fb15450,2024-04-29,Late,False,1895.58,Cash,RLSEGBBE,AGT-1165,12.0,No,48.0
fc302b9e-c760-4e78-baa2-8c27974fc0c5,2024-10-06,Missed,True,557.4,Credit Card,HTDCGBDR,AGT-1839,86.0,No,54.0
baac6261-05f4-47ec-b27a-d5a7615d2b01,2025-01-16,Pending,False,744.57,Credit Card,WMHFGB2K,AGT-6266,57.0,,26.0
728ab277-505b-4915-85ba-f5fed27cbcd6,2025-05-27,Paid,False,596.54,NEFT,HPTJGBVR,AGT-2823,72.0,No,35.0
c9e70dde-de79-4020-a036-2632a838aae5,2025-03-08,Missed,True,676.61,Credit Card,DXJLGBXP,AGT-5633,74.0,Yes,45.0
5475b3ec-12eb-4e48-8e98-32aeaebbe3f5,2024-06-28,Missed,True,669.74,Credit Card,GSYCGBKR,AGT-7244,8.0,No,41.0
ae6ae114-396b-4da7-b8a9-40160bbf4f47,2024-12-04,Late,False,1308.9,Credit Card,MEIQGB0J,AGT-7597,82.0,Yes,18.0
530e79e3-fcaf-403d-8f8d-fa782a5e00bf,2025-05-06,Paid,False,965.64,UPI,OYCRGBP4,AGT-1979,50.0,Yes,
62ac499c-1a57-47ee-a869-649257b6b6eb,2024-04-15,Paid,False,449.19,Cash,LVHUGBCM,AGT-4792,70.0,Yes,58.0
2e91a861-13ee-4fe4-adaa-f80826424fc0,2024-12-18,Late,False,1016.31,NEFT,FOVUGBZ9,AGT-0913,17.0,Yes,2.0
31347cba-d4fb-4c5f-984b-9d9157d617e8,2025-04-06,Late,False,1172.6,NEFT,,AGT-7705,37.0,No,52.0
d5cebebf-483e-4ef9-8f2d-74a861446f0c,2024-02-15,Missed,True,1924.09,NEFT,QZGZGB0Y,AGT-1612,23.0,Yes,44.0
fdaf9458-d626-49ca-820d-0934ec7eda81,2024-12-20,Late,False,699.07,Credit Card,BOPJGBRA,AGT-5381,57.0,No,48.0
858fdffa-3170-400f-b98a-72ac5d930065,2025-03-18,Pending,False,1742.26,UPI,UOEYGBQ1,AGT-8829,,No,
6e33d2b0-cf40-4b25-b94d-13dc2e5ca567,2025-02-03,,False,293.47,NEFT,PKFAGBQY,AGT-0326,0.0,No,40.0
c364e12b-9d1b-4e52-9768-3ff15c3e720c,2024-09-03,Late,False,1784.04,Cash,SAKHGB6B,AGT-1264,57.0,No,50.0
bcbb148d-75b8-4d14-b99a-450fd7c6c5de,2025-01-28,Pending,False,662.99,UPI,CSVYGBW4,AGT-6797,50.0,No,
955ab670-7206-4c31-b430-077c04131718,2023-09-24,Late,False,1329.14,UPI,,AGT-3463,13.0,Yes,38.0
5f42046a-5810-4087-b8ec-55bdf300f297,2024-11-05,Missed,True,1800.95,Cash,HWJBGBXG,AGT-1905,68.0,No,33.0
4d469b0f-a894-4f37-a9fd-7aaf7eb7d69d,2024-11-16,Missed,True,756.02,NEFT,LZEOGBQD,AGT-5514,83.0,No,1.0
8af788ce-5836-44f2-932f-801e0d9850e2,2024-01-12,Late,False,1346.15,NEFT,VGKOGBJ0,AGT-0380,81.0,Yes,32.0
3cdd54c7-bafd-47ae-a6de-f62782e90f77,2024-09-07,Late,False,1936.12,UPI,HTZHGBYF,AGT-0298,87.0,No,
,2024-05-17,Late,False,985.02,NEFT,LDIMGBEP,AGT-3973,60.0,Yes,37.0
4c479f73-831e-4118-b349-f5aabce6d6ea,2023-12-11,Missed,True,1281.36,Credit Card,VEDLGBD4,AGT-8004,67.0,Yes,45.0
d63187a8-f1b5-4ca3-abea-09a39024a646,2024-05-15,Pending,False,1601.15,NEFT,QXVTGB41,AGT-8887,72.0,No,8.0
a6b01f33-7dae-49b0-9144-f71425ce8e8b,,Missed,True,672.06,NEFT,,AGT-4832,88.0,Yes,50.0
7f3913e8-2e5b-408f-b22b-d96e1b1c589d,2024-03-15,Paid,False,1491.99,NEFT,REXTGBR3,AGT-8054,13.0,No,33.0
f68700d5-680f-4116-b544-ef111518bbec,2024-11-01,Pending,False,1293.37,Credit Card,FKUGGB1G,AGT-4556,88.0,No,3.0
f05c76a9-7bab-499a-ad1b-b14e2d5d1d15,2025-02-06,Late,False,452.5,Cash,,AGT-4279,34.0,No,59.0
,2024-05-06,Pending,False,1992.51,UPI,TJVBGBMZ,,77.0,Yes,3.0
7ac2a1e0-f415-4669-93b0-b8f4508b4333,2024-08-29,Paid,False,455.88,Credit Card,HEFTGBLE,AGT-0521,75.0,No,51.0
fd343bec-7537-43fa-8333-678df087a21c,2025-03-07,Late,False,1966.54,NEFT,ZTEGGBIL,AGT-2290,80.0,No,46.0
97557238-2807-4840-82ec-f047e3969466,2024-07-02,,False,1407.02,UPI,KOAFGB4L,AGT-5285,,Yes,23.0
760d21b6-b6e7-444f-bbfc-adb1a01f0f68,2024-04-05,Pending,False,1727.34,Cash,NPKXGBAT,AGT-3491,26.0,No,26.0
428b0a56-1c3c-4949-8032-f93f7ce922a3,2025-01-20,Late,False,1445.55,NEFT,MUQXGBHU,AGT-0867,67.0,No,15.0
0465fa97-0133-4699-a1cf-a7e896bf7674,2024-11-14,Pending,False,202.32,UPI,LTNMGBDJ,AGT-7289,81.0,No,38.0
7c318c35-4d5d-45d8-b247-5e98068063bd,2024-04-11,Paid,False,563.35,UPI,OSYNGB36,AGT-1010,53.0,No,34.0
3e892ab3-77ed-436d-89f4-34d24cf802b4,2023-08-22,Paid,False,1695.92,NEFT,MKYJGB9U,AGT-8090,75.0,No,2.0
c88ee4a5-c660-4d62-87f4-730c1130f7a1,2023-11-27,Late,False,257.01,Cash,PFJZGBJJ,AGT-5608,59.0,No,13.0
65e60491-0b6f-40c8-a8b1-c5c3146ac93d,2025-04-12,Pending,False,413.77,NEFT,OJRSGBOP,AGT-3468,58.0,Yes,42.0
c8735742-10bb-401f-9441-0add156a9776,2024-02-22,Paid,False,1090.13,Cash,BJORGBI4,AGT-8192,71.0,,45.0
9024664b-a329-4a45-ab0c-50e6af0984ce,2024-05-10,Paid,False,542.74,UPI,VOZZGBJA,AGT-8939,16.0,No,7.0
d20f5472-e5f9-45bb-95e9-87ed6aa07f0e,2024-12-24,Pending,False,1982.57,UPI,JNBSGBN4,AGT-4994,39.0,Yes,17.0
bc973087-821b-46d1-bc19-5333bf96abae,2024-08-25,Missed,True,454.76,UPI,MBHAGBK7,AGT-8284,67.0,No,43.0
4d21ae37-8182-44a5-b043-a0497d000602,2025-06-03,Paid,False,276.67,Credit Card,CJWLGBTX,AGT-5773,68.0,Yes,1.0
3fc98389-d6a4-4a99-a1e7-ae051a7da9e9,2023-12-12,Late,False,1742.34,NEFT,UNBXGBSY,AGT-7532,0.0,No,51.0
b5ed8440-2585-436f-b06f-d191a153b54a,2023-10-28,Late,False,1448.18,NEFT,AUFLGBMY,AGT-9987,1.0,No,4.0
bd8a4339-6786-4704-880d-6c6f5b473a39,2023-10-18,Paid,False,1064.5,,IUHFGB1A,AGT-5111,49.0,No,45.0
2bf47f50-d34e-4eab-8fef-64be9c7a1337,2024-06-03,Late,False,823.88,Cash,XZGEGB2A,,0.0,Yes,46.0
ca5c52ad-d2bb-478b-8ef5-586bf3f9d440,2023-12-19,Missed,True,1204.78,Cash,GSJRGBGI,AGT-9684,,Yes,2.0
56282548-c869-4f6f-9cb2-4d348d75dd8c,2023-09-04,Missed,True,1277.44,UPI,RCJZGBTT,AGT-8205,66.0,No,42.0
c930a707-7b3e-40d0-9be8-bac4cc56441f,2024-12-11,Late,False,526.92,Cash,CWQHGBJO,AGT-9803,15.0,No,55.0
b53e9dac-bfcd-4798-9b88-e999105cc41f,2023-12-08,Late,False,1306.1,Credit Card,FUADGBOP,AGT-7148,29.0,Yes,56.0
fa205460-f48b-4aee-a8eb-16a58561b3c3,2024-01-14,Pending,False,665.53,Cash,VKZRGBTC,AGT-2894,62.0,Yes,
263c9d5f-6782-490a-b0c7-c7ff5d577a90,2023-08-26,Missed,True,711.0,Credit Card,KKOAGBUS,AGT-2543,47.0,Yes,
3d995f02-57d8-498c-9285-8d014bd355b1,2024-11-08,Late,False,1697.49,Credit Card,ZIDJGBTV,AGT-2228,7.0,Yes,55.0
2f35ef76-7814-4f15-b3b9-4a52bf08d936,2024-01-23,Missed,True,277.06,NEFT,LBTNGBT8,AGT-3941,62.0,No,25.0
9d47f1a1-bfde-47f4-8c37-f434e535a0e2,2025-01-12,Paid,False,1916.59,,XRCDGBVY,AGT-3477,13.0,No,
ca7ee37f-68fe-4b3f-bd8a-18df6c8f8e46,2024-11-16,,False,1551.75,Credit Card,VVEQGBRC,AGT-5430,73.0,Yes,19.0
43790594-e9a1-47f3-9aeb-b96fbb6e899b,2024-04-20,Paid,False,1643.46,NEFT,RLAGGBGG,AGT-2145,40.0,Yes,45.0
d87162ff-1e3e-4fc7-8cef-d6d5d70060b6,2024-07-22,Missed,True,967.96,Cash,OUAKGB5F,AGT-6764,42.0,Yes,5.0
10b8d219-fc3a-4b46-88dc-6f51a335c702,2024-01-27,Missed,True,114.96,Credit Card,VHKUGB9T,AGT-4674,77.0,No,
6f9f3900-a530-4ac9-9445-d9f03471afe9,2024-02-17,Paid,False,1642.34,Credit Card,DTOKGBLX,AGT-0636,16.0,Yes,34.0
5d69fdec-c28f-4b36-969f-fd568354ec56,2023-08-19,Late,False,,Cash,PJHWGBQX,AGT-2614,77.0,Yes,11.0
ca1a41a6-dba9-4de9-a70d-23e7637d786f,2024-08-24,Late,False,954.98,UPI,JIBEGBLU,AGT-6481,4.0,No,17.0
8502c42e-173d-406a-98d3-fa646b8dbf44,2024-11-12,Late,False,1704.97,Credit Card,YKZDGBA5,AGT-9835,20.0,Yes,32.0
a32655d6-e8ca-46c2-b034-42eac95e6314,2025-07-13,Missed,True,1190.3,Cash,FURHGBS5,AGT-9244,49.0,Yes,25.0
da03d75d-fe76-4208-b271-8b4298018291,2025-07-17,Late,False,1883.0,Cash,FBOZGBGK,AGT-9495,69.0,Yes,19.0
e9cc8283-b292-45ed-a9b9-9d6a753a0193,2024-02-26,Missed,True,349.38,NEFT,DCAJGBID,AGT-5195,85.0,No,39.0
b24e1074-58f0-4e6f-b0fc-15fbed053498,,Pending,False,475.45,UPI,XXPLGBC2,AGT-2631,66.0,Yes,6.0
175fdb6d-c2da-42d4-8084-7ffd098d19e8,2025-04-23,Late,False,1832.28,Cash,UJZMGBPU,AGT-5122,,No,40.0
,2025-03-24,Late,False,1369.24,Cash,SGMHGBNJ,AGT-5728,81.0,No,51.0
e11abe87-5a57-4a89-92a7-824c3da8c838,2025-01-25,Missed,True,422.9,NEFT,WLRRGBMF,AGT-8589,31.0,Yes,56.0
,2025-06-23,Late,False,1414.08,Cash,AEHHGB2C,AGT-9987,50.0,No,15.0
abd1b183-1f5e-4b49-bfad-f3cc6533d1e7,2024-08-06,Missed,True,1249.95,UPI,YMEUGBEV,AGT-0843,65.0,Yes,31.0
2e2c3646-d99f-4db7-a512-11245f6f07fb,2024-08-16,Pending,False,1412.84,Credit Card,MUEUGBV7,AGT-1991,77.0,,47.0
ff69c137-d230-4f8d-a4b2-c46ce3e42eae,2024-11-12,Missed,True,847.89,Cash,JFTFGB0Z,AGT-0792,81.0,Yes,
d53e1eeb-c851-4f24-bc32-3cbc806c2554,2024-01-26,Pending,False,1649.54,UPI,DUMNGB53,AGT-6403,31.0,No,59.0
dd8be40d-6bb3-4fbd-9a8c-84bfe0844fe2,2024-01-24,Missed,True,582.78,NEFT,JDOHGB34,AGT-4449,46.0,Yes,30.0
38a15b2d-924d-4f0f-8db0-71e8a58f3e69,2023-09-02,Paid,False,,UPI,,AGT-3139,58.0,Yes,
517e8c53-93d7-4e7c-999d-b696f94d03fc,2024-03-27,Pending,False,898.11,UPI,EFXDGBKI,AGT-6086,87.0,No,21.0
c9ca5c5d-8141-40e5-be5a-be296c51d21f,2024-09-14,Late,False,1406.27,Credit Card,ZNTRGBG3,AGT-0551,68.0,No,37.0
e4bcf119-e154-4f44-a44a-4ca5c22d54c1,2025-06-25,Missed,True,108.72,NEFT,DARRGBUW,AGT-5722,63.0,No,53.0
e356dece-123b-4459-a9a9-8ff252155d16,2023-07-31,Paid,False,1797.15,Credit Card,ZSCTGBGX,AGT-4196,71.0,No,33.0
17ec1362-803f-4acc-b450-a135dff24947,2025-06-17,Missed,True,204.33,,GWBXGBTF,AGT-9196,73.0,No,16.0
9af0f927-6a5b-4efc-9c58-9335505523af,2023-12-24,Pending,False,1727.39,Credit Card,KFHBGBK7,AGT-0608,32.0,No,11.0
419b7801-38ab-41ba-89a0-e83afa72541b,2024-09-21,Pending,False,1751.41,NEFT,UVUZGBH2,AGT-4509,46.0,No,49.0
30f768f6-4dff-44e1-8857-dc09c774d5ab,2024-03-15,Late,False,376.48,Credit Card,ATVVGBDM,,20.0,Yes,40.0
db92606c-af3f-4ce7-8083-e1e8436653b0,2024-03-14,Missed,,131.69,UPI,MTICGBMC,AGT-0914,42.0,Yes,53.0
6ece34ec-3eda-476e-bd6d-c3d8aa7dd2a1,2023-10-15,Pending,False,1609.46,Credit Card,BCGCGBYG,AGT-2513,79.0,Yes,
db63a3f6-4475-42f4-a4a5-6bec967dbc32,2024-08-12,Pending,False,388.3,UPI,RTWYGBZE,AGT-1453,66.0,Yes,50.0
27d25edc-0789-454b-83e2-e36fbba2a126,2024-11-19,Pending,False,844.73,Credit Card,SPYRGBPP,AGT-9810,7.0,Yes,52.0
8748c2bf-5010-4f49-aac3-bfb4a030efcd,2023-12-25,Pending,False,1055.89,Cash,GYGHGBCI,AGT-5841,38.0,No,48.0
afd8ee52-d81b-4cd4-950c-558597dd273c,2024-07-03,,False,853.82,Cash,TTWSGBUR,AGT-2308,63.0,Yes,49.0
a10fe603-f65b-4174-9056-b8fffccba8b9,2024-10-28,Paid,False,1569.3,Credit Card,JUNUGB9C,AGT-7000,44.0,No,24.0
d4d2c14d-b393-4fcb-a6fd-9214c00283fa,2023-11-07,Late,False,250.22,NEFT,UIPNGBFP,AGT-5514,37.0,Yes,47.0
867ecafd-9303-48ae-aa7e-d5a5765d8950,2025-06-24,Pending,False,1259.84,Credit Card,,AGT-6164,,Yes,26.0
3bbc97f0-0e5c-4db8-afb0-f993a0320e21,2024-12-18,Pending,False,1737.43,NEFT,RFYGGB4Q,AGT-3110,4.0,No,10.0
675b00a2-2722-45c2-8a5a-68b61499142c,2024-01-04,Late,False,533.25,Credit Card,NMMSGB31,AGT-3488,6.0,Yes,54.0
e60116d4-3b41-4ac8-b812-c3db47ec7d09,2024-07-30,Paid,False,1370.97,NEFT,HTOZGBK3,AGT-8736,68.0,No,15.0
4d8ce3d1-c6e6-4a61-9e9b-8ebf4534a777,2025-04-05,Paid,False,1642.09,UPI,MSYOGB8V,AGT-8394,7.0,No,10.0
487bf865-d6d7-4ebf-ae8f-a99ab1e73898,2024-09-18,Missed,True,382.17,Credit Card,DAPSGBCE,AGT-8499,58.0,Yes,35.0
984c152f-ce78-4d5b-a3c8-63b0887b4e27,2025-03-03,Missed,True,497.5,Cash,POVZGBZA,,20.0,Yes,45.0
6f896295-bdba-4c18-b155-195257b626b9,2024-07-26,Pending,False,287.71,UPI,FZAGGBWG,AGT-9662,80.0,No,24.0
180cd1f4-b784-4ed2-9882-a08e324c19e0,2025-02-15,Pending,False,359.68,Cash,ALUBGB6W,AGT-6155,37.0,No,49.0
db226c45-004f-40a3-815a-f6dba395be9b,2025-03-12,Paid,False,409.89,UPI,ENDFGBX3,AGT-1653,14.0,No,19.0
,2025-06-26,Paid,False,980.08,Credit Card,LILEGBYM,AGT-7838,78.0,No,41.0
033b4cf0-ac22-4fc5-aa44-fe428a1adb65,2024-05-16,Late,False,266.51,UPI,VJQSGB5M,AGT-7841,79.0,No,55.0
acfe2f72-db89-4681-b213-1bd2074931d5,2023-12-27,Paid,False,175.78,NEFT,TEUCGB9M,AGT-4717,61.0,,50.0
f8c77a38-ec75-4107-abac-cde14892b683,2023-09-07,Missed,True,1498.0,Cash,UTFMGBDE,AGT-4997,59.0,No,12.0
2a8f43ec-b3e2-4228-9807-e4b83061a67d,2025-04-10,Paid,False,,UPI,WLTMGBKA,AGT-2178,62.0,No,50.0
bf8a24de-abf6-4a3b-9c37-f52c2244a8e6,2023-10-12,Late,False,1278.17,Cash,QPFPGBWM,AGT-9405,19.0,Yes,48.0
a5b811f2-a5db-4fec-81dd-efdd7968bd16,2023-10-22,Late,False,1219.51,UPI,MDQNGBK8,AGT-9769,22.0,Yes,1.0
d81730d0-a3e1-4c7b-82e8-8193831863c5,2025-03-02,Pending,False,159.22,NEFT,LPLCGBP4,AGT-4424,68.0,Yes,41.0
4a4f60ff-2954-4c02-8297-50b2d619f0db,2023-07-19,Paid,False,1986.21,Cash,TFWIGBE8,AGT-0745,45.0,Yes,12.0
efc44bc0-ecf6-4173-b409-bf95f52548db,2025-05-26,Paid,False,1108.68,NEFT,LSZYGBEC,AGT-4044,74.0,Yes,58.0
cb7e0efd-9f4b-445e-bc10-15ca7122299c,2025-02-05,Missed,True,1000.28,Cash,QEOWGBDS,AGT-4501,77.0,Yes,
993d2702-617d-418a-8d63-0f5731ad48a4,2024-09-28,Paid,False,852.56,UPI,JCRYGBLQ,AGT-3570,55.0,No,19.0
6eceb03d-f99c-4f0b-85c4-64007e2073f7,,Late,False,859.6,UPI,QVLQGBE0,AGT-5876,4.0,No,
524d8c42-5593-406a-8cde-ba3dadd2c2d7,2024-08-25,Missed,True,466.51,NEFT,NZOKGBZW,AGT-5657,44.0,Yes,15.0
4c9b81af-5592-4364-afe8-a9d34314e4fd,,Late,False,802.41,Cash,,AGT-8707,11.0,Yes,42.0
4f71e084-7ad7-49b9-a5cb-3b907a609f8d,2025-03-12,Pending,False,927.3,UPI,YQTWGBZ8,AGT-7042,45.0,No,4.0
7513cc22-c881-4f05-85a7-ad697d6a63fa,2024-08-18,Paid,False,1746.42,NEFT,DNTGGBGL,AGT-1695,34.0,No,38.0
f60efaa2-7b16-4276-836f-25b71dbd32b7,2025-04-18,Pending,False,1531.91,Credit Card,LOAWGB8S,AGT-5792,38.0,,51.0
a5136640-ff9a-406f-9788-02e6ddeaf409,2024-10-16,Paid,False,1243.42,UPI,ZXEOGBZ6,AGT-5694,75.0,No,17.0
41261b8a-a126-4a43-a884-66bbf19f6ac5,2025-07-03,Paid,False,114.41,Credit Card,KQULGB1W,AGT-1772,55.0,Yes,45.0
e1b861d7-dc15-4568-a986-d96680eabfc0,2025-05-03,Late,False,721.7,UPI,HOSGGBX3,AGT-3120,43.0,No,22.0
57a25651-de07-4147-8faf-b8e2d2b11aa6,2023-09-02,Late,False,704.54,UPI,,AGT-3867,0.0,No,29.0
e8dece2b-0f4e-4c42-b0d8-de093cade8c5,2025-02-04,Paid,False,200.51,UPI,CFFMGBXZ,AGT-1512,53.0,Yes,26.0
d2792301-46da-4c40-8e7a-08dec5c94318,2023-08-17,Missed,True,1262.3,Cash,UAXLGBGU,AGT-0429,27.0,Yes,35.0
f6f71102-88db-499b-9ed5-54ceff296fd8,2024-01-22,Paid,False,1656.14,Cash,UQEJGB8J,AGT-3737,12.0,No,
c8b73c52-437a-4c51-97dd-1e5a2473f694,2024-05-01,Paid,False,1682.77,Credit Card,TCMBGBTU,AGT-0418,44.0,Yes,36.0
883063ae-f007-43a3-9efd-200ea846ac6a,2024-05-24,Late,False,1575.97,NEFT,SENYGBE2,AGT-7179,4.0,Yes,31.0
a069169b-8e2c-4c33-b1cf-38b82adeb0ea,2024-03-20,,False,252.39,NEFT,KORUGBRN,AGT-7572,50.0,Yes,3.0
d909a829-7609-4bbd-83f7-cce1e0b0f42a,2024-06-25,,False,1044.14,NEFT,NOMZGBU6,AGT-7660,62.0,Yes,56.0
acd5b335-f11e-48fb-ad28-ab7d84f798be,2024-07-04,Late,False,757.41,Credit Card,OHRSGBRA,AGT-2225,43.0,Yes,32.0
9a3eb094-409f-45fc-85b4-f33d42818997,2024-08-24,Late,False,777.55,Cash,RSAUGB04,AGT-9951,76.0,Yes,38.0
c171b4f5-185d-476f-a35e-95a230076bf0,2025-03-04,Missed,True,1233.64,Cash,,AGT-7758,,Yes,14.0
,2024-03-21,Paid,False,688.91,NEFT,JNZFGBCN,AGT-7265,59.0,No,6.0
,,Paid,,1502.37,Cash,NXWTGB8J,AGT-7832,70.0,Yes,8.0
c732353c-3514-4321-b68a-9a0d81b268b7,2024-03-18,Missed,True,1996.35,Credit Card,KJDQGBUI,AGT-4970,16.0,Yes,18.0
0e02c7ed-0a5d-4f7b-a392-dd4bc9bbe2b5,2024-08-21,Pending,False,1004.27,Cash,LAEDGBCO,AGT-6176,45.0,Yes,4.0
413faae2-a26f-429b-ab05-a59ad25c179f,2023-09-07,Late,False,1257.74,NEFT,BMCMGBHX,AGT-4056,58.0,No,5.0
f4fb7470-9a25-48ef-bf99-a49063f9ba04,2025-06-05,Missed,True,1461.39,,LXQGGB66,AGT-4531,71.0,No,28.0
8dc4f46e-3ddf-4acf-938a-edf6ed5136c3,,Late,False,716.74,Credit Card,LSROGBDF,AGT-9285,66.0,Yes,18.0
0008fe52-6e38-45eb-ac9a-1051e5896843,2024-03-27,Pending,False,515.55,Cash,EVAFGB97,AGT-3015,26.0,No,18.0
8f5ba706-b24c-4fb3-a3cf-03955b5b25e0,2023-09-17,Pending,False,1271.92,,ISGWGB13,AGT-4155,22.0,No,
d3dbbe77-957d-42ae-95dd-b0d5942bb668,,Paid,False,1347.94,NEFT,KSBMGBKC,AGT-9899,26.0,Yes,24.0
eae05cff-f3d7-4c33-ba0b-b5437b19659f,2024-07-22,Late,False,738.38,Credit Card,BFZCGBEO,AGT-7879,20.0,No,38.0
6442bc9c-37a9-4423-b149-c3228ead0f53,2024-01-17,Late,False,1718.06,UPI,RBVFGBIO,AGT-3155,89.0,Yes,34.0
e4a3eca1-97c6-42e7-bc8a-e6cd727d0f50,2025-01-10,Missed,True,1619.04,Cash,ESASGB08,AGT-0256,0.0,No,59.0
eb5cc9da-cc3f-4235-b43d-5060d7551509,2024-06-27,Late,False,1001.59,NEFT,HVOWGB9H,AGT-0997,47.0,Yes,58.0
f5dccdf9-f2a4-4eca-a755-29f103cb6072,2025-01-02,Pending,False,1887.2,Cash,OLTJGBAI,AGT-5565,72.0,No,52.0
1c41ad99-95c1-400f-9657-f10c26c7113a,2024-08-15,Pending,False,1693.12,Cash,QBLDGBW2,AGT-2138,18.0,No,51.0
c3b775fb-c7ce-492f-836b-752ced56046b,2025-01-12,,False,,NEFT,UGBTGBBR,AGT-6027,25.0,Yes,20.0
d10326a0-460f-4e31-8399-49716019bb53,2024-11-08,Paid,False,674.07,Credit Card,YABDGBMB,AGT-3526,,No,31.0
dbb9614b-f5d5-4b46-93b4-b8036f77835a,2024-08-14,Paid,False,1672.07,Cash,KYXGGB5Q,AGT-1125,62.0,No,34.0
c6d1c123-9e80-4b54-8262-44e3be81086e,2025-05-04,Late,False,1860.79,UPI,,AGT-4579,9.0,Yes,55.0
50163e05-704c-4adc-b2e3-8acf62c01d6c,2025-02-01,Pending,False,,UPI,PHJKGBKI,AGT-4003,24.0,Yes,17.0
83490b20-10e0-43e9-9cbd-67fc76b037e9,2024-02-16,Paid,False,476.56,NEFT,ODDIGB5F,AGT-2117,65.0,No,31.0
ba6caa66-0160-4869-b4e0-8b86c9823b65,2023-08-19,Pending,False,1793.39,UPI,YCKVGBXU,AGT-2735,51.0,Yes,50.0
fb7cfd6f-3be5-4492-835f-d38a44696df2,2024-09-05,Paid,False,1001.77,UPI,WYDTGBT5,AGT-4522,4.0,Yes,17.0
1090582b-9fe9-4352-91ed-39c9a33680fb,2024-01-22,Pending,False,952.34,UPI,UVKRGBPT,,77.0,Yes,19.0
b6ad7ecf-30c2-4f58-9870-2c4f2245b07c,2023-08-25,Paid,False,176.04,UPI,TIUFGBUN,AGT-0489,11.0,No,53.0
13ed8c8c-b09b-4e3f-b7ff-f8c3314c6a95,2024-12-17,Pending,False,302.48,UPI,WQTCGBAV,AGT-8664,88.0,No,
b28624b6-ef7d-4933-88e6-3c44d84bab1f,2024-02-08,Late,False,1789.75,Cash,XJUZGBFO,AGT-8647,76.0,No,28.0
39352dbf-c41b-4acb-ba3f-144432159214,2023-08-07,Late,False,656.61,NEFT,XBIPGBTF,AGT-1456,75.0,Yes,15.0
5dccd5bc-6a29-4036-b124-bb57c90b9d00,2024-06-11,Late,False,1670.35,Credit Card,ZELEGB1P,AGT-3133,54.0,,53.0
23761092-39b3-4951-8e42-0b74718dbc4c,2023-09-20,Missed,True,908.71,UPI,AZOLGB91,AGT-4253,0.0,Yes,
1e486182-eee7-4230-aac5-61bbd40faf92,2024-05-01,Late,False,1784.02,UPI,TUZPGBXU,AGT-7043,58.0,Yes,23.0
f0f796cd-0bb6-48e4-955d-9e3d38ac6959,2025-04-13,Paid,False,978.08,,YXSMGBOT,AGT-4574,67.0,No,2.0
c208e855-7fc0-42f7-90b8-359df71cc138,2024-04-29,Missed,,1554.6,Credit Card,NOWMGBJR,AGT-2291,67.0,No,44.0
05844675-17df-47b0-94ee-bb7eab88423f,2025-02-18,Missed,True,1770.51,UPI,OOZGGBIQ,AGT-8144,34.0,No,11.0
05e9602b-2946-4588-9eb7-70ea0f023743,2024-07-01,Late,False,,Cash,JZBEGBKL,AGT-1748,50.0,Yes,2.0
f25986ea-afce-42b4-819e-4f801ba674be,2024-06-17,Late,False,1779.21,Credit Card,QAEHGB5N,AGT-2803,45.0,Yes,23.0
e9bea781-e6c1-4a84-8cd7-8f67e898cb80,2025-01-25,Paid,False,540.63,UPI,MRVBGB53,AGT-9769,26.0,Yes,42.0
58387aec-711b-43e5-bdbf-5aa1c48c353b,2024-01-20,Pending,False,178.02,Credit Card,RXNAGBS2,AGT-3817,57.0,No,2.0
33778a32-f34d-4dd2-a76a-1f355c724c8d,2024-06-02,Paid,False,335.09,Cash,CIMYGBH1,AGT-1149,43.0,Yes,55.0
2abd4e4a-dce5-4e70-b7f1-3bfb2ca78e52,2024-06-13,Pending,False,1114.11,Credit Card,BQXHGB41,AGT-1226,10.0,Yes,
12a286b4-d5fa-4e5c-b6d4-cc77c5b10cc5,2024-08-07,Missed,True,269.69,NEFT,TVOEGBWR,AGT-5350,65.0,No,12.0
072b09a5-18d4-49bf-8801-5ff9a5a85267,2024-05-25,Late,False,,Credit Card,TNORGBIY,AGT-6524,83.0,Yes,58.0
5e264e35-766b-4bcb-b489-ecd0d6122a0a,2025-05-07,Paid,False,278.45,Cash,RDPMGBCA,AGT-8350,4.0,Yes,13.0
713f770d-1872-46bb-996f-329bd62dc080,2023-12-17,Late,False,1731.47,Cash,ZAPTGBZH,AGT-1259,68.0,Yes,2.0
10f3c22c-a1c5-44c4-83ae-82fb3e5acaae,2023-10-29,Paid,False,1184.74,Credit Card,WGLQGBRS,AGT-2633,13.0,Yes,50.0
de6f9af2-dbff-49b1-ba77-5a77b939a09c,2025-02-28,Missed,,1718.96,Credit Card,LKJGGB0D,AGT-2403,39.0,No,12.0
e568c424-865f-4d29-a78a-77f7a0faf7ef,2025-06-15,Paid,False,721.66,UPI,XUDVGBNE,AGT-3539,64.0,Yes,30.0
475f753a-7e56-4c30-99e8-2a5f545f509d,2023-11-05,Pending,False,287.21,Credit Card,SRFRGBYV,AGT-0202,5.0,No,56.0
89ff7614-ac25-4768-bf68-013599ac7a10,2024-07-01,Missed,True,,UPI,EICOGB4W,AGT-5316,15.0,Yes,49.0
236541d0-10e2-46ab-bd25-23b73efb67aa,2024-05-08,,False,869.72,NEFT,AWCIGBVU,AGT-8964,40.0,No,40.0
47afc44a-0daf-4746-b6f4-4fff5716935b,2023-07-23,Missed,True,721.64,Credit Card,WZZFGBFQ,AGT-2603,48.0,No,35.0
,2025-03-16,Missed,True,1843.99,NEFT,DRZKGBO4,,35.0,No,53.0
b65bddae-b626-4eb8-a7a2-5fdbf001f7c8,2023-08-09,Late,False,1041.32,UPI,ZDMAGBQW,AGT-3612,74.0,No,36.0
98486ed8-e408-4b2b-a2bb-91981d234bdf,2024-10-23,Paid,False,,Cash,KWJJGBSP,AGT-1113,47.0,No,9.0
f8aeedeb-4737-4d52-9299-a347b69f9df5,2023-10-22,,False,640.96,UPI,DPNPGBDK,AGT-3889,86.0,No,52.0
3f53c5b2-5293-4f67-b080-3ce1a0725bb8,2025-03-22,Late,False,139.16,Credit Card,YFPBGBTC,AGT-0585,70.0,No,
9f081e39-cd41-4383-a6a9-d2baadd1b273,2024-10-14,Missed,True,1927.71,NEFT,MRAEGBO2,AGT-8001,56.0,No,53.0
5371065e-75fa-4c96-be84-92b5cf1dea27,,Paid,False,,UPI,WEISGB8A,AGT-8220,41.0,Yes,22.0
ca6e22cd-1dbd-45dc-aeb8-919403e1758c,2024-09-04,Paid,False,467.31,UPI,,AGT-0060,60.0,No,14.0
84c08cdf-2160-4eee-b65b-fb8b6c88f090,2023-10-29,Pending,False,891.25,UPI,HHHUGB55,AGT-0599,37.0,No,51.0
7b80b06b-c5b8-42c8-b1b4-8b85faec4e2e,2025-01-05,Late,False,1534.05,Cash,QBPVGBDX,AGT-0927,77.0,No,39.0
57cf1367-abdb-4029-9c40-854382a06b55,2023-12-22,Paid,False,832.65,Cash,ADLHGBD7,AGT-4381,26.0,Yes,16.0
,2024-08-13,Late,False,1991.71,NEFT,VZTDGBNV,AGT-1976,62.0,No,48.0
c5cada38-ae98-4aa1-a911-8630c2e68fc2,2024-06-27,Pending,False,323.43,Credit Card,PRDPGBS0,AGT-1572,83.0,No,51.0
47158e46-bdb8-4fde-9295-b3f3b89215eb,2024-11-23,Pending,False,576.41,NEFT,OIMEGBXR,AGT-1048,2.0,Yes,39.0
11070780-535a-4bac-b163-fc59dac52382,2025-07-10,Late,False,1145.13,Cash,GWOIGB4Q,AGT-5457,14.0,No,27.0
9614ae29-1693-4a80-9a84-d555ddf4b509,2025-02-01,Pending,False,686.68,UPI,VCZYGBBZ,AGT-0541,20.0,No,20.0
59bad28b-c0e9-4090-a334-70f85419a946,2024-08-16,Paid,False,266.28,NEFT,IKZUGBJD,AGT-8099,33.0,No,41.0
81bd7145-789c-420c-aacc-2d7c99fd7a99,2024-02-13,Missed,True,120.12,Credit Card,FVZGGBIE,AGT-1278,79.0,Yes,42.0
ae6cc12e-98e4-4915-a4c4-24d70e227a41,2023-08-05,Missed,True,366.01,UPI,CEJNGB2Y,AGT-6916,7.0,,46.0
ee5c37d5-f5cb-4b10-a6f9-3ff72d2ff032,2024-09-04,Pending,False,,UPI,YXLQGBRH,AGT-6997,,Yes,17.0
b5914765-e6e5-4970-90c1-c4d337484429,2024-06-13,Paid,False,981.43,Credit Card,FQGGGBZL,AGT-7146,9.0,No,42.0
ac899b51-064a-43f2-be22-afe790fcf7b2,2024-10-29,Missed,True,1055.0,Credit Card,WOKMGBH4,AGT-2233,45.0,No,16.0
00530c10-874d-47e0-bdb2-cbf4944efb79,2024-10-16,Missed,True,,Credit Card,YFYGGBNR,,79.0,Yes,26.0
c3bd0118-01bd-4133-b0eb-10d52c6bf008,2024-07-15,Late,False,922.82,NEFT,HNFKGBSI,AGT-8557,0.0,Yes,54.0
6439917f-cfec-4856-8933-1278acc4cdd8,2023-09-19,Late,False,909.37,NEFT,OABSGB3L,AGT-8404,14.0,No,50.0
30fd7770-044f-4a06-b9c5-fa43baec5983,,Late,False,1321.82,Cash,RWIGGBGG,,87.0,No,31.0
7f1b3459-647c-47a5-bcaa-367e17e556ab,2024-03-26,Pending,False,1484.37,UPI,KFMYGBCG,,82.0,No,9.0
3499b313-60da-4a4c-aa3c-0b1535241e49,2025-06-10,Late,False,1474.84,NEFT,LGWFGBA1,AGT-5068,47.0,Yes,13.0
1fa09be0-945c-4a21-b152-a2f1c132e905,,Paid,False,1264.33,,IUOLGB0F,AGT-0449,44.0,Yes,26.0
8965500c-403c-49ad-8b28-c6a2a35a4edc,2025-02-03,Missed,True,1149.23,UPI,LAOTGBGN,AGT-2182,31.0,No,4.0
721de111-abd3-42ff-b160-564384a26f05,2024-08-21,Late,False,,NEFT,QJMZGBIC,AGT-4084,56.0,Yes,25.0
9c6c1219-541d-4456-95ae-d6f5a41bee9f,2023-12-12,Pending,False,,Cash,ZQECGB4Z,AGT-9466,30.0,Yes,41.0
f7b208ae-2ad8-40b8-b289-932878d58a52,,Late,False,949.15,Cash,ALTBGBAH,AGT-6052,23.0,No,41.0
623ac2a6-c7f7-44d1-906f-4802595597b8,2024-11-15,Late,False,197.47,Cash,PREYGBW6,AGT-7308,,Yes,1.0
02864b34-edbc-4f5c-90c3-230034ccf0eb,2024-12-01,Late,,1384.9,Cash,PJVXGBR2,AGT-4792,88.0,No,8.0
12d83a21-6489-4dd7-968d-f412cc8228a1,2024-10-30,Missed,True,1865.72,Cash,SSIVGBO7,AGT-2802,19.0,,
31b8700a-4db4-4e42-a7cb-119e5c537342,2025-06-23,Late,False,1661.57,Cash,YDDYGBWJ,AGT-3297,59.0,Yes,45.0
92ec330c-17c1-4e41-9699-47b185ee56a5,2025-07-16,Pending,False,1636.28,NEFT,GXGPGBCX,AGT-1569,76.0,Yes,48.0
8b65caa7-6ffe-4e17-9cdc-5c14586be6ef,2024-12-03,,False,172.13,Credit Card,HMPBGB9L,AGT-5464,75.0,No,6.0
,2025-06-23,Paid,False,,Credit Card,TIZHGBYS,AGT-0072,47.0,Yes,1.0
51d9f37a-56a4-471f-86d1-64514cd6b55d,2024-05-03,Paid,False,866.87,UPI,MDFEGB6V,AGT-8729,47.0,Yes,59.0
7aa8713d-6e95-4723-8740-45e35589d0b9,2025-02-05,Missed,True,647.51,Credit Card,IZMWGB6C,AGT-0239,77.0,Yes,
,2023-08-12,Late,False,1455.55,Credit Card,BSLDGBK7,AGT-5100,30.0,No,29.0
3093ceca-6e05-42a7-8d56-bde98f72d4f7,2024-06-04,Missed,True,,,ZHHWGBNY,AGT-7717,86.0,Yes,44.0
55596629-b0d7-41ab-ba04-780d307e110b,2025-07-03,Paid,False,1014.96,Credit Card,VVCPGBD9,AGT-8429,73.0,No,14.0
001430ca-7732-4cd7-9581-15b6b0275cf9,2024-01-23,Paid,False,1566.86,,ELJFGBZ3,,67.0,,39.0
d966c333-8cda-49b8-ba32-fcc0b0f9c994,2024-09-05,Late,False,1670.58,Credit Card,,AGT-5040,89.0,Yes,59.0
2d7fd81f-b54c-4af1-addc-6689c6be3c0b,2023-11-20,,True,1837.98,UPI,PAIPGBGC,AGT-2740,47.0,No,12.0
60c96be2-55ac-4669-a24f-98c4957dfc7e,2024-06-08,Paid,,977.08,UPI,GGDMGBYH,AGT-7259,86.0,No,
c1b9be53-9c65-4e28-8306-62076f989b25,2025-01-07,Missed,True,497.11,Cash,JRZWGBBI,AGT-8794,30.0,Yes,16.0
efe5e60d-973c-4a2f-9d11-337d8770ccce,2023-08-16,Paid,False,,Credit Card,,AGT-3693,6.0,No,2.0
,2023-10-13,,True,369.48,UPI,GWKNGBRC,AGT-4799,44.0,No,41.0
db512b79-51f7-45b3-b5a2-a13a7b305e8b,2024-07-21,Pending,False,140.0,NEFT,FPEKGBI4,AGT-2133,40.0,Yes,
41fb9e7b-4b96-4e33-92b3-9120cde2b239,2024-06-08,Pending,False,1121.85,Credit Card,BFHNGBM9,AGT-0997,8.0,No,52.0
e14d2252-faa9-41a1-a668-26f7a56e24cb,2025-05-26,Pending,False,856.28,NEFT,DKYAGBNN,AGT-3136,65.0,No,56.0
08a65698-ced2-4074-a81b-a9253e4b3463,2025-05-29,Late,False,293.35,Credit Card,HCHOGB9R,AGT-9007,31.0,Yes,54.0
3fb69305-1115-4996-9582-48ff35346685,2024-01-10,Paid,False,789.3,Cash,,AGT-5847,74.0,Yes,
7d581779-df6f-4632-8fae-45675d04dda9,2024-09-16,Paid,False,1397.92,Cash,PWCUGBWY,AGT-8912,7.0,No,14.0
3a99e1a4-2d99-458b-8ebf-e7273af2b3cd,2025-03-04,Late,False,1017.4,UPI,BEKKGBAW,AGT-4093,12.0,No,10.0
4fe7eabe-a656-4e82-b9a4-3c5b927cbb80,2024-02-16,Pending,False,737.35,Cash,KIUEGBTB,AGT-8766,52.0,Yes,57.0
d8f76327-8606-4bd7-a14d-274c6bf9caf1,2025-04-04,Pending,False,,Credit Card,FOPFGB7X,AGT-2413,65.0,Yes,54.0
c95b19de-3f75-4574-b092-a3366226c586,2024-06-02,Paid,False,1348.91,NEFT,BEVXGBOU,AGT-0701,16.0,No,39.0
bd56c9b6-291e-4b14-b682-c6db792c5888,2024-01-09,Paid,False,1265.26,Cash,HGWOGBX2,AGT-4990,39.0,Yes,24.0
6a0ddff3-bfc8-4bd8-8ddf-7f77f2897e77,2024-05-16,Pending,False,689.51,UPI,NMEZGB4E,AGT-2259,63.0,No,7.0
ca0f0760-4719-487b-a7b6-26bc4a8a8b4a,2024-01-08,Paid,False,1057.99,Credit Card,WMMGGBL6,,31.0,No,56.0
bf2aa719-257c-40a4-9233-73654ae135b0,2023-11-21,Paid,,1346.91,Credit Card,XSOEGBYI,AGT-3817,67.0,Yes,27.0
3de6d9ca-eff0-4b45-844e-5ac717a065ba,2024-07-30,Pending,False,622.07,NEFT,SLPIGBB8,AGT-9505,42.0,Yes,31.0
661ebdac-7486-4288-bbc6-ee0b5ff13370,2024-03-11,Paid,False,578.42,,WKTBGBHR,AGT-2519,74.0,No,57.0
,2023-09-18,Late,False,1602.36,Cash,EDSLGBZR,AGT-8300,50.0,No,41.0
7f6ed44b-e982-4277-bc18-4b42366e1fc5,2024-02-18,Paid,False,239.29,NEFT,UAYOGBQI,AGT-6886,33.0,Yes,58.0
f7e9b916-24d8-41b1-b889-b3d892bc0169,2024-04-18,Missed,True,878.55,,VKVSGB43,AGT-2262,,Yes,52.0
5eff614a-effd-462a-ab25-ab9238c86e2f,2023-10-21,Pending,False,971.92,NEFT,RDNAGBKQ,AGT-9308,,No,23.0
a5c4a0d5-4cd9-41cb-b7a9-bec7d68cc350,2023-10-03,Paid,False,,NEFT,DGVEGBV6,AGT-5845,25.0,Yes,16.0
a1586a8a-3878-4227-8553-999984bbcffb,2024-03-20,Paid,False,594.52,Cash,,AGT-2322,,Yes,16.0
13647d4d-dab0-46d8-af5f-556a986d340d,2024-08-23,Pending,False,131.81,NEFT,PWYFGBKB,AGT-2810,0.0,No,53.0
95356aae-ebb1-4514-88ce-bb4273c5d6b4,2025-06-13,Pending,False,579.4,UPI,PQNCGBYB,AGT-6120,80.0,No,34.0
8284135d-d674-493e-be33-753b13adbbd9,2024-07-19,Missed,True,731.35,NEFT,XEZLGB8T,AGT-1898,12.0,Yes,8.0
571267da-bd34-454f-9206-7da0c750e5c7,2025-01-24,Late,False,1835.88,UPI,WNERGB5I,AGT-9058,87.0,No,19.0
f904fa70-4e8f-4da7-86ca-3c5ae6e057d4,2024-06-24,Pending,False,1794.36,NEFT,JCQTGBEN,AGT-2166,21.0,No,32.0
87ad8892-b4d1-496a-9e8b-9c6401c340c4,2023-08-07,Paid,False,,Cash,QHGGGBPV,AGT-8987,65.0,No,23.0
4d5fb1cc-552a-43ea-b57b-e0ae2be82f59,2024-10-02,Pending,False,1787.36,UPI,,AGT-5757,89.0,Yes,12.0
6f431ac5-b1a8-4796-952b-d6f62dddf512,2024-10-29,Paid,False,812.95,UPI,RGOLGBNG,AGT-4790,33.0,No,32.0
f85a6927-9c3a-4e79-a494-b3a743480c91,2024-02-10,Paid,False,800.51,Cash,ODJGGBC1,AGT-4324,2.0,Yes,10.0
db078d10-be64-483e-ac7c-7c3e38dda039,2024-09-30,Pending,False,1469.36,UPI,SEAYGBKZ,AGT-9614,52.0,Yes,5.0
10c505c7-c6f8-4a3c-9c87-97cc08f63b71,2025-03-29,,True,1367.24,Credit Card,ELRZGBHL,AGT-0039,63.0,No,31.0
ae59ee3c-ccfa-46b3-9ea9-08a65e06c9fd,2023-12-15,Missed,True,547.96,Credit Card,QNGEGBKG,AGT-2151,32.0,No,
,2024-04-12,Paid,False,1630.15,Cash,XOGOGBXD,AGT-7318,30.0,No,10.0
3b36a713-91b4-49ca-9df4-714c31233fc1,2025-04-01,Paid,False,706.93,UPI,JJQOGBAK,AGT-5200,29.0,Yes,19.0
a88d8e4f-bb79-4b30-8efc-6a1be24a34f2,2025-04-06,Pending,,830.08,Cash,UIDPGBR0,AGT-4047,80.0,Yes,
a2bdc365-eacc-4f2b-b104-72425bcfa220,2023-12-29,Missed,True,697.3,Credit Card,IXGSGBGT,AGT-2758,44.0,No,24.0
c4d1c6c4-5883-4be1-bf4b-e1e9037f8e08,2025-07-18,Missed,True,248.26,Credit Card,EDXRGBKM,AGT-3894,22.0,Yes,31.0
d1781cce-0ceb-4938-a616-2b18c790cd66,2023-12-09,Missed,True,884.84,Cash,IUGFGBLB,AGT-5950,45.0,Yes,3.0
1fc32668-2138-4ea6-941b-30fa6b25ebeb,2024-02-23,Late,False,1849.26,NEFT,IMDPGBBX,AGT-5113,42.0,No,27.0
e84b575a-c2a9-4c17-ad55-f06ef55a9ab1,2025-03-02,Paid,False,1099.26,UPI,BHYZGB5D,AGT-8096,,Yes,46.0
c28c0246-3656-481b-83dd-f609ac368fe5,2025-04-21,Late,False,1017.13,UPI,QJHLGB7E,AGT-9490,13.0,No,41.0
3283cf34-a026-4cf0-b322-e8b08098db9c,,Missed,True,1422.64,UPI,KENUGBIM,AGT-2107,49.0,Yes,13.0
,2024-11-14,Paid,False,670.79,NEFT,HJTIGBJ1,AGT-4126,9.0,Yes,25.0
f3dc2775-66a5-4511-a9b7-f356f03b7e9d,2024-04-28,Pending,False,896.61,NEFT,XSPBGBVA,AGT-6361,27.0,Yes,22.0
042037e8-14f4-472d-8d97-38cdb26cbc8b,2024-10-27,Paid,False,278.51,Credit Card,DTXOGBPD,AGT-4136,78.0,Yes,11.0
851ba21e-e25c-40be-8c5b-5ff560de5026,2024-02-18,Missed,True,1465.29,NEFT,FVNVGBAF,AGT-1854,82.0,No,3.0
8b9cd60d-ab67-4af4-a86c-6ad1057c5ba4,2024-08-14,Late,False,1759.03,Credit Card,JRZXGBYN,AGT-0588,84.0,Yes,5.0
740abfbd-57de-498b-8b18-4ec9e6440001,2024-06-29,Pending,False,778.09,Credit Card,UOAGGBRA,AGT-4893,40.0,No,35.0
9b5d0573-a617-4b20-9f37-e192f8aeca42,2023-11-20,Pending,False,1612.35,Cash,NYDJGBP4,AGT-5676,46.0,Yes,15.0
fdf7d845-db68-44da-b2b2-8e49518639ef,2024-10-21,Paid,,1873.48,Cash,BQOLGB8D,AGT-3036,32.0,No,46.0
ae565e06-2946-4d72-8dd1-04754345729d,2025-04-07,Missed,True,1189.26,UPI,ZCXGGBWD,AGT-7294,,No,33.0
2962d662-1ec5-4c85-80f8-4068896968a8,2025-07-12,Missed,True,747.2,Cash,NSYWGB6B,AGT-2964,8.0,No,1.0
bef96809-e4b6-4217-bd00-c5a1cb88ceb0,,Paid,False,1937.3,NEFT,FDWCGBUF,AGT-9205,19.0,No,46.0
6861d27b-ce3c-4a10-93e2-a8e29facdd36,2024-12-02,Pending,False,767.01,Cash,CVDXGBAY,AGT-4263,13.0,No,52.0
3c4a29f4-40cd-4c96-bfd3-9e2e764552c4,2025-03-26,,False,1107.8,NEFT,URYEGBO0,AGT-2761,18.0,Yes,59.0
0019a463-e739-4893-a353-3ea42a5ca9a7,2024-11-14,Paid,False,1666.77,Cash,GUWGGBWT,AGT-8146,38.0,No,59.0
1675c1ff-16ca-4b87-abb3-c69425711735,2024-10-28,Late,False,1839.97,NEFT,MAQFGBPJ,AGT-2004,83.0,Yes,4.0
e83484df-638a-4e41-b8bd-5dca2411154c,,,False,119.22,Cash,MTEXGB54,AGT-9142,42.0,No,59.0
6b087754-5bf1-4edf-acd1-ab4edceea13f,2024-01-29,Late,False,443.83,NEFT,,AGT-0997,,Yes,8.0
45ada019-dbfd-4cf8-962d-96d8bc73945f,2024-05-22,Late,False,1462.79,UPI,OEWWGB1K,AGT-3021,89.0,No,44.0
78dfe50f-469a-42e8-a18b-3e1f47fa6dfe,2024-05-31,Paid,False,593.3,NEFT,ZXUDGB4Q,AGT-6718,72.0,No,44.0
f1424cd0-94f3-444d-a176-1b24fb2c80f7,2023-09-10,Missed,True,946.86,NEFT,CSOEGBB5,AGT-3566,39.0,No,17.0
fa0b2481-db0a-4de4-8cf1-9bbac933e581,2024-11-02,Late,False,133.5,,YOIWGB8J,AGT-3957,28.0,Yes,31.0
7fdc2273-eadf-4378-94e9-a7366339a46d,2024-12-14,Missed,True,679.34,NEFT,IGOCGBB1,AGT-0614,55.0,Yes,10.0
dd415c76-fc07-4cbd-97d4-8ff0edd1bf69,2024-02-29,Missed,True,1772.92,,YWGIGB69,AGT-5533,79.0,,50.0
df265517-6c2d-4936-aa6d-f7a37561f451,2025-05-01,Pending,False,1540.16,UPI,,AGT-5991,21.0,Yes,55.0
b1ca116f-b5d2-4451-ba68-32894d217be8,2023-08-17,Paid,False,1433.83,UPI,LUHFGB8E,AGT-0854,73.0,Yes,28.0
3d0fe748-cd95-4da1-bae3-ded8662c77a1,2024-03-30,Missed,True,1302.61,Credit Card,MJIRGBTU,,26.0,Yes,12.0
3fda955e-01fd-4c30-acfa-e75cd28b3e77,2025-03-17,Missed,True,560.74,Credit Card,NNGTGBLS,AGT-9661,74.0,,40.0
cf853b00-23ae-4d90-89b3-35a3127d0a5d,,Paid,False,1084.9,NEFT,YQCPGBAX,AGT-1622,59.0,Yes,19.0
a810ce61-95ff-4c9b-9e65-7a063a7fdcaa,2024-06-13,Missed,True,316.65,Cash,PKJQGBGK,AGT-6605,75.0,Yes,3.0
7d8cb5d8-4225-4dfb-8fa6-73a82ff066a1,2023-11-21,Missed,True,,UPI,JXMTGB5B,AGT-8835,72.0,,5.0
95ba9edd-cc6b-46cb-b25d-5c47cc17f37f,2025-04-27,Paid,False,1470.19,UPI,UVQPGBXY,AGT-7451,17.0,Yes,4.0
579044dc-27eb-4623-8c0a-559121ae924d,2024-12-22,Missed,True,,UPI,TJIVGBAC,,28.0,No,58.0
7c666244-fb68-4ed6-9960-a7b78c7b093f,2024-02-09,Missed,True,1031.93,NEFT,DTLIGB1L,AGT-8993,71.0,Yes,27.0
a5e94886-2121-49ad-926d-93d6a1c35afc,2024-11-14,Paid,,878.76,UPI,HZRCGBN6,AGT-3604,58.0,Yes,
,2024-07-26,Paid,False,167.26,Credit Card,FDITGBPI,,75.0,Yes,6.0
d4be569f-25eb-4e57-8087-2902486b47ff,2023-10-04,Missed,True,1957.83,UPI,FJYNGBX6,,57.0,Yes,8.0
88924ec8-039c-484d-992b-e507b4e6ce94,2024-04-07,Pending,False,1387.69,UPI,AFKUGB8P,AGT-0477,37.0,Yes,
e04106a8-3b86-4da0-8429-47d62008d046,2024-01-04,Late,False,1669.85,NEFT,IFXKGBC5,AGT-1375,74.0,Yes,40.0
f8fc3173-1f75-44fc-bc82-5f349ccef59f,2024-01-27,Late,False,1183.13,Credit Card,NABAGB6X,AGT-6996,8.0,Yes,11.0
ec4c9859-641a-49e5-96fb-b6351c4aa6f2,2023-11-17,Missed,True,1071.22,Cash,RDMWGBKD,AGT-2250,61.0,Yes,43.0
32468b45-da2b-4835-97cf-abf28da12a95,2025-03-26,Late,False,154.7,Credit Card,GLTTGBNJ,AGT-3654,37.0,No,16.0
61ba0416-3a27-4b19-9190-86848ab78f52,2025-06-30,Pending,False,1470.24,UPI,YBQTGBDJ,AGT-2825,31.0,No,49.0
613ffb0a-1908-4f8c-a203-fc52952b566e,2024-03-10,Pending,False,843.3,Credit Card,,AGT-0743,59.0,Yes,1.0
995b5a3c-a983-4869-9f28-625a23aa3dfe,2024-03-30,Missed,True,1839.47,Cash,CBVAGBDK,AGT-5902,2.0,No,5.0
,2023-11-04,Pending,False,430.76,Cash,NJCTGB37,AGT-1576,67.0,No,20.0
d1ccd582-b4a9-40e0-8a05-47cf04a660d9,2024-05-12,Missed,True,1641.12,NEFT,EEMCGB20,AGT-8355,0.0,No,50.0
1c94e32a-996f-45e4-9897-763bfff757cb,2024-12-27,Pending,False,278.97,Cash,GMIGGBZN,AGT-4793,76.0,No,38.0
d215e562-df56-4699-a4eb-cd72897f39a7,2025-05-16,Paid,False,1691.0,NEFT,FWOXGBG8,AGT-9867,15.0,,28.0
e8fe32b9-d744-481f-a284-e4350aa2a7e6,2024-12-25,Paid,False,,NEFT,XPCGGBFE,AGT-6006,50.0,Yes,16.0
c2a05ba8-8bd7-4f8a-be17-7891b15220a7,2024-03-30,Pending,False,1702.5,Cash,,AGT-2227,41.0,No,39.0
c09e2fbb-4ae8-4b7f-b563-069b40fe605e,2023-09-25,Missed,True,1173.58,NEFT,NTFEGB37,AGT-7290,51.0,No,6.0
98cf0da3-6b48-454f-825a-90552a2abea0,,Paid,False,305.48,UPI,AUSQGBQ0,AGT-7647,31.0,No,17.0
9cebba85-ead5-4acf-93ce-eb25e2d781fa,,Pending,False,,Credit Card,ELSNGBG2,AGT-8790,37.0,Yes,49.0
,2023-09-24,Pending,False,386.58,NEFT,HOXAGBFM,AGT-6296,76.0,Yes,47.0
10ea6a8f-08b8-4697-b2d3-34b44fd57b45,2024-08-17,Late,False,989.89,Credit Card,USEQGBJ0,AGT-6570,6.0,No,3.0
ff7bb249-425f-49d7-8225-5642ed93cefa,2023-12-27,Pending,False,764.91,Credit Card,MWZCGBIZ,AGT-4721,37.0,Yes,11.0
3d1073be-45c9-4932-86d0-c594a2e122bd,,Late,False,960.95,UPI,,AGT-6563,43.0,Yes,
f65901e3-75c0-4eb1-8dc2-ddb708379c1f,2023-09-29,Late,False,873.34,Cash,,AGT-1870,43.0,No,44.0
69ddfb97-54b3-405b-819c-a63db1fccd05,2024-10-14,Late,False,1948.15,Cash,WMNVGBKE,AGT-1920,87.0,Yes,44.0
60eafb8a-bc6f-453d-bab9-1763e8f562c5,2024-07-25,Pending,False,641.09,Credit Card,,AGT-7349,2.0,Yes,31.0
992aad02-8c2f-4819-a28c-00f31492041b,2023-11-01,Missed,,793.62,Credit Card,EQBDGBQ7,AGT-9684,,Yes,10.0
b82eb6f5-bd26-413a-9c49-94498716ed59,2024-11-14,Missed,True,1903.76,Cash,MERDGBJJ,AGT-0473,13.0,,51.0
9dd59268-1c62-4c30-a7eb-63a7519d7d0f,2025-03-17,Pending,False,428.98,UPI,YPPMGBZH,AGT-2729,62.0,Yes,54.0
357c0154-70c5-4d6b-90e9-2a729a4238b9,2024-04-14,Paid,False,1111.23,Credit Card,UHQDGBYX,AGT-5134,56.0,,21.0
f239ac5c-0b70-4e39-921a-2c2f6971e9af,2024-08-16,Pending,False,548.37,Credit Card,TLURGBYY,AGT-4179,50.0,,14.0
d97773cc-98f3-4569-8c65-69778064141c,,Late,False,174.88,Cash,VVANGBK5,AGT-1502,20.0,No,54.0
f6b7433c-b8c6-408b-b7f8-f725054d1403,2024-12-07,Pending,False,1182.58,Cash,KBIYGBVW,AGT-7715,,,13.0
8ea6a857-02f6-4fbc-9fac-249d4a4f4078,2024-01-27,Paid,False,1482.25,Cash,ADEPGBAY,AGT-7267,61.0,No,33.0
83c048c4-27b7-478e-b549-bc34aa2e2037,2024-01-20,Paid,False,1503.98,UPI,ZOKOGBVX,AGT-8896,67.0,No,2.0
55510edf-e031-4677-b88e-5b4929351625,2025-03-02,Paid,False,1452.33,Credit Card,CAHRGBLO,AGT-4910,55.0,Yes,48.0
a8831fb4-c32e-4df2-b8e6-219e87e4d94e,2024-08-13,Paid,False,1466.65,Cash,XPRTGB7O,AGT-3393,78.0,Yes,3.0
4038baa4-47d7-41e6-a32a-87bd96d7b0a0,2024-10-23,Missed,True,320.71,NEFT,AZQBGBUH,AGT-5247,15.0,Yes,15.0
d105a763-87f5-4fa7-9932-af9afe1ad0aa,2024-12-25,Late,False,993.83,Credit Card,VKSFGBRB,AGT-5589,14.0,Yes,49.0
f99c4698-077d-4f15-b574-a603c92a8cab,2024-02-22,Pending,,1694.76,Cash,FGTXGBV1,AGT-4891,5.0,No,38.0
cec5908b-032e-4849-89b7-fbfbbcf81ce8,2023-08-07,,False,1664.01,NEFT,SNHOGB7Q,AGT-6989,,Yes,6.0
43dd36fd-b332-461b-94f6-6f225704e79b,2024-03-12,Late,False,1466.88,UPI,CMBIGBSM,AGT-7648,7.0,No,53.0
64cb5324-a15b-4e9a-b733-aa70ec953b0c,2024-11-30,Late,False,520.96,NEFT,BPQHGBFN,AGT-9352,51.0,No,43.0
3d35f24a-cfff-4468-8cb2-f2a9a89872b9,,Paid,False,978.01,Cash,VGLIGBP3,AGT-4442,68.0,No,53.0
b287df46-4e82-4c58-bc53-af90fa86f0e3,2024-04-20,Pending,False,1330.3,UPI,DLBZGBAS,AGT-5386,89.0,,41.0
65dea82c-7c4e-4f92-af50-73072164defa,2025-05-16,Pending,False,1825.2,Cash,JCTWGBBS,AGT-1325,81.0,No,
f176d89f-856a-400c-b283-9fd82d7057a9,2024-06-25,Pending,False,1025.3,Cash,,AGT-6508,20.0,No,58.0
add574a5-c1a5-4896-8db4-63a309e955ec,2024-12-27,Pending,False,1609.51,NEFT,YJCDGBA9,AGT-5873,75.0,No,14.0
005515e1-293a-4318-ac50-d0ef35e692ca,2024-10-23,Missed,True,399.96,Credit Card,KLNSGBSH,AGT-4455,89.0,Yes,1.0
a9af3f5c-cf6c-4b96-83d3-7054bf3ec0b5,2024-09-15,Paid,False,1499.57,Credit Card,YUDCGB97,AGT-8472,77.0,Yes,42.0
d175853a-cdb5-4301-bc7f-1fe114e825b8,2024-12-23,Paid,False,1175.32,NEFT,SQDKGBCI,AGT-1355,64.0,No,
47b9c5fe-6dcf-41ca-b71c-3c0da7509747,2024-09-30,Late,False,738.57,UPI,BCOJGB1E,AGT-6704,71.0,No,24.0
df956989-4da4-449d-921a-590cbf2ccb61,2023-10-02,Pending,False,1553.96,Cash,NJEIGB56,AGT-9719,21.0,No,9.0
7941c2d5-9ad6-44ed-9ca9-4a07cb90ea2d,2024-10-16,Pending,False,414.58,Cash,EHYIGBNM,AGT-6353,30.0,Yes,9.0
b5e05b7f-a336-448d-bbce-68d54538b9de,,Missed,True,1028.41,,XJLQGB6F,AGT-0829,55.0,Yes,57.0
eabc8f84-c3e3-4671-9d70-68fab85534b4,2023-10-13,Pending,False,187.76,UPI,IREGGBZ9,AGT-2964,69.0,No,17.0
e49e1b49-2b5f-49d6-865c-121d16da7545,2023-09-22,Late,False,1039.8,Cash,KAQDGBKM,AGT-2246,77.0,Yes,33.0
2623ce00-1fd8-4482-be5f-999026f7bafe,2025-05-28,Paid,False,864.62,NEFT,JNWXGBVR,AGT-0382,42.0,Yes,31.0
46c3b234-5a7a-49a9-a1bd-9727addb6342,2024-07-10,Missed,True,,Cash,UZNLGBSO,AGT-5290,71.0,Yes,24.0
a5a6a59e-9894-416e-917c-0a4c6ca654db,2024-11-08,Paid,False,884.77,Credit Card,EHPWGBY8,AGT-1265,62.0,Yes,1.0
14671377-a96d-40c7-95a1-2110c8591ac8,2024-07-22,Pending,False,879.89,Cash,TPMYGBMC,AGT-8551,84.0,No,15.0
f6dd803b-12ce-4c4a-9bcf-3370153db947,2025-02-08,Missed,True,535.34,UPI,KLLOGBJM,AGT-7324,12.0,No,30.0
de6b36e6-9030-4a66-a67b-2f90c933738c,2023-11-18,Missed,True,499.48,Cash,ILVQGB2S,AGT-7561,66.0,Yes,13.0
f72df072-6cd2-42c6-9162-4e0cdf1be041,2023-12-24,Missed,True,1539.1,Credit Card,CJUHGB8R,AGT-4086,14.0,Yes,
059cde3a-b24b-42e1-a3fd-f1f25ef3317c,2024-06-03,Paid,False,488.33,UPI,,AGT-6570,56.0,No,23.0
1e2c8a89-44ee-4d72-9999-c247da29f63b,2023-10-05,Late,False,1753.18,NEFT,DWTPGB5Z,AGT-7705,21.0,No,57.0
c9ef1d88-b26c-409a-80df-6e6ebcdfb09f,2025-05-22,Missed,True,202.04,NEFT,COWNGBDC,AGT-5349,33.0,Yes,27.0
74792e2e-12d9-4f61-8c83-984e0c064ed0,2023-07-24,Paid,False,286.41,UPI,IFJRGB25,AGT-7226,48.0,No,24.0
b11258e8-6ac4-498e-8417-085dbfba7467,2025-03-15,Late,False,882.67,Credit Card,TKBBGBUC,,50.0,No,25.0
cb0df972-0cd1-4b78-86ce-b55765b1112f,2023-10-01,Late,False,1916.05,Credit Card,CTNXGBSK,AGT-6685,60.0,Yes,2.0
37c3ebb4-5e25-467d-90bc-9de69d487979,2023-10-05,Paid,False,952.41,Cash,EUHNGBM7,,37.0,No,18.0
31fc224f-b72f-4efb-af19-1b9ad58d52b8,2024-09-18,Missed,,341.48,UPI,WJCMGBX6,AGT-6277,83.0,,43.0
4e539bc7-6918-4dab-9369-7561a1cbe562,2023-07-26,Paid,False,639.67,Credit Card,JHJYGBYZ,AGT-7717,79.0,No,28.0
6b4be9ac-e866-4722-ad8f-3aa799d840bb,2024-06-09,Missed,True,1162.01,Credit Card,CFLDGB1Q,AGT-5540,53.0,Yes,
34b548ee-1ec7-4e8e-a0ba-8c74ffbcb365,2023-11-09,Pending,False,867.07,NEFT,TDZZGB06,AGT-8565,88.0,No,49.0
42de6064-5859-4d4a-b894-a6e84c15ec3d,2023-12-17,Paid,False,1834.64,UPI,BGUIGBY6,AGT-2069,,Yes,25.0
9037bf13-3eed-41a3-9133-ff6f7a94a77a,2024-02-19,Late,False,1664.27,Credit Card,RZQWGBPR,AGT-0728,20.0,No,
63418674-c30c-412c-ae06-d9d262f38361,2024-07-30,Late,False,406.04,UPI,UBGJGBO5,AGT-4732,27.0,Yes,38.0
76d863f3-951d-4792-924a-6b7aba0c1b9e,2024-08-14,Missed,True,253.28,Credit Card,XNOPGBRB,AGT-3674,62.0,Yes,14.0
,2024-03-02,Late,False,421.77,UPI,ZPXPGBM2,AGT-5387,9.0,Yes,48.0
14546316-e160-47a6-9654-88a52db236e6,2024-04-01,Paid,,1442.18,Cash,ZGBHGBUE,AGT-6152,29.0,Yes,30.0
92c4ff04-56e4-4eef-9e96-b9583b5d4bc5,2023-12-06,Missed,True,1093.53,Credit Card,NMDUGBPB,AGT-6819,24.0,No,42.0
,,Missed,True,362.86,Cash,DCBLGB7N,,86.0,Yes,51.0
7ea041b0-c526-4388-85b2-dd9318e45e41,2024-06-04,Late,False,1011.58,Credit Card,NSRBGBF4,AGT-7959,4.0,Yes,20.0
c71340be-22f9-438d-b227-0d4f0bb2af23,2024-02-05,Late,False,442.29,Credit Card,GGZVGBMG,AGT-1199,60.0,Yes,39.0
f66c1758-a0bf-4929-8698-de8960271dd1,2024-04-26,Pending,False,1419.82,NEFT,KVJAGBS4,AGT-3870,17.0,No,11.0
3df4644e-274f-4386-9d6d-141c21104fad,,Late,False,1851.87,Credit Card,ABGFGBPJ,AGT-7179,9.0,Yes,
486657ed-b79e-4972-b031-0c750ae85a5d,2024-07-02,Pending,False,1402.22,Cash,BADBGBC0,AGT-6052,19.0,No,58.0
5a96883b-2fdd-4d75-abfa-ed4aacaafae4,2025-04-19,Pending,False,1166.26,,ZCITGBXI,AGT-0737,77.0,No,
fa753330-1a9b-4518-b8f1-61ed19090fdf,2024-03-19,,False,,NEFT,HCDKGBHA,AGT-0182,5.0,No,48.0
667f3671-2c46-4b1f-8b7d-e5a2f5cf8be4,2025-07-08,Late,False,704.42,Credit Card,AMRGGB6R,,29.0,Yes,7.0
1899f571-1dcd-44aa-a5cc-a90a0175fdc1,2024-05-20,Paid,False,508.09,UPI,ARWGGBA4,AGT-9918,60.0,No,43.0
0ebad02d-6728-4677-9d05-4888815fd901,2025-02-07,Paid,False,171.98,NEFT,YYCVGBWT,AGT-7288,36.0,Yes,22.0
3826a82c-3b20-4991-a337-79cf10a2ca01,2025-06-28,,True,482.74,,OWVRGBIO,,13.0,No,40.0
be126567-2a0a-4afa-9e62-badc8fea1e9f,2024-10-23,Paid,False,646.29,,XTZEGBSH,AGT-9354,,Yes,5.0
6f39e6b6-22b1-4e41-849a-3f1309f362ad,2024-05-25,Late,False,253.3,,UDWSGBFT,AGT-2996,22.0,No,40.0
1c1e8f95-3e7e-4682-9907-c71f69527063,2024-03-11,Missed,True,969.62,NEFT,MNQCGBJ8,AGT-0043,54.0,No,11.0
12b2f70a-3e54-4b4c-88f7-9ae5c2e821aa,2025-03-13,Missed,True,1726.89,Credit Card,USGDGB2K,AGT-6852,34.0,No,25.0
2afe0313-82f0-47bb-9384-7e158bff3b15,2024-07-28,Paid,,184.5,Cash,QDLFGB92,,9.0,Yes,57.0
b5f0e236-cd15-4021-b93a-23d8308d2183,2023-09-17,Late,False,482.67,Cash,QDOPGBBZ,AGT-8500,5.0,No,4.0
f528998f-571e-48cd-b276-ca6c76d7d7bc,2024-10-10,Paid,False,709.68,NEFT,ILBHGBNA,AGT-7323,56.0,No,
9eda2921-388e-4986-a8ae-db43c73cded8,2024-05-17,Late,False,1011.13,NEFT,EIBUGBIB,AGT-9297,59.0,Yes,15.0
8f21bbf1-5e6b-41cf-bba0-e90c807dfa06,2025-02-20,Missed,True,945.58,Cash,TWRDGBNB,AGT-7284,40.0,Yes,42.0
82305806-21a9-4eaf-ac97-4679000fcde9,2025-02-18,Pending,False,1448.51,NEFT,CUZUGBTU,AGT-9249,36.0,Yes,45.0
f9c22ee1-9545-4ab7-970e-c74733ad62b3,2025-06-14,Pending,False,976.9,Credit Card,LFCNGB74,AGT-0153,45.0,No,26.0
,2024-08-16,Late,False,1445.18,Cash,ESFGGBZA,AGT-9380,25.0,No,44.0
e4629d10-542d-4a8b-af59-a2d592173adf,,Paid,False,1247.3,UPI,FREUGBSM,AGT-4905,74.0,No,3.0
da9f9043-7d9b-4384-a04a-659e6c589226,2024-04-15,Missed,True,1958.77,UPI,JTTIGB28,,79.0,Yes,18.0
8d548dca-68e5-4b9b-9f9d-4e28bc00f88d,2023-12-24,Pending,False,126.1,Cash,XYJIGBLY,AGT-9708,33.0,,41.0
fec2c3f4-9c2b-4465-a877-be77c66a7777,2023-10-17,Pending,False,161.69,UPI,XZVFGBFJ,AGT-6717,54.0,Yes,17.0
d6903edf-0dbd-4cde-906a-25a138e59840,,Pending,False,909.21,Credit Card,SQMPGBZM,AGT-5427,74.0,No,43.0
,2024-12-20,Pending,False,1982.59,NEFT,HBUSGBPM,AGT-3521,64.0,Yes,27.0
78176cc0-3fc1-47ec-954e-8a096c3a7321,2024-09-25,Pending,False,152.35,NEFT,UOFVGB9R,AGT-1076,59.0,No,12.0
bd358331-8377-4ebc-ae60-ee402d0494fc,2024-04-24,Paid,False,638.88,Credit Card,MKAYGB5R,,37.0,Yes,49.0
a72dfba1-0ea8-4d5b-82ad-dd92b49c87bc,2023-07-25,Pending,False,1321.46,NEFT,CNEQGBD7,AGT-3415,9.0,Yes,19.0
,2025-07-04,,False,1603.49,NEFT,GJCTGBWK,AGT-0257,66.0,Yes,10.0
f4ce50c2-1be3-4218-b701-6f49e7bd6d68,2025-05-18,Paid,False,1996.77,UPI,BZBMGBFG,AGT-7014,12.0,Yes,30.0
cf5d71e2-64cd-4c43-ad98-22f3c619f81f,2025-07-08,Missed,True,1489.67,Credit Card,,AGT-8341,3.0,Yes,51.0
044de0df-30b7-419b-86e7-ccf88e83ef67,2024-05-19,Late,False,305.79,UPI,,AGT-9120,8.0,Yes,33.0
,2024-11-26,Paid,,1534.16,Cash,EGOJGB18,AGT-2615,63.0,Yes,8.0
,2024-09-17,Pending,False,1014.55,Cash,YPOIGBD2,AGT-7275,83.0,No,43.0
32007a26-6540-4502-8382-c90de4492fb2,2025-05-24,Pending,False,1322.94,Cash,FRCSGBV2,AGT-2490,83.0,No,5.0
0475fc00-e569-46bc-9c4d-40773abc46fe,2025-06-10,Late,False,142.86,Credit Card,CVDUGBU5,AGT-4523,69.0,Yes,5.0
aa351227-5092-4749-9d5c-40824f5495b2,,Missed,,406.54,NEFT,EIOQGBTK,AGT-5246,44.0,,45.0
048f3c0b-663a-4826-ab7d-4120dac8e290,2024-11-10,Paid,False,597.71,Cash,XVZFGB1B,AGT-3366,46.0,No,18.0
a126f279-f033-4f08-94ee-f7971ee4c821,2024-03-21,Pending,False,573.29,Credit Card,AKTBGBJL,AGT-7614,48.0,No,45.0
e24cbe4f-7fbb-4acf-98b7-1e5a8f809e27,2025-06-02,Paid,False,830.33,Cash,BUHKGBM8,AGT-1815,56.0,No,56.0
c11d9b4d-2cca-4260-8261-f8d26252b3c4,2025-03-25,Late,False,1387.14,Credit Card,CGPUGB5M,AGT-5324,63.0,No,30.0
d7278e56-75c8-40a2-8db9-bf5274e8e95f,2025-02-10,,,574.72,UPI,WOANGBWW,AGT-6140,32.0,Yes,39.0
a0593800-1a8b-451f-8ac1-f1e4be217707,,Missed,,437.12,NEFT,EFNXGBEQ,AGT-8622,72.0,Yes,42.0
3b59889b-1f3e-4e0b-a148-d9784378e447,2024-10-21,Late,False,1299.5,NEFT,UWQSGB07,AGT-2751,32.0,No,49.0
f30a8c11-674a-4c5c-83d5-cd0b5c50f027,2024-01-07,Paid,False,1738.39,Cash,PHEZGB13,AGT-0335,,Yes,52.0
1d2a0b3a-b606-402d-ab9f-a2ccbf0380e5,2024-07-29,Late,False,,NEFT,WWHHGBFN,AGT-5793,53.0,Yes,24.0
,2023-07-28,Paid,False,1596.45,NEFT,OMQZGB55,AGT-9424,39.0,No,19.0
380465ea-f66c-4bb2-9499-b0bc0af1d4b4,2024-10-28,Missed,True,742.01,Cash,VFHJGBQ3,AGT-2104,83.0,Yes,50.0
4299c921-dbe0-446b-99dc-d96ab168722f,2023-07-31,Late,False,1174.42,UPI,,AGT-5650,13.0,No,7.0
cdf58fe4-1825-4956-a80e-2888c743a63b,2024-12-20,Pending,False,198.36,Cash,,AGT-1442,24.0,No,4.0
66045b12-d7f5-49d8-8585-cc6ba3a4f0ab,2025-06-24,,True,1459.46,Cash,NEBNGB2W,,60.0,Yes,12.0
5da63ff7-b832-4ab8-91bf-be84032ef78c,2023-10-21,Pending,,1842.7,Cash,NDSGGBYQ,AGT-9446,7.0,Yes,53.0
,2024-08-24,Missed,True,416.06,NEFT,MQNUGBJC,AGT-2163,31.0,Yes,15.0
dc357009-eaee-44fc-a39f-3f64b18c622f,2024-01-10,Pending,False,1152.1,,FLEJGBZY,AGT-5632,62.0,Yes,26.0
d02fcb12-f533-406f-a80b-45d11497bb15,2025-06-18,Late,False,648.46,UPI,,AGT-8822,59.0,No,28.0
f2b79eb9-dcce-44ec-92da-f670a7cd2e8a,2024-03-19,Pending,False,336.66,UPI,RAPJGBW4,AGT-0868,47.0,Yes,48.0
91597221-5da5-4a59-b32a-d85837ad7320,2025-07-05,Missed,True,201.32,NEFT,PJVNGBAO,AGT-5792,73.0,No,16.0
,2024-02-07,Pending,False,1729.51,UPI,ICRJGBP4,,12.0,Yes,45.0
f1731454-5101-41a3-a4f5-547b7fe9079c,2024-04-11,Missed,True,1570.83,UPI,YKDVGBF4,AGT-8600,25.0,Yes,40.0
44023c9b-fb51-4ca7-a28b-5b1a8e55f063,2025-04-21,Missed,True,1116.96,Credit Card,ERMLGBK1,AGT-3567,78.0,Yes,41.0
74829042-ac05-4617-851a-5773967b0f52,2023-08-27,Paid,False,820.87,Credit Card,DEGZGBQE,AGT-8762,15.0,No,9.0
061aac81-64b6-4b4b-9f3f-3a01535aa39e,2024-01-02,Paid,False,1075.71,Credit Card,VFRPGB5L,AGT-6104,68.0,No,3.0
b4ba03bd-9d80-406d-80ff-55df275f65f4,2024-06-18,Missed,True,1388.56,NEFT,IMYJGB77,AGT-5907,80.0,No,28.0
22e9d0bc-1088-4536-9df9-7865df75f25c,2024-12-22,Late,False,1526.37,Cash,IEVSGBHO,AGT-7157,4.0,Yes,32.0
83ef5d03-efb1-48a6-abad-b81135a4635e,2024-05-10,Pending,False,1802.95,NEFT,NWIAGBAN,AGT-1927,52.0,Yes,48.0
ac93bf82-6088-42e5-9e63-c96e7fe4ef61,2025-03-06,Paid,False,1624.01,UPI,OPUUGBOK,AGT-7885,55.0,Yes,45.0
fc1b05ff-324e-4c32-b305-6df822a87e3f,2023-10-20,Missed,True,1197.04,Cash,WUJCGBD9,AGT-0365,83.0,,23.0
a7d49d31-b54e-451d-bfdf-621d6fcaa6b7,2024-03-18,Paid,False,1909.35,NEFT,ESBTGBIL,AGT-3327,72.0,Yes,25.0
fb335cd7-7c4c-4611-a10f-768b68691d1c,2025-03-25,Pending,False,352.57,UPI,HEFUGB2B,,38.0,Yes,51.0
7edac9d6-f129-4d5b-b8a6-2c633b6d5d08,2023-10-17,Late,False,1561.71,Cash,DDDDGBKM,AGT-6799,48.0,No,28.0
d1362dce-a835-4b0a-a4e1-971ab05cea40,2025-06-18,Paid,False,145.65,Cash,WUWEGBQH,AGT-5334,5.0,Yes,47.0
db884a95-df69-436a-a494-81a1c53080a2,2025-05-01,Missed,True,317.49,Credit Card,KYHDGBJ7,AGT-2712,89.0,No,25.0
430f1b79-0b62-41a6-bb47-08c6908e0489,2023-07-26,Paid,False,,Credit Card,VBSQGBTJ,AGT-7455,11.0,No,59.0
4f40ef4d-ac34-4cdc-a7e1-effe57f052ad,2025-05-16,Paid,False,1916.63,Cash,HJTLGBJN,AGT-5873,60.0,Yes,32.0
bcf71ae2-fa9b-4644-9e19-931dbc39723b,2024-01-20,,False,710.24,,CDFVGBY4,AGT-2334,69.0,Yes,14.0
362c750e-e492-47bf-ba71-25717b30efd2,2024-10-10,Missed,True,996.15,Cash,XIBBGBZW,AGT-2021,57.0,Yes,43.0
6cdc2aa9-67df-4a5c-8385-2d6c4cab3617,2024-07-26,Missed,True,1290.31,NEFT,REKBGBQ3,AGT-6135,,No,40.0
17078277-3078-469e-a8ec-c7f7475d7084,2024-12-08,Paid,False,1131.51,UPI,,AGT-0752,11.0,Yes,30.0
991d821d-d915-46c5-98a0-d23141a6b5e0,2025-04-27,Missed,True,929.17,NEFT,UDSSGBQS,AGT-9693,53.0,Yes,8.0
64f2b422-482d-41b7-a928-297f7388e6a2,2024-08-09,Missed,True,568.43,NEFT,VCFDGBKA,AGT-9739,5.0,Yes,25.0
b74a8fee-92f5-4b89-9692-1bb80a8f6931,2025-01-27,Missed,True,1969.49,NEFT,IJTJGBVN,AGT-0042,73.0,No,31.0
a39bda7e-1168-47af-8645-85b52621f7a2,2025-03-25,Paid,False,,Cash,WNXMGBVK,,47.0,Yes,36.0
5f026e9f-894e-460a-b184-92c7a879f950,2024-09-13,Pending,False,1301.61,NEFT,RGWZGBSL,AGT-9723,73.0,No,21.0
c4d89d64-de5e-4980-9d92-c7750bb04cd2,2025-03-14,Paid,False,260.8,NEFT,VEAGGBNI,AGT-7247,76.0,Yes,21.0
51f044a4-0d3b-4dfd-b696-07a99d54009c,2024-09-28,Paid,False,1990.73,Cash,HYQYGBRV,AGT-1581,24.0,,33.0
8c8c8883-cbcf-498e-8580-22c1bae5c664,2024-04-01,Pending,False,1490.6,UPI,ZENSGB32,AGT-3973,31.0,,1.0
cf9fd5be-a59b-40bf-a40e-2012944f806e,2024-08-19,Paid,False,1245.43,Cash,XUYEGBWT,AGT-0289,81.0,Yes,42.0
d2732949-d867-4092-a1bc-a461e313b1fd,2025-07-07,Missed,True,628.07,UPI,,AGT-8995,19.0,Yes,58.0
cbfc566d-fb4a-4067-9dff-a5c26a691b7a,2024-08-02,Late,,1813.15,Credit Card,KBHHGBSF,AGT-4430,19.0,No,44.0
d6a2806c-4949-44a6-b4ce-699e2917934b,2025-05-11,Missed,True,1777.24,UPI,DHPUGBPX,AGT-1873,76.0,No,50.0
a02e7fd1-4010-4a04-a16b-f4cf68bfeda7,2025-01-31,Missed,True,1508.69,Cash,CCDDGBHN,AGT-7833,2.0,Yes,12.0
888684da-6226-4771-bca7-a32f9a5a6689,2025-03-05,Late,False,1350.23,UPI,OMGLGBGA,AGT-2865,21.0,No,43.0
5088d809-d63a-4717-ae59-7daaccd4637a,2024-07-05,Paid,False,755.94,Credit Card,OIDWGBYD,AGT-9490,80.0,No,45.0
b4e7a375-8b58-466f-8393-416c844c90a7,2023-11-04,Missed,True,374.27,UPI,SLZTGB9M,AGT-9823,41.0,Yes,10.0
3e9fe232-b08d-42c4-8323-1d92c4496525,2023-12-25,,False,,UPI,ZTTLGB5D,AGT-6788,78.0,No,6.0
31b20da5-292d-4f1d-ab6d-51d20a8135d3,2023-12-11,Late,False,1995.32,NEFT,AJJQGBAY,AGT-6800,50.0,Yes,37.0
1a097d9a-b115-48ec-a255-41c24cee1592,2024-05-17,Pending,False,256.47,Credit Card,QTSRGBTJ,AGT-2819,35.0,,10.0
72d9710c-600c-45cc-a60b-9f7e50ba4c88,2023-09-17,Paid,False,772.02,Cash,PUFMGBU1,AGT-4809,49.0,Yes,12.0
e210a96e-8839-405b-b23a-bc629a193dc5,2023-10-31,Paid,False,627.85,Cash,CPYPGBDX,AGT-1094,36.0,Yes,22.0
9df73c58-f1c4-4dce-a688-1d18f7bdfac9,,Paid,False,1011.12,Credit Card,IZNTGBY6,AGT-9021,86.0,,3.0
c15322db-ea7d-4520-aca3-6bffe84dc766,2023-07-24,Late,False,480.64,Credit Card,GPTBGBTN,AGT-5826,30.0,Yes,26.0
962ec50d-0a9f-4e96-8511-e8b8caea532e,2023-10-29,Paid,False,1135.32,UPI,ODAWGBDO,AGT-0751,65.0,Yes,52.0
baf22409-4b51-4ec3-ad5a-be6550b1b0ac,2023-08-05,Missed,True,1343.52,Credit Card,NKJDGBZN,AGT-4646,6.0,Yes,7.0
590be4f9-13f5-4587-9914-3be5102c05cf,,Pending,False,903.85,Cash,AAPDGBE3,AGT-7817,50.0,Yes,35.0
7130eeed-4d78-4f9b-b0f2-5cc33604b8ab,2025-07-08,,True,473.36,Credit Card,ZOAEGBYJ,AGT-2015,3.0,Yes,54.0
ab6120e1-7dbc-4cc0-9517-aff5188ea612,2025-01-16,Late,False,1896.65,NEFT,VCICGBX6,AGT-4726,42.0,Yes,44.0
1aca314d-fd27-4493-8d9b-18e00bf54cc2,2024-02-13,Late,False,434.17,Credit Card,QZXBGB9N,AGT-2263,37.0,No,56.0
212a1dbf-df79-43b7-a50f-8889d6d2eb2b,2025-06-12,Pending,False,866.46,Credit Card,LLQNGBJ0,,29.0,Yes,37.0
d6cbce20-8fc9-47f6-8c81-b752d6db53eb,2025-05-29,Pending,False,1983.33,Credit Card,XAMYGB27,AGT-7397,42.0,Yes,38.0
ae7922a3-d41c-42be-99f3-51c811994caf,2025-07-03,Missed,True,1509.05,Credit Card,LJDYGBX2,AGT-0111,40.0,No,35.0
c6e3c2dd-1910-46e6-a348-179d75382601,2024-07-29,Late,False,1411.57,UPI,RBWKGBHC,AGT-6654,49.0,Yes,47.0
b195199b-a4d8-4d80-b14e-86bfd17d02be,2025-05-13,Missed,True,954.06,UPI,CSCTGB6U,AGT-6815,9.0,No,3.0
c343d660-243d-473d-baa6-cb0b9dfa220c,2024-06-24,,False,1654.02,NEFT,SXFAGBZ1,AGT-0511,39.0,No,33.0
31a4e475-aa68-4773-9811-302d99d48c51,2023-10-27,Missed,True,1285.85,NEFT,ZBWLGBME,AGT-1060,80.0,,59.0
27934d80-9358-42bf-b6dd-5e4c8d53e243,2025-04-06,Late,False,520.64,Credit Card,DBUJGBSB,AGT-9176,28.0,Yes,46.0
ddc09c8a-578d-4841-8095-8db3f624cfc8,2023-08-02,Pending,False,820.79,NEFT,LUKTGBO6,AGT-8826,86.0,Yes,45.0
,2023-09-01,Pending,False,1232.29,Credit Card,EMQMGB1J,AGT-4270,60.0,No,56.0
5800f6d5-5a64-4249-a8d5-d10399d5cd25,2025-06-06,Pending,False,1201.77,UPI,GQLVGBJ8,AGT-1128,42.0,Yes,43.0
6f5cae78-6bf3-4d4f-84d8-a894551a20f2,2023-09-01,Paid,False,923.89,NEFT,BYXRGBRQ,AGT-6908,76.0,Yes,46.0
f6131d98-701a-4628-b57a-32e868e15ea0,2025-04-04,Late,False,1194.3,Cash,MHHDGBN7,AGT-8048,32.0,Yes,40.0
,2024-03-20,Late,False,1958.09,UPI,BQQNGBVB,AGT-7042,17.0,Yes,11.0
315bce09-a850-4dfc-9b92-4ea88a54b9c6,2025-06-26,Pending,False,1870.22,UPI,HFKSGBMD,AGT-3476,56.0,,18.0
49f57685-fa03-470a-b3ad-d1c789170800,2025-03-21,Pending,False,1375.9,Cash,LNZEGBG6,AGT-0959,23.0,No,19.0
d1b16a83-3928-4b79-beb6-0dff4db397f2,,Paid,False,892.54,UPI,,AGT-6008,30.0,No,22.0
629c50ed-da36-43e5-a4d1-dfea761fe8a6,2024-11-19,Pending,False,1332.56,NEFT,OWDQGB4Q,AGT-9786,40.0,Yes,51.0
13360927-4ec1-4fbc-a21b-ad5da3a2c086,2025-01-24,Late,False,787.6,Cash,FDIWGB3B,AGT-0836,49.0,Yes,39.0
388698b6-1491-417e-9059-5a2f3c59222e,2024-11-03,Paid,False,1818.0,Credit Card,CJFNGBPE,AGT-1375,42.0,Yes,1.0
6a34ad2a-d402-4c95-ad86-b01fec65eb55,2024-10-31,Late,False,,Cash,RGEGGBVB,AGT-2955,82.0,Yes,41.0
a09994c8-f73f-4a20-8834-9eb95abfa08b,2024-03-04,Pending,False,661.11,UPI,MVLRGBX9,AGT-0832,71.0,No,28.0
cdb9ae1b-cc4c-4590-bfb5-a1146ebcfa54,2025-01-28,Pending,False,818.99,UPI,RYJRGB49,AGT-5048,60.0,No,45.0
36d16587-7dc6-4165-8f02-5ba356c6fdb2,2025-03-16,Pending,False,1005.38,Cash,HTNJGBLT,AGT-3511,61.0,No,21.0
6765ba9a-0253-4221-8746-4fafc5790d3c,2025-04-30,Paid,False,1178.64,Credit Card,FIJBGBGP,AGT-1241,60.0,,59.0
da247685-2453-4235-843a-5d3085d9a76e,2024-06-28,Paid,False,608.12,NEFT,DGJZGBTM,AGT-3705,37.0,No,46.0
,2023-12-09,Paid,False,612.63,Cash,LRZCGB2N,AGT-2099,82.0,Yes,58.0
cc118bbb-091e-4588-9baa-f0064ea1f229,2024-12-07,Missed,True,882.02,Cash,YZPYGB2P,,25.0,,20.0
f08439f4-a04a-44d1-9953-1afa09f0d66c,2023-11-24,Missed,True,238.1,NEFT,,AGT-0873,73.0,No,54.0
ba6e14dd-aefa-4ef5-a60f-fe7766f79952,2024-10-28,Missed,True,871.96,UPI,JDSXGBQA,AGT-1407,22.0,Yes,46.0
3ab356b1-9511-4931-9d75-0694304b098c,,Pending,False,325.15,Credit Card,HHEUGBOV,AGT-1587,,Yes,1.0
c5165720-8c4b-4bee-b92a-322c93babda9,2025-04-07,Missed,True,1680.35,UPI,GXAGGBSG,,3.0,Yes,39.0
1fa5aec8-b62f-490a-a25f-ecf73a3df648,2023-12-18,Missed,True,1596.61,UPI,EFRYGBD7,AGT-2177,52.0,,50.0
d7331abe-586e-4895-a34c-016ca009c29a,2024-03-13,Missed,True,1571.58,UPI,PQDWGBM0,AGT-9322,53.0,No,57.0
,2024-09-11,Pending,False,1708.19,Cash,TTOWGB8R,AGT-7681,67.0,No,10.0
6f05991a-dc53-4450-b32e-e35b44c06ebf,2024-03-12,Paid,False,1000.74,NEFT,EVONGBQA,AGT-5761,36.0,No,57.0
24710b04-395d-494f-961d-a0dfae670b13,2023-11-18,Late,False,1988.67,UPI,ZAFNGB1R,AGT-2905,34.0,No,54.0
983cfc42-863d-4c25-8be1-e135c1e4cae3,2024-10-10,Late,False,1494.53,Credit Card,JJQAGBWI,AGT-5509,45.0,No,9.0
b2404787-994e-459d-9c08-13f39eee723d,2024-08-30,Late,False,1008.99,UPI,OESVGBP9,AGT-7755,9.0,No,5.0
cbc762ca-a125-4b58-8a7e-e08a506b44ed,2024-01-06,Late,False,890.9,NEFT,PTAVGBL6,AGT-1542,33.0,No,24.0
47ac3461-d5e3-4acb-863b-a65df12bd217,2024-01-14,Paid,False,1997.66,Cash,UMQXGBW8,AGT-2521,33.0,No,13.0
2c25acea-9242-44bf-9a81-5bce8fbd3bcd,2024-08-30,Late,False,121.98,NEFT,PAPVGB0G,AGT-8567,5.0,Yes,31.0
2153f814-802a-45e1-8474-4b6f8022d08d,2025-04-21,Late,False,1685.92,Cash,GDYLGBPU,AGT-8231,68.0,No,2.0
7f52b2d4-fa22-47f9-8928-6104fa7e22ba,2024-05-28,Late,False,1464.55,Cash,LGRBGBEM,AGT-6525,18.0,Yes,53.0
40ff5ad8-0b65-400a-a56c-727fa1067270,2024-07-04,Missed,True,403.87,NEFT,RCOEGB0F,AGT-6104,,Yes,34.0
fdfa1195-d602-47ca-aaca-3b90db43a0cf,2024-01-07,Paid,False,1639.34,Credit Card,HHYCGBAY,AGT-0049,73.0,,48.0
8001f777-9d42-4e46-8b1a-710820bd5e1a,,Late,False,1135.01,Cash,,AGT-3695,63.0,Yes,20.0
ae4e6f59-7993-45be-98b0-0f5b57ab2432,2025-06-09,Missed,True,1682.47,NEFT,,AGT-5743,9.0,Yes,6.0
7ef9aeae-d929-4e31-985a-b3fc2067a602,,Late,False,895.15,Credit Card,FZBPGBVT,AGT-7722,65.0,No,31.0
d10271a4-a589-4901-abd3-5f5e2c6a5bd1,2024-07-27,Missed,True,874.05,Credit Card,RRYHGB3Z,AGT-3212,80.0,,8.0
97191e28-07b3-449c-9174-e69710097cb2,2023-08-17,,True,1567.29,UPI,UVXZGB9Z,AGT-9753,66.0,No,2.0
40b2f156-ee1a-4522-a5f0-e5d9c115c2fe,2024-05-08,Late,False,1710.57,Cash,RUMUGBGC,AGT-1945,10.0,Yes,53.0
f58f2d97-eb00-4abe-95c3-0ff0a952de2d,2024-02-08,Late,False,707.44,Credit Card,CDFRGBOA,AGT-1204,74.0,No,
46b74956-f510-48a6-9d0f-289e4b07cade,2025-03-26,Late,,1606.43,UPI,EUHGGBMA,AGT-4030,47.0,No,12.0
199bce85-9680-4ed7-a257-51cc9247499f,2024-01-22,Missed,True,1167.29,,,AGT-6363,5.0,Yes,16.0
20fbc183-0206-4af4-b6c6-2bc27b76c5dc,2025-04-07,Paid,False,524.34,Cash,DDPXGBSG,AGT-4694,31.0,Yes,6.0
2b6a6021-bf41-4e2e-8b27-303daca2ce8c,2024-10-23,Late,False,1802.47,UPI,TYUIGBMG,AGT-1783,16.0,Yes,43.0
7e405fc3-7d79-439c-9210-b11ca66deaa5,,Paid,False,1122.93,UPI,FPDMGBJS,AGT-7969,6.0,No,40.0
ade4d402-da00-421c-90dd-0c059312d542,,Pending,False,260.59,NEFT,XGEJGBN7,AGT-9012,14.0,Yes,18.0
bde9d55e-0560-444e-a3b7-4b4bb696d63a,2024-04-26,Paid,,572.62,UPI,AIAEGBFE,AGT-7342,48.0,No,20.0
f5bacb47-53c8-47d3-86a5-29fbebce7d10,2024-05-12,Pending,False,1459.95,Cash,POXFGBK0,,34.0,No,48.0
8e509e9e-d5fa-4773-832f-374dae368ec6,2025-06-04,Pending,False,481.57,NEFT,NWDNGB8M,AGT-6043,42.0,No,47.0
,2024-05-17,Missed,True,1357.93,UPI,WLXWGBZT,,34.0,Yes,44.0
60f02ffb-e0d1-44d4-a8dd-fcf4a5e7f760,2025-01-16,Late,,1591.77,NEFT,YADNGBCL,AGT-4593,83.0,Yes,35.0
bcd867ff-460f-44d2-920d-9dda9309c8a4,,Late,False,1285.63,UPI,QNZUGBOT,AGT-0328,3.0,Yes,7.0
8dc2a81e-e5c6-4aef-9c67-b45acad7b91f,2023-08-06,Late,False,1590.76,Credit Card,ZQMLGBI3,AGT-3429,57.0,No,18.0
fcd3a01d-7902-4e5f-88ad-69abe40884ee,2024-03-02,Paid,False,,Credit Card,FKPXGB9C,AGT-7489,62.0,No,44.0
b70c29dc-932b-4fd4-8b5f-f0e71bdbe066,2023-09-30,Late,False,613.46,Credit Card,NCJHGB8F,AGT-7257,55.0,No,4.0
78e38c66-012d-42c2-9116-3a4bf9cc9840,2025-02-12,Paid,False,231.16,Cash,SYTYGBIG,AGT-5094,42.0,No,30.0
adb82882-da3c-4b18-9e6e-d94fb94903a7,2023-11-10,Pending,False,1586.6,NEFT,KSBLGBS3,AGT-9239,32.0,No,59.0
47191087-90a3-4c95-85f1-784840f97bcc,2024-01-13,Missed,True,915.66,NEFT,WNVMGB0W,AGT-9404,28.0,No,11.0
8c4f795e-ee9a-4ce4-a0b4-2f27204500e3,2023-08-27,,True,577.97,Cash,,AGT-9767,66.0,No,
172e44e7-b2dd-4866-88e4-cde198979295,2024-08-06,Pending,False,1865.91,Cash,,AGT-6743,63.0,Yes,4.0
8a73995a-8062-4615-9bdf-f1556e785c4a,2024-12-17,,,494.39,UPI,UHXGGBV4,AGT-0161,44.0,No,32.0
eed8dc2d-0121-439c-81f8-3830f93955b4,2024-03-16,Late,False,1935.43,,QPCGGBI4,AGT-5282,86.0,No,11.0
dea2a4ca-14af-45df-9651-6f3a2140ebea,2025-06-15,Late,False,386.0,Credit Card,NQWFGBFD,AGT-4996,,No,57.0
a1e561ea-3528-4211-8daf-d44016308b2e,2023-08-29,Late,False,192.6,UPI,WSVUGBDZ,AGT-7143,24.0,No,57.0
5c0f148d-5a59-4242-9b52-076ab02341cc,2024-09-28,Missed,True,1274.13,NEFT,EMJZGB3N,AGT-3321,50.0,,15.0
bd04ea0b-9c1e-4f81-bcec-39902b81b1e4,2024-09-01,Late,False,1525.07,Cash,FEOZGBJT,AGT-3030,,No,36.0
2ef333da-3d92-4356-bb1d-757159c57217,2024-12-14,Paid,False,613.77,Credit Card,HSXVGBKA,AGT-8005,35.0,Yes,37.0
7b17b4e5-ec9a-4892-8fb2-43989471525d,2023-12-10,Paid,False,1227.9,UPI,SJNPGBYC,AGT-2422,11.0,No,56.0
582af7b4-d6b4-48d1-b815-40eac8120422,2023-11-04,Pending,False,864.47,Credit Card,XAMDGBE3,AGT-2526,56.0,No,53.0
ecb10b2c-57bd-4ca6-86a1-76fb5eb1086d,2025-05-28,Missed,True,580.82,,NQGJGB0J,AGT-6859,32.0,No,14.0
65b3562f-527e-4e6e-9a0d-913e41cd6eb4,2023-10-01,Pending,False,967.2,NEFT,STUAGBDW,AGT-7241,18.0,Yes,42.0
b702a290-63ff-40fc-b673-b077c250c2db,2024-12-09,Late,False,644.8,Cash,JPAXGB55,AGT-4906,89.0,Yes,33.0
d720daf0-15c5-4f81-a8cf-1ea0f7328868,2023-08-01,Pending,False,1279.09,NEFT,HHJPGBV6,AGT-8225,21.0,No,50.0
be90dfd0-4c20-4655-8a62-2b1d221c9752,2024-06-06,Paid,False,171.11,Cash,VMXUGBSA,,83.0,No,
3cf1b869-4602-4109-b5b3-d54642a7a165,2023-10-19,Missed,True,1446.35,NEFT,IRSCGBDK,AGT-3318,89.0,No,32.0
88f16e82-5a4f-4b9a-9b9c-4beea2e989cd,2023-09-20,Late,False,1621.6,Credit Card,YFSHGBGE,AGT-0470,,,53.0
54b03a8f-f442-48f2-b5d5-7139f2ecbe29,2023-11-04,Late,False,1875.68,UPI,GAOVGB1C,AGT-2581,76.0,No,48.0
77b06840-d7a4-48df-b365-6c7be48d0b79,2025-06-29,Missed,True,922.47,NEFT,WYYTGBME,AGT-5926,62.0,Yes,29.0
cbe2602f-3fc2-4a08-88e6-55d5c477e954,2025-05-03,Pending,False,501.06,UPI,WQVBGBDG,AGT-6812,17.0,Yes,40.0
9240a0da-2d8f-4343-a9d1-98e42e7bd875,2025-07-10,Paid,False,442.77,Credit Card,PSVOGBGK,AGT-6909,17.0,No,32.0
f77b3c1a-8d5b-48fa-bdae-97b13693fbff,2023-10-04,Pending,False,1102.05,Credit Card,AAGXGBY9,AGT-9761,77.0,Yes,13.0
5838ab36-efbb-441a-8301-4838286ab962,2024-04-10,Late,False,,NEFT,KYGGGB25,AGT-1699,10.0,No,43.0
88aa0d1b-6c9c-448c-9469-b72e0be4e859,2025-03-11,,False,779.83,UPI,FGZAGBV5,AGT-1776,58.0,Yes,13.0
6a48497f-907a-450d-b9db-69590d5e785b,2025-02-25,Late,False,1389.91,UPI,WGSOGBGI,AGT-7596,48.0,No,43.0
c869c5f3-b1b1-48ec-b1eb-56c073f739e1,2024-03-04,Late,False,540.41,Cash,VXTZGBLQ,AGT-7312,64.0,Yes,
c92a1b34-31bd-47ac-a649-436f543306e9,,Pending,False,555.1,,GWTMGB26,AGT-4869,81.0,No,3.0
75477eab-1d6b-4fad-a727-afe164215ca5,2024-07-16,Pending,False,751.86,Cash,RLWKGBAM,AGT-7616,45.0,No,39.0
7d076eda-a60f-4de3-a0a3-0228d2546abb,2023-12-06,Pending,False,1712.39,UPI,GYHEGB30,AGT-4532,54.0,No,41.0
f77b501d-fb6e-4ea5-8f33-7167083c4af8,2023-09-27,Pending,False,1398.37,Credit Card,OEFAGBDD,AGT-1162,40.0,No,41.0
65520868-e054-4ae5-8c1e-2dbb0cb26ec7,2025-05-26,Pending,False,1131.27,UPI,QNMGGBBZ,AGT-5915,54.0,Yes,10.0
eaa773a7-0394-4554-a5df-14559d96b68b,2025-03-13,Pending,False,408.95,NEFT,HHNIGB9E,AGT-1168,26.0,Yes,17.0
3bc73b77-c411-4907-a81c-169cfe3549d4,2023-12-24,Late,False,260.77,NEFT,VWWPGBP4,AGT-6056,30.0,No,49.0
390b8591-9a99-4357-a3e9-8916faf5f998,2024-08-09,Pending,False,550.48,NEFT,VEPOGB31,AGT-1868,23.0,Yes,58.0
34d53dcc-90cf-44a5-8c53-bb25928e2f86,2023-08-03,Pending,False,1814.92,UPI,HUHFGBE6,AGT-4515,71.0,Yes,36.0
2ffcb8ab-ebd6-4887-b8ea-4783ea0003e8,,Paid,False,643.84,Credit Card,KHFSGBYH,AGT-1508,57.0,Yes,17.0
6fff5950-eb96-436d-b2c5-166332d96960,2025-06-16,Pending,False,1164.78,Credit Card,SLBCGBMT,AGT-4669,3.0,No,35.0
361634cf-afd8-480a-9d61-767915cb0b13,2025-06-30,Pending,False,410.67,,TTSHGBIT,AGT-5467,54.0,No,50.0
b7ead96c-8022-49f4-955f-d51e15b87f2c,2024-12-10,Missed,True,1034.41,UPI,VTQVGBNP,AGT-9068,27.0,No,22.0
b41b38a7-86ec-4cfe-a2a8-7a7b27cb6e06,2025-01-05,Paid,False,1659.03,Credit Card,MJAVGBM6,AGT-1238,13.0,Yes,53.0
7638a202-5f4d-4fbc-825f-241d1810d13f,,Pending,False,282.67,Credit Card,HRMIGB2F,AGT-3301,63.0,Yes,4.0
392cf457-fa47-4d3d-a5ae-a7e4237cd99e,2024-02-08,Missed,True,419.99,Credit Card,XWCNGBL2,AGT-9991,34.0,No,44.0
a3517ee9-0f3e-4910-ad78-d474314bea14,2023-12-03,Pending,False,669.79,Credit Card,YZWJGB5E,AGT-1139,41.0,Yes,7.0
e71465ea-dcc6-4c12-8f2c-aa2e33b78477,,,False,511.38,Credit Card,YUDHGBIV,AGT-4114,8.0,,57.0
e4729dd6-e987-4342-b28b-83f2466540ef,2025-07-05,Pending,False,1542.66,Cash,CVDJGBU1,AGT-5106,55.0,No,43.0
76961ac1-ac97-4dcd-a7ce-305d87d55268,2023-10-13,Paid,False,822.45,Credit Card,FSQDGBO1,AGT-7799,82.0,No,19.0
e5985814-3b90-481c-8147-d9ab014d8303,2024-06-17,Paid,False,537.17,,KWDGGBC0,AGT-3148,84.0,Yes,50.0
9a9a6646-72b8-4f4c-92ae-56f211330027,2024-03-24,Pending,False,1200.64,UPI,MROMGBJX,AGT-2346,61.0,Yes,2.0
31c25207-2850-4395-9b9c-db6f7ac3b897,2025-02-23,Missed,True,674.42,Cash,TICWGBD2,AGT-3507,31.0,No,58.0
249eb9f4-6100-46be-b080-7d383ae7ebe6,2024-05-05,Late,False,888.02,Credit Card,KKFSGB5G,AGT-7856,34.0,Yes,32.0
921acc40-cf2d-4a74-a262-902eaf30c4b5,2024-03-07,Late,False,976.84,Cash,CSLHGBJ7,AGT-0289,72.0,Yes,35.0
3f2cf1bf-4c2c-4553-a4c5-49635989ed96,2024-03-11,Pending,False,831.37,Credit Card,VUVOGB1S,AGT-2728,15.0,,6.0
d1c11453-3559-4af0-8ff6-2b4b734b9c5c,2023-09-10,Missed,True,,Credit Card,HCCNGB87,AGT-7190,48.0,Yes,5.0
0eec276c-c11c-43ee-b166-924112a0528e,2024-07-14,Late,False,1912.21,UPI,YGXOGBV5,AGT-2758,43.0,Yes,20.0
5cbca308-f53d-44de-8693-12e0a49450a2,2024-09-22,Late,False,979.92,Credit Card,AVPXGBMS,AGT-6472,7.0,Yes,57.0
0b62bf4f-ebed-489f-bb18-6407bcffd8de,2025-06-17,Missed,True,357.04,NEFT,SUYPGBD4,AGT-9770,15.0,Yes,39.0
5ccd41fe-434f-4336-bf73-129b87a437a7,2024-01-15,,False,1526.04,UPI,XMYDGBOM,AGT-9953,51.0,Yes,28.0
cec38255-a57a-4cca-82cb-d73eb8e1623e,,Missed,True,624.53,UPI,YFZKGBXL,AGT-5250,52.0,No,19.0
20d8f6bd-a466-418e-9d6c-0f72045222aa,2024-01-05,Pending,False,1183.76,Credit Card,OJFEGB1P,AGT-1820,70.0,No,33.0
ab783aef-2395-4e10-8a79-c92c9becb05a,2024-12-26,Paid,False,1137.7,Cash,KCMRGBB5,,83.0,Yes,8.0
615b6730-923c-4df1-ab73-6a1c1aa89f00,2025-07-18,Missed,True,822.68,UPI,TEZCGB6H,AGT-2926,15.0,No,15.0
,2024-03-06,Paid,False,515.33,NEFT,YURCGB39,AGT-1606,41.0,No,2.0
43e59486-90ec-4049-81bd-92df72984fe0,2025-03-17,Paid,False,337.77,Credit Card,YGOUGBK7,AGT-6266,4.0,No,41.0
1b38416e-7a29-4912-8c5b-6ead3532ab11,2024-06-09,Missed,True,257.7,Cash,,AGT-1461,37.0,No,46.0
4eb5cae3-0dac-4ac6-8430-8a9a2cbd5776,2024-06-20,Pending,False,1794.33,UPI,FYUVGBQA,AGT-2908,6.0,Yes,2.0
d2a8df5e-8a45-4fad-95c7-f83ea24138fd,2024-06-10,Paid,False,1251.19,NEFT,BYVPGBLB,AGT-2810,46.0,Yes,59.0
e95341c7-f08b-4e4e-8a58-c8fabc35bee7,2025-02-19,Pending,False,245.92,Cash,XEIBGB75,AGT-4099,43.0,No,53.0
40108074-b643-441d-bafb-501e8dc8d639,2025-05-04,Missed,True,1128.86,UPI,XJXUGBY5,AGT-7710,71.0,No,49.0
30c03584-be6d-49f6-9dba-ff7c3a8c01de,2025-04-30,,False,1183.8,Cash,ORSWGBZW,AGT-4608,60.0,No,16.0
2b0cd84f-e380-42c4-a761-92edc048d98c,2024-05-31,Paid,False,542.08,Credit Card,UCZBGBLO,AGT-4487,66.0,Yes,40.0
d5945056-b9f7-4b1e-9e2a-81a87f3635e0,2024-04-27,Pending,False,353.39,Credit Card,AKHRGBQ6,AGT-7588,88.0,Yes,40.0
458ea904-a759-4c98-9546-3538c0fc39d3,2024-12-10,Missed,True,1179.55,UPI,TRJXGBCW,,54.0,No,9.0
a49b68da-9554-42d2-8284-912fafb7c3da,2023-10-30,Missed,True,1980.49,Cash,YNRSGBKI,AGT-4441,20.0,No,15.0
4bf76b5e-7b90-419b-800d-e6cec54acb64,2024-05-11,Late,False,997.43,NEFT,PYJPGBA2,AGT-3793,39.0,No,19.0
fb6ee34e-bfba-40b0-b713-17c84dbc9ad3,2024-10-22,Paid,False,470.61,UPI,HGDNGBX5,,,No,32.0
2814b90f-95cd-4532-bb75-9be27ee73922,2024-11-05,Paid,False,1816.95,,SDFVGBGD,AGT-2698,44.0,No,6.0
602ee5e3-86eb-454a-a77b-3140486ad8d6,2024-12-28,Pending,False,1853.87,Cash,XDCAGBNG,,86.0,No,26.0
94ebe63a-a952-4f26-aa7f-7cfbfe60ae42,2024-02-24,Late,False,1265.58,Cash,GKQDGBJJ,AGT-6856,77.0,,33.0
9e0c04e4-550f-49a4-ae30-2d8e809adabe,2025-01-23,Missed,True,1448.86,,ZELFGBRI,AGT-6235,,Yes,8.0
db8af190-992b-4cc2-8bc1-9880b3b79934,2023-12-04,,False,1471.02,UPI,,AGT-8479,62.0,Yes,55.0
df0b5aa4-12e6-4977-9a05-c831647b17fe,2024-08-05,Missed,,608.63,Credit Card,YFTXGBS6,AGT-4393,87.0,Yes,55.0
5c84b1b9-3b93-43ef-bade-7e28216461fd,2025-05-23,Late,False,1057.23,Cash,GPKZGBQ7,AGT-7618,81.0,No,
75cb1e05-57db-40d8-bc6e-79d42072cbf0,2024-07-28,Late,False,1858.14,Cash,ENQVGBU4,AGT-5662,89.0,Yes,24.0
ca9a1b41-2c9e-4c3a-9f01-0411363cf7b2,2024-10-29,Late,False,1514.42,,QKVZGB62,AGT-1525,10.0,Yes,51.0
840dcd5a-3421-4448-bf79-7da942e2d18c,2023-08-27,Paid,False,569.97,UPI,HTDLGBXO,,62.0,No,26.0
924ff65b-ba2d-46c7-91c2-38b027e58f87,2024-12-19,Missed,True,393.39,Credit Card,RAIDGBI4,AGT-6477,52.0,Yes,9.0
ea800e6e-9f49-4643-bfbe-92b1161734f6,2025-05-11,Late,False,1361.1,Cash,YRDAGBA5,AGT-0707,85.0,No,29.0
4da91346-7882-4b95-9807-40a9a4d51c51,2023-11-16,Missed,True,1896.48,Cash,,AGT-3679,21.0,No,56.0
ad622c3e-dfd3-42ad-888e-b10843cf482d,2023-09-21,Pending,False,1699.8,Credit Card,QCYDGBIV,AGT-6006,13.0,Yes,34.0
3ae38bc1-c165-4779-af01-03791c3510f0,2024-01-16,Pending,False,1685.65,NEFT,EBZBGB0N,AGT-9108,,Yes,51.0
3460413c-5c6a-4dbf-a323-def19b01cbb3,2023-12-06,Late,False,688.79,UPI,VYFUGBT2,AGT-4298,83.0,Yes,34.0
d382ff5c-353f-4a33-a713-132aa6f7637e,2025-02-17,Paid,False,1213.6,Credit Card,AZVFGBBB,AGT-1867,75.0,Yes,5.0
becaea56-7f1d-49ab-84f5-331e30a916be,2024-04-16,Pending,False,1903.26,Credit Card,EZXSGBZ1,AGT-2084,1.0,,44.0
b5c1e727-3b08-4b10-8e64-fc839db86898,2024-05-22,Paid,False,1477.85,Credit Card,RVTDGB15,AGT-7069,19.0,Yes,47.0
110855b8-8f05-48d9-af0e-ff4736ac1dd2,2024-08-14,Missed,True,1006.28,NEFT,GFZLGBUM,AGT-5073,7.0,,48.0
4f2e2fd7-c364-476c-b119-795c3cf43ecf,2024-06-22,Pending,False,474.94,NEFT,PTVDGBF3,AGT-8323,65.0,No,46.0
c8cfd4b8-a35b-4d92-acbe-73eb117d46a2,2025-04-27,Late,False,912.83,,ZRBQGB9B,AGT-9325,,Yes,12.0
a0855986-98a1-4f40-8aca-76fd977117a9,2024-05-10,Paid,False,,UPI,VLGCGBLW,AGT-6526,61.0,No,55.0
,2025-04-04,Paid,False,664.72,NEFT,APFLGBHY,AGT-5477,18.0,No,1.0
f48ea292-6bc1-43f5-9b6e-3c8ae5d1e08f,2023-09-18,Missed,True,1027.86,UPI,JSQHGBF7,AGT-5920,64.0,No,31.0
8378b82a-f68f-4f5e-a2fd-2f7beef71a7a,2024-01-25,Missed,True,701.58,NEFT,GILEGBAD,AGT-9993,7.0,Yes,18.0
7bdb38e1-114a-45fb-8841-65861aa3a80c,2024-03-23,Late,False,1356.3,Credit Card,DXQVGBT2,AGT-2222,30.0,Yes,33.0
afab182b-9d84-4746-8bdc-28e97468d7ff,2025-06-16,Paid,False,935.04,NEFT,RHEPGB40,AGT-8413,0.0,,39.0
53459974-b6aa-47c3-b979-805da80a695b,2024-04-29,,True,1625.12,NEFT,VGCWGBGG,AGT-1203,24.0,No,13.0
86a5c469-110c-4e6d-a9e6-e89b8d6f6b08,2024-09-24,Pending,False,1159.07,UPI,MPZOGBBO,AGT-0304,88.0,Yes,7.0
9ac18507-88c0-43c5-8aa4-75a408027cb4,2024-01-05,Paid,False,1661.21,Cash,,AGT-3718,3.0,No,37.0
,2024-09-06,Late,False,1741.44,NEFT,GTQIGBS7,AGT-2962,37.0,Yes,51.0
bef5e4bb-0f9a-4c64-9afc-577ce8d83693,2023-08-09,,True,209.49,Credit Card,ZQUAGBI0,AGT-9336,45.0,Yes,11.0
8cdcaab3-8c0e-45df-b7c9-8f5633258e6d,2024-03-15,Pending,False,1796.29,NEFT,MRFBGBB9,AGT-0848,40.0,No,22.0
ab9b07cc-3586-415a-8a47-bf77710d842e,2024-09-18,Missed,True,789.08,Credit Card,ZKNDGB8W,AGT-9131,73.0,Yes,13.0
81479965-5d51-4ca1-8f11-eaffaf09ac03,2024-08-08,Missed,True,1920.95,Cash,XLQBGBIQ,AGT-5109,60.0,,9.0
1b1ace96-a50d-4fef-9806-427cd8be6143,2024-10-09,Pending,False,1715.97,Cash,IGCGGBOP,AGT-7931,62.0,No,38.0
d4d5f50a-ee38-4f1c-bba3-fe9716cd5f5e,2024-05-08,Missed,True,1668.25,UPI,PMIKGBYN,AGT-0955,36.0,Yes,41.0
12713cd8-045f-4c02-80ae-399a74974144,2023-08-18,Pending,False,1393.76,Credit Card,,AGT-6164,64.0,Yes,26.0
3706030b-2b3c-47aa-8e9d-d68f51d7105d,2025-05-06,Pending,False,354.96,UPI,XMFHGB13,AGT-0237,87.0,Yes,59.0
5a67f396-4453-412e-b3b5-9cd32020c330,,Pending,False,1867.78,UPI,TWZJGB6M,AGT-8180,24.0,No,10.0
,2023-09-28,Pending,False,448.24,Cash,AMJZGBUG,AGT-9695,88.0,No,58.0
6932c7f9-a6a6-45c9-b1ce-0f6f78d2d1bd,2024-03-03,Missed,,1639.59,Cash,JPBLGBPN,AGT-5297,88.0,,52.0
22bda58b-0cff-4d44-984a-c35d921f50d5,2025-01-28,Late,False,1290.59,Cash,NECQGBGU,AGT-9328,1.0,No,17.0
af00afd8-760d-4e44-b946-9bfb1995ad3a,2024-01-10,Paid,False,1715.9,,VFIKGB1B,AGT-6702,26.0,Yes,51.0
5ff21fea-84e3-4c60-b5ff-abe042ce88ee,2024-01-26,Late,False,987.81,Credit Card,WLRCGBAT,AGT-6847,58.0,,31.0
,2024-04-22,Missed,True,306.04,Credit Card,ENQPGBYL,AGT-6518,46.0,Yes,4.0
4f4eef86-5c11-486e-93c7-442cd8bb5ca7,2024-02-25,Pending,False,1221.31,UPI,UANLGBY7,AGT-3886,66.0,Yes,37.0
90d6c8cf-28a9-48b3-967e-14d517a3680d,2024-12-26,Paid,False,1572.07,NEFT,BZOTGB4U,AGT-8924,8.0,Yes,19.0
2b933621-85d9-41eb-9c90-8fc11629c27c,2024-07-08,Missed,True,330.22,UPI,CLOMGBJQ,AGT-5765,84.0,Yes,19.0
c126e4d7-a350-420c-9ccb-c64d84f8d120,2024-12-17,Missed,True,1258.73,UPI,WRAJGB6L,AGT-7782,62.0,,12.0
64c37c08-2848-4dea-b3cd-bc53bfaeacf8,2025-02-01,Pending,False,436.37,Credit Card,JCSOGBFR,AGT-6495,80.0,Yes,39.0
42b5f1ef-5564-44a6-aa50-01a2327954a9,2023-11-01,Pending,False,1035.45,Cash,,AGT-2906,3.0,No,
f533b838-932d-491a-8f17-43b83eec734e,2024-08-28,Missed,True,1969.13,UPI,GYNHGBFI,AGT-6522,7.0,Yes,29.0
253fc999-a9b1-4292-a562-07fff340ee83,2024-06-11,Pending,False,,UPI,EUCMGB8L,AGT-9567,28.0,Yes,38.0
,2024-05-16,Late,False,1990.85,UPI,WJMNGB3S,AGT-4257,15.0,Yes,53.0
43fcfa2b-b81e-4f06-bd65-db20972a6e2c,,Late,False,1637.04,NEFT,GOCLGBI1,AGT-8187,18.0,Yes,8.0
,2025-02-09,Pending,False,1837.66,NEFT,MJQCGBKL,AGT-7834,74.0,No,55.0
b614c968-8f36-4e60-b102-f0c20448aeed,2023-11-15,Paid,False,174.27,Cash,JFBMGB1X,,21.0,Yes,57.0
b9d072df-d6de-44c2-a6f3-1ea2dd025a5f,2025-05-21,Late,False,740.31,Cash,LAPZGB1Q,AGT-3616,6.0,Yes,5.0
9ea447e1-a2bb-47b1-9647-ba7bb29b9d9c,2023-07-25,Paid,False,1025.48,Credit Card,RFIBGBU0,AGT-5624,21.0,,
eb3ca64f-5853-4ba1-9439-f40a0b74b200,,Missed,True,957.25,UPI,WYXFGBQB,AGT-2614,47.0,Yes,3.0
e8771131-6add-49e9-af71-944bd314a349,2024-05-23,Late,False,1508.16,NEFT,BNOYGBJW,AGT-5363,36.0,No,20.0
aec4d7fb-ce07-4fef-ae70-3826b49a3d14,2024-11-09,Pending,False,315.88,Cash,GWPOGBW7,AGT-2534,73.0,No,41.0
a9400601-c067-42e7-89a4-137ff03eaba6,2023-10-28,Missed,,1138.27,NEFT,VNCFGBTC,AGT-9142,2.0,No,18.0
87298e6c-06b3-4e39-ae9f-8fd379a3021e,2024-11-23,Pending,False,1112.11,Credit Card,BRAPGB7O,AGT-8484,51.0,No,30.0
687d74be-7545-45a3-ac06-cf8fd8df9d11,2024-09-28,Pending,False,957.64,Credit Card,EUQCGB0X,AGT-9273,83.0,Yes,23.0
c1deffe6-c788-41ba-bfa8-8ff2484b67f2,2024-04-25,Missed,True,342.91,UPI,OVAMGBTG,AGT-6683,34.0,Yes,1.0
8b7dc1cf-e6dc-4fae-b4bc-777d5e178cde,,Pending,False,1375.28,NEFT,XUGFGBZB,AGT-5077,50.0,,33.0
88b57fff-aab9-4e80-9519-4d095a9cb192,2023-11-02,Paid,False,882.12,NEFT,OOLFGB6I,AGT-0571,71.0,No,17.0
53e1dbf8-0116-430d-ae19-2dfd0fe83eca,2024-04-23,Pending,False,1592.98,Cash,UYWRGBAK,AGT-7562,16.0,No,28.0
8c569d8c-5d18-4ca4-8a20-078a047274bd,2024-05-11,Late,False,998.21,NEFT,BBCUGBYC,AGT-3261,51.0,No,58.0
c6a2472d-b798-4b21-a750-805d6adea594,2024-10-23,Paid,False,1122.6,NEFT,EFDPGB3R,AGT-0599,71.0,No,2.0
8227ed46-a964-416f-bc3b-34b4e719e1c0,2024-09-28,Pending,False,1178.18,UPI,VOAUGBOK,AGT-2463,67.0,No,
c6fc5449-a18a-40e2-823a-1b3210fe74cb,2023-10-13,Late,False,766.85,Cash,OTOXGB98,AGT-1606,9.0,No,25.0
632ae4b3-2921-449b-bf77-7998d0340787,2025-05-27,Late,False,1452.72,NEFT,QFAAGBBM,AGT-8495,52.0,Yes,26.0
734b9038-e063-4a80-9ce7-ccef0be53ce4,2024-09-24,Late,False,1738.29,Credit Card,KBSMGBLW,AGT-4005,,No,38.0
7d771c00-ad7a-40dd-8f06-19aeb25c11b0,2024-04-28,Missed,True,767.85,UPI,YTSBGBSV,AGT-9809,48.0,Yes,21.0
1d63e222-e888-4487-b290-167bdbcaf1aa,2024-08-08,Late,False,267.38,NEFT,XIJGGBEV,AGT-4966,42.0,Yes,5.0
c70919d5-1030-4e4e-a6c5-9e088ebcc588,2023-09-17,Late,,1069.36,Cash,WUVCGBA2,AGT-1205,67.0,No,41.0
c1d76e80-40d9-40d9-b500-6d3b5e9b7bd8,2025-03-16,Late,False,1027.46,NEFT,WNQPGBYG,AGT-4289,77.0,Yes,59.0
f77ca14d-07d2-46b7-b299-324465e26efd,2025-07-12,Paid,False,625.25,Credit Card,HMFJGBBQ,,,Yes,13.0
d77d4977-532a-495c-9f75-acc9abc3991b,2023-09-14,Paid,False,,Credit Card,EXIJGBJA,AGT-0155,9.0,No,14.0
c5a604fa-1b11-45b0-bec6-c49159ac1759,2023-12-03,Missed,True,434.08,NEFT,WMQSGB9F,AGT-0241,27.0,No,39.0
737244a6-b5ce-42a5-8a59-cc9a30c9830e,2024-12-16,Pending,False,847.73,Credit Card,NHHAGB1V,AGT-9943,36.0,No,
dbe00092-c6e2-4d8d-bfd3-eb05d0f41666,2024-09-13,Paid,False,353.73,UPI,CLSMGB2A,AGT-2096,67.0,No,52.0
babe2a18-7eac-4978-8d44-b4276fd56fe0,2024-07-25,Missed,True,1761.55,Credit Card,YSZTGBD5,AGT-3135,74.0,Yes,34.0
6810938f-9385-4124-b18a-d11765bbdf78,2024-10-27,Missed,True,1572.92,Credit Card,,AGT-5098,16.0,No,2.0
cf75f6f6-a919-4123-b801-1ba4f2bc9364,2023-07-19,Late,False,1558.53,Cash,CPQDGB2Q,AGT-6185,1.0,Yes,44.0
0930563a-8553-453a-a303-3adb134ea0d7,2025-05-23,Missed,True,609.55,UPI,PBBIGBW4,AGT-9742,63.0,No,56.0
b0efcb19-1f3c-47d3-8bef-eda2d1921209,2025-06-15,Missed,True,1073.26,Credit Card,WAETGBW5,AGT-1194,48.0,Yes,30.0
b5fe1b18-c31b-4a30-b674-e855bd337d60,2024-02-13,Late,False,1353.73,Credit Card,VWVPGBOG,AGT-2328,11.0,Yes,34.0
8e318358-f95a-4fa0-9ca3-3cb5ade250d6,2024-05-15,Pending,False,444.23,Credit Card,CQOMGBRQ,AGT-6857,31.0,Yes,40.0
,2024-01-07,,False,1456.4,Credit Card,KMKIGB5A,AGT-3548,82.0,Yes,41.0
13afe75b-a6dc-43ac-9f9f-b5ef38c0c99e,2024-07-20,Late,False,1054.14,Cash,ZOFRGB69,AGT-5387,87.0,No,58.0
a4cae569-4201-441c-99e4-dba22d1600e2,2024-10-26,Late,False,1143.94,NEFT,VXBFGBLB,AGT-3368,15.0,Yes,27.0
b88b3067-7751-4068-af65-6b46a065dc4e,2024-03-01,Late,False,883.34,NEFT,JLLXGBNB,AGT-1192,31.0,No,5.0
f9b164d1-0bc7-4125-a080-faa9fb382eed,2023-11-08,Paid,False,1317.05,Cash,RTZZGBCI,AGT-4812,44.0,Yes,31.0
9406278d-36b5-4e32-aa8c-9eae7ac723a3,2025-02-19,Pending,False,471.89,Cash,DLBEGB6N,AGT-7791,29.0,No,23.0
8fec80ed-45c7-4160-97e2-5e836cba31d3,2024-07-22,Missed,True,1291.15,,SHKJGBP1,AGT-2220,40.0,Yes,55.0
417c44bf-9f44-467e-b8ba-551b774375ab,2024-10-12,Paid,False,918.48,UPI,WXPRGBUW,AGT-7618,,No,13.0
8565da4c-7223-41c3-9f69-dd4e782b828e,2025-05-08,Pending,False,1022.0,Credit Card,AQKRGB3N,AGT-7520,79.0,No,6.0
0381aa2c-1103-4b07-876c-8cb0680bb93e,2024-10-26,Late,False,1065.14,Credit Card,VTGXGBHW,AGT-0758,35.0,,31.0
6d31f9b3-ec15-471f-b284-3845a0df259d,2024-04-20,,False,1633.08,UPI,UQPEGBUV,AGT-9423,50.0,No,6.0
55a82a06-794d-4e9a-b8d7-fb021833eba5,2024-11-02,Late,False,1102.07,Credit Card,NQENGBBY,AGT-3199,28.0,Yes,21.0
58ce1d02-81a9-4d87-9dad-2b72fcc08f59,2025-02-16,Late,False,1946.68,UPI,CVRKGBMR,AGT-8260,75.0,No,12.0
a484063d-4350-4706-b9a1-6ecdba320d6a,2025-06-03,Pending,False,1169.75,Cash,IBQMGBOS,AGT-8354,82.0,Yes,8.0
def8f128-ae46-4e65-9bb4-efac5f41855a,2024-05-02,Paid,False,660.77,Cash,MNJLGBTD,AGT-3940,7.0,No,32.0
9f5fe1c4-62a1-4b56-9d09-b03539c6a524,2023-10-24,Pending,False,,NEFT,VFZJGB5R,AGT-7068,38.0,Yes,40.0
5692fb3d-382d-45a7-98c1-366029e2feb6,2023-11-08,,False,1298.59,NEFT,RBQQGBPB,AGT-4653,9.0,No,54.0
a4c76735-4d5e-4609-bcf6-8b84e723a845,2025-06-13,Pending,False,445.77,NEFT,HEGMGBVA,AGT-6663,51.0,Yes,51.0
23e07723-730f-4995-bbcc-e8a1d1e4d2ee,2023-08-23,Missed,True,322.55,Cash,YMAIGBEI,AGT-4544,8.0,No,12.0
9ac0794b-9811-459f-a732-d54894b80079,2024-01-14,Pending,False,640.24,Cash,HSGRGBF0,AGT-8698,68.0,Yes,1.0
798f3a2e-7ed4-4bd7-84b3-f32d21992da1,2024-06-20,Late,False,1098.88,Credit Card,PNPKGBHY,AGT-1350,53.0,No,1.0
70d17f5c-13ff-4916-9445-cd0fa604b0eb,2025-06-20,Pending,False,1832.74,Credit Card,DYZKGBDG,AGT-5912,17.0,No,56.0
0d24cd9d-a30f-43d3-ac1b-887853c47e4f,2024-01-29,Missed,True,343.9,Credit Card,NXFEGBHN,AGT-2363,48.0,Yes,9.0
51b8b037-1d8b-4cf4-833a-71a103bb8609,2025-01-15,Missed,,461.53,NEFT,TWSAGB2P,AGT-2144,22.0,Yes,48.0
342baab4-c33d-4259-99b6-b7297ef3f1ec,2025-04-10,Paid,False,,NEFT,WKVVGBVT,AGT-0021,1.0,No,12.0
3e7f0491-0129-41fe-b10c-97774cd86bdb,2024-03-12,,False,1121.0,Credit Card,RQKQGBQS,AGT-0305,67.0,Yes,53.0
55b2a8d6-b03e-45a1-9432-1f08a58d610a,2024-06-28,Late,False,426.74,Cash,KKANGBIJ,AGT-8851,6.0,No,7.0
,2024-11-22,Late,False,1974.02,Cash,VKLMGBJA,AGT-3497,34.0,Yes,30.0
acd0f806-a7f3-4ae3-b827-119c479250f9,2023-11-17,Late,False,263.19,UPI,KYNXGB1F,AGT-8941,4.0,No,36.0
f7fdd8c2-8332-4968-91a1-dab19df44bb1,2025-06-06,Missed,,1152.49,NEFT,RFZGGBA4,AGT-7208,40.0,No,28.0
05edce45-cc82-40f6-9f34-6a593871b98d,2023-12-14,Pending,False,1977.21,NEFT,ZHDQGBGS,AGT-3328,13.0,Yes,38.0
bec6b167-2f37-4e2a-844d-9361d9b3297d,2025-06-09,Missed,True,1197.34,NEFT,NOFDGBAU,AGT-6018,6.0,No,53.0
,2025-07-03,Paid,False,1507.65,UPI,QELCGB1C,AGT-9966,52.0,No,56.0
72dc5054-460c-463c-a992-2e6c4f736e8e,2025-03-24,Pending,False,466.52,UPI,QNPQGBGL,AGT-0731,54.0,Yes,29.0
0c3dc062-320b-4a2d-b614-9f07cfa4d59d,2024-08-06,Missed,,1511.41,NEFT,MXVTGBYG,AGT-4122,,Yes,40.0
6e827a15-83f3-44d9-8816-778ff36bb793,2024-10-07,Late,False,1498.74,Credit Card,UUILGBG7,AGT-4418,62.0,Yes,1.0
,2023-12-01,Missed,True,822.63,Credit Card,GCJDGBHC,AGT-1164,11.0,Yes,14.0
d9c26fd9-eec6-4f49-9d9e-9fde59b0d080,2024-06-27,Missed,True,924.43,Cash,RGZTGBX1,AGT-8253,44.0,Yes,8.0
7012abac-2f97-47df-bed4-6d78226aa9e8,2023-08-16,Pending,False,686.98,Cash,BKMJGBUD,AGT-5110,15.0,Yes,26.0
8919f1b5-2cc0-4846-ada1-533e5d303160,2023-09-13,,,1808.17,Credit Card,HPVZGB6R,AGT-6320,56.0,Yes,40.0
b1ed6685-0127-4337-966d-58418dc21b4d,2023-12-17,Late,False,1973.58,Credit Card,OSMLGBIK,AGT-3349,12.0,No,15.0
ca11ca3a-0274-4b38-b192-03e3f4da4e26,2024-02-01,Paid,False,1424.27,Cash,POHVGBEH,AGT-9467,60.0,Yes,5.0
b39b0449-db55-4bbf-adfa-f160867493ae,2024-06-29,Paid,False,1890.43,Cash,TIGJGB3A,AGT-1352,32.0,No,54.0
,2024-10-29,Pending,,427.15,Credit Card,EPPAGBLW,AGT-8053,74.0,Yes,35.0
925dfa44-55e0-40f2-a076-a0863de5833d,2024-07-02,Pending,False,515.18,NEFT,XKRGGB5X,AGT-0274,55.0,Yes,13.0
7f44e941-7a15-4cfb-9995-aa3993db3d45,2023-10-06,Late,False,,NEFT,VOQWGB52,AGT-7202,0.0,Yes,10.0
f976a86f-de09-417d-975b-751fa61cf5b9,2024-05-29,Pending,False,1008.62,NEFT,RFVJGBR8,AGT-0706,28.0,No,2.0
31cb00e7-6c7d-457c-b887-3e862f1865f5,,Pending,False,1874.34,UPI,WLETGB4A,AGT-8344,6.0,Yes,12.0
461a343c-93ea-4436-ab0a-0ed5cf7eb7d4,2024-07-19,Paid,False,1612.49,,PSBDGBU0,AGT-8505,63.0,Yes,30.0
b63060e2-6b98-4621-be7d-363de288efbf,2024-08-27,,False,1339.74,Cash,DEBXGB8K,AGT-0227,83.0,Yes,28.0
84782129-545c-4559-ae2c-ca0462cbc7a3,2024-01-30,Missed,True,564.06,Credit Card,QPXQGBA5,AGT-5793,35.0,Yes,37.0
c15421f7-f7ec-40ed-8c0b-e80db1dab683,,Missed,True,338.71,Cash,PNJGGBLD,AGT-1810,28.0,No,30.0
4c5ffd25-a186-461e-aa32-848c3f5f1ac2,2025-02-16,Late,False,1350.17,NEFT,TVSWGBXJ,AGT-4153,59.0,No,9.0
e9c450ee-8ab9-4358-94ee-84b80e56261a,2024-12-11,Late,False,818.43,UPI,SDYNGB20,AGT-5110,,,8.0
1eb88eff-0535-4864-a42a-0352201869c2,2024-04-12,Late,False,1095.35,NEFT,ZVPWGBMJ,,28.0,Yes,14.0
4289d95a-d2a6-4c05-bc0e-2fbd49df06dd,2025-04-30,Late,False,748.48,Cash,CSHLGB21,AGT-7388,5.0,No,26.0
1847556b-bbd5-4d08-9429-65cda08a3fbc,2025-04-08,Missed,True,347.96,Credit Card,MVBVGBNY,AGT-2921,6.0,No,54.0
39d9893c-e40c-4eac-9eb4-9ce49f5ecf2e,2025-02-18,Pending,False,337.19,,PKWHGBCR,AGT-0091,31.0,No,12.0
0bae3555-ebc1-4194-abac-22a6ab6ad864,2024-10-11,Pending,False,100.33,Cash,QIKFGBZQ,AGT-4039,50.0,Yes,48.0
fbb8117b-a357-449d-a9b5-948231cda02f,2024-08-20,Pending,False,1724.63,Credit Card,VDZNGB7N,AGT-8204,74.0,Yes,21.0
03d1fd51-1893-4364-9ca6-47943fe8f45b,,Late,False,880.21,Cash,PUHUGB0Y,AGT-5421,49.0,Yes,42.0
d375784a-cb81-4af1-8d7a-390cf89a2ade,2024-10-06,Missed,True,1731.09,Cash,UEPVGBG3,AGT-9868,12.0,Yes,26.0
8a1bd183-1e32-4c86-baf3-a145cf7dab0c,2025-06-05,Missed,True,219.53,NEFT,RWJGGBEL,AGT-2223,74.0,No,12.0
8e8cc356-18bd-44f7-ac7c-3f4d2916478c,2024-08-19,Missed,True,902.39,NEFT,FCALGB29,AGT-9357,46.0,Yes,19.0
313955b9-c778-4187-99d8-5cf4c90bc285,2024-06-02,Pending,False,863.65,Cash,YFBDGB6L,AGT-9930,59.0,Yes,53.0
286d6dc6-3613-44ef-8e56-6fee330cfc03,2025-02-23,Paid,False,599.02,Cash,BUNQGBYA,AGT-6972,80.0,No,26.0
89e2ecb9-e05a-4ace-a941-902ec550fb96,2023-12-01,Late,,766.88,UPI,IETVGBS3,AGT-8164,59.0,Yes,12.0
306c280a-9ce0-4766-bb2f-fc89f474be44,2024-12-06,Paid,False,1979.14,Cash,BLULGBMT,AGT-3565,20.0,Yes,
204c6bad-335b-4626-a03d-37f9da04dbbf,2025-05-15,Pending,False,1543.24,NEFT,QRASGBEU,AGT-1352,22.0,No,11.0
e59aa31d-950f-4dc4-9a26-7a12bc0331db,2025-06-06,Paid,False,883.31,NEFT,XWJSGB83,AGT-5331,73.0,Yes,30.0
714d8b57-900c-4e2e-b839-ecc1e4e5daa4,2023-11-05,Late,False,1554.23,Credit Card,VMPSGBEF,AGT-7710,53.0,No,31.0
1b47945e-e66d-4ecf-a25b-4a33415348e0,2024-09-03,Late,False,686.72,Cash,ECKFGB1B,AGT-9965,,Yes,10.0
7ac48d17-a4d1-4a74-aca5-fdbba477b278,2024-01-07,Pending,False,915.38,UPI,IDPMGBLY,AGT-7467,2.0,Yes,22.0
335f76af-0b26-49d5-844f-df9ec526aaf9,2023-08-15,Paid,False,1101.63,Cash,QYMIGB5R,AGT-0647,7.0,Yes,16.0
2178ad1f-9d63-4164-a9c5-84749bdcb895,2025-01-18,Pending,False,365.43,UPI,,AGT-4249,44.0,Yes,21.0
,2024-09-14,Paid,False,1575.04,UPI,IRIEGBXD,,38.0,No,9.0
6822c6d5-8eea-43ff-9994-fcfddaa618f2,2024-02-29,Missed,True,370.02,Cash,ZPQJGB9Y,AGT-7481,42.0,No,23.0
8c6aedcd-3112-4af8-802c-bea3ea3d94a2,2024-03-28,Late,False,802.05,,SLHYGBY1,AGT-7430,45.0,Yes,39.0
15edbe1d-c8e1-4537-b7da-c593cde75aee,2025-01-03,Missed,True,1172.51,NEFT,YHUKGB7O,AGT-9982,49.0,No,13.0
50a5fb09-0be3-4721-a5ab-0b394b5d725d,2025-05-31,Pending,False,1657.71,NEFT,XRGAGB0W,AGT-0508,25.0,No,41.0
3092ebe6-1d58-46a5-ac3a-148852ae1381,2025-03-27,Late,False,1903.98,NEFT,VJYXGB6V,,15.0,No,29.0
712dfb5a-1f24-4f93-b712-d37ebf907966,2025-01-07,Pending,False,907.69,NEFT,XURPGBTZ,AGT-5512,58.0,Yes,3.0
445b5dd9-4423-4b0a-9dbd-9d1519f54036,2023-07-28,Paid,False,1008.55,Credit Card,MWOZGB87,AGT-3176,34.0,No,17.0
fdf20f0a-58b5-45f2-bbb8-147862be5a9c,2023-10-07,Late,False,1832.38,Cash,VDVGGB1B,AGT-3394,29.0,No,58.0
45c8f174-0578-4803-9cfe-7ea8e6ba9dc5,2023-11-30,Pending,False,1186.91,Credit Card,WEWJGBDT,,46.0,No,24.0
f1cc367c-95bb-44ed-834f-8353a71ca2aa,2023-10-01,Paid,False,682.49,NEFT,IXFCGBJS,AGT-0063,75.0,No,40.0
952a4a5c-f8ed-4b2e-9546-ae011d07b71d,2024-09-19,Paid,False,358.84,Credit Card,QQGMGBW6,AGT-3734,30.0,Yes,36.0
971e7f04-fe5f-4c85-89a3-09341854c0e7,2024-09-16,Paid,False,271.09,UPI,WFFLGBLU,AGT-4823,74.0,No,35.0
f46c20f4-df97-431d-931e-d34ba8714d58,2024-10-10,,False,1270.33,Credit Card,FRNLGBVC,AGT-9990,73.0,No,36.0
017ffd43-45e6-417a-8d49-479869ca8c8c,2024-01-22,Missed,True,1871.13,NEFT,MDRJGBAV,AGT-9291,6.0,No,5.0
,,Pending,False,939.52,Cash,UJWUGB1W,AGT-6538,89.0,Yes,22.0
35328822-9890-4c2b-82df-880b6eebbbcb,2025-03-11,Pending,False,698.04,UPI,PPSAGB0X,AGT-2111,74.0,Yes,34.0
e81d5e6c-e49f-46ee-aa6a-d406b0918464,2024-09-27,Pending,False,1472.28,UPI,BXTZGBI0,AGT-3459,21.0,No,26.0
38b02d43-19ae-4d1a-9647-26c24ea57c9a,2023-08-15,Pending,False,609.44,UPI,NBHNGB9Z,AGT-9073,45.0,Yes,30.0
,2024-01-22,Pending,False,406.17,UPI,WFAYGBGV,AGT-1029,70.0,No,
6ce9174a-ae92-4781-906c-9c85766bda74,2024-09-14,Late,False,205.85,UPI,DIGRGBN9,AGT-5188,31.0,No,45.0
4cd7d660-a54b-4309-b82e-ca2709c781db,2024-06-29,Paid,False,751.4,Credit Card,QSDGGB0P,AGT-5759,78.0,Yes,23.0
943ad249-782a-4477-b931-d383e67b31e1,2023-10-19,,True,1061.49,NEFT,,AGT-7300,32.0,No,24.0
7567771d-7533-4b0f-aff6-87573ccb650b,2023-10-29,Late,False,887.61,UPI,VSVDGBKI,AGT-9149,14.0,No,14.0
56ed4de5-1481-4828-ab97-4ba0a9306a78,2024-12-08,,False,1352.42,Cash,HZQNGBZH,AGT-8229,71.0,No,35.0
0d5fefff-ce45-4eb9-9ae5-dc995d126727,,Paid,False,744.47,Cash,JEKSGBUB,AGT-0315,88.0,No,40.0
801977cd-a5e2-43b7-b780-5200177a6353,2024-05-12,Missed,True,1754.79,UPI,,AGT-4065,51.0,Yes,26.0
fe8d1b30-66d3-4e04-93fe-9d807123dedf,2024-03-04,Paid,False,145.88,UPI,UDUWGBKJ,AGT-6642,18.0,No,14.0
ae2b1191-0680-4018-8312-fcd3a76cbf5c,2023-09-03,Pending,False,561.93,UPI,YQYEGBPD,AGT-2887,21.0,No,5.0
30d6e187-230e-4b02-b0ca-8e08379bc6a4,2024-04-12,Paid,False,1335.06,Credit Card,JZNUGBD7,AGT-3442,86.0,No,21.0
4bab62a4-ee7e-426e-97b5-95c586b97e34,2024-01-27,Pending,False,1245.59,Cash,,AGT-9179,87.0,Yes,
f0844a3d-21f6-4ce1-8673-9cc3c57301c2,2023-12-29,Paid,False,265.17,NEFT,ALSZGBNP,AGT-3727,9.0,No,53.0
91b09f99-f07a-4dc9-a24e-7a01ab33c4b7,2023-09-02,Paid,False,1673.37,Credit Card,ACCOGB8M,AGT-7513,50.0,Yes,34.0
00be0320-be5a-486e-bf4e-7f2d4f03e1e3,2023-07-26,Late,False,1545.51,Credit Card,ETXYGBLD,AGT-3080,84.0,Yes,19.0
9bc98eb8-69c5-413c-b5e1-94443c2b7c96,2024-12-16,Paid,False,1010.72,UPI,VTWDGBYG,AGT-1211,49.0,Yes,58.0
49dfca30-b5fa-47d0-838b-4f51efdcfdb3,2024-12-12,Pending,,1388.12,,SWHIGBGI,,22.0,Yes,48.0
b95f68a6-0ce5-4ce6-9e19-898eab8bced5,2023-08-31,Missed,True,1117.19,Credit Card,,AGT-6012,71.0,Yes,42.0
38c7ee5d-f2ae-4eac-a8af-693f93c0d198,2025-01-26,Pending,False,908.59,Credit Card,SVSEGBB7,AGT-5161,56.0,Yes,16.0
07ba5ce6-52c3-4033-8d4f-9db271b36e12,2023-07-26,Missed,True,1577.17,UPI,VNGLGBNS,AGT-7428,34.0,No,27.0
65c37ae9-e682-4bb7-a21a-9eab22feae54,2024-05-29,Pending,False,1914.47,UPI,NNWKGBXG,AGT-6824,25.0,Yes,52.0
,2024-09-25,Missed,True,1387.33,,RODMGBRL,AGT-2410,,Yes,5.0
0e2971e9-bb03-4310-9ca8-15543b461c9f,2024-05-29,Late,False,1584.75,,JKHLGBOG,AGT-3653,72.0,Yes,15.0
3b994b51-2b3f-4211-8388-156b33ded2b5,2024-04-18,Missed,True,1788.51,Credit Card,GOPXGB2I,AGT-5652,85.0,No,11.0
055bdf8d-c068-40da-89e3-1420ecf07e45,2024-12-24,Missed,True,1896.59,NEFT,LZDPGBSL,AGT-9873,1.0,No,
316ec697-29cf-4043-9fde-8bc042e32acb,2023-09-01,Missed,True,205.01,UPI,AVXCGBR5,AGT-5710,54.0,Yes,49.0
43e52fb3-ffa3-47a3-9986-444577e0ecc0,2025-01-07,Missed,True,887.51,Cash,IVZOGBTU,AGT-9722,41.0,Yes,40.0
30dfb7c2-bc3f-4d3b-9de9-cafab6f36938,2025-04-16,Paid,False,1990.97,Cash,LKHAGB28,AGT-0170,66.0,No,39.0
,2025-01-19,Pending,False,725.12,NEFT,QZJNGBMO,AGT-5507,32.0,Yes,38.0
72445cf6-b319-4032-a931-d4663d8193f0,2024-04-07,Missed,True,,Credit Card,AAXHGB0C,AGT-2772,12.0,Yes,20.0
6c5ca41c-2a62-4c27-9a95-81281d212566,2025-07-15,Paid,False,1170.5,UPI,YUTSGBAC,AGT-7854,84.0,Yes,21.0
cddf3d92-8a6c-4d74-a1aa-b1f16663ef7f,2024-07-22,Missed,True,1539.76,UPI,BJETGBV9,,7.0,No,13.0
0bc6a45f-2a5d-47d1-8d54-fc8e3f3136ff,2025-01-28,Late,False,1902.93,NEFT,YWXJGBA8,AGT-1057,22.0,No,53.0
0c72cbeb-b62e-40dc-909d-2aee3b2dc3af,2025-07-11,Paid,False,808.25,NEFT,UJNLGBHX,AGT-1040,48.0,No,43.0
13b234d5-9bbd-4d60-b59a-b31629a5ff40,2025-06-04,Missed,True,1740.41,Credit Card,BXYFGB5I,AGT-5775,23.0,Yes,20.0
5b1e6bf0-51f7-40e9-97de-cfb3eb70d65a,2023-09-03,Pending,False,1266.89,Cash,RDUKGBQG,AGT-8808,40.0,No,1.0
1c52d574-18ac-4a3f-bfa4-d046e8559aee,2024-12-05,Missed,True,1801.14,Cash,IUAUGBT4,AGT-4517,33.0,No,3.0
fb8e1654-ce18-4c15-b90b-fb3270fa953f,2024-04-26,Paid,False,619.5,Credit Card,BEWEGBTM,AGT-5141,35.0,Yes,56.0
da3e40eb-9e1d-433a-9a04-64d9bc6c8fa9,2023-11-19,Missed,True,1653.97,NEFT,YRFMGBE3,AGT-7338,25.0,Yes,34.0
697d7cf9-db28-42ca-a994-b081cc29219c,2024-08-30,Pending,False,1283.9,NEFT,QHJBGBKZ,AGT-0230,21.0,Yes,56.0
439a95b7-2d09-4ad8-a157-99f544824eaf,2024-08-04,,True,200.79,NEFT,TBMNGB5W,AGT-3864,54.0,Yes,50.0
67218122-93f5-4787-b515-55cfc5ae4674,2024-12-16,Missed,True,843.31,Credit Card,TAUOGBW0,AGT-2694,30.0,No,28.0
c204d1d5-6a0a-48d4-a293-9b8e6416ba14,2024-05-31,Late,False,368.38,UPI,AHWLGBZA,AGT-0538,33.0,Yes,39.0
fed91b6f-5801-4076-b4e6-257e931efc73,2024-06-11,Pending,,203.57,UPI,FTUFGBYB,AGT-6561,48.0,No,58.0
d5b7727f-2cc7-47a8-b4c3-26ccb5d62505,2025-03-19,Late,,1935.11,Cash,DHYQGBXO,AGT-2584,3.0,No,31.0
2806515c-e8a9-4663-9701-bce67e8444d0,,Paid,False,289.77,Cash,CMZQGBWV,AGT-3887,51.0,No,20.0
8d4c43fd-d194-4407-8b14-0b8de24bb485,2023-10-08,Pending,False,1322.94,Cash,EOJRGBMP,AGT-3176,22.0,No,59.0
a111728b-92e3-4284-92cd-286781bea433,2024-01-26,Missed,True,967.73,NEFT,FPPBGB3S,AGT-4543,25.0,No,51.0
20777a65-7ebf-4e6a-acd4-45d17efb0720,2024-07-15,Paid,,981.4,NEFT,NSYEGBRS,AGT-8338,63.0,No,57.0
01315cee-93a3-41e8-a3a7-5d22af37527e,2025-05-11,Paid,False,312.85,Credit Card,SBDDGBZ0,AGT-9458,70.0,Yes,56.0
c35a373a-d344-4a3d-9e4d-1134a41bd742,2024-09-11,Missed,True,1763.39,Cash,NXKAGBSH,AGT-8523,2.0,Yes,31.0
e8a42453-2442-4e6e-a592-b0dd88701749,2023-09-22,Late,False,1304.43,UPI,RLHFGBDX,AGT-1068,81.0,Yes,43.0
c7406ca6-4457-41d3-8694-b0faa9b6665f,2024-09-04,,False,431.06,UPI,HSPTGB4J,AGT-3971,52.0,No,35.0
edf2878c-28aa-4917-b5c0-62319ce38bd6,2024-06-22,Pending,False,1486.84,Credit Card,HYBMGBPK,AGT-0914,30.0,No,58.0
0cb8046b-a2da-4f0a-8c3d-fca0a607a568,2025-04-18,Late,False,861.44,NEFT,QLNFGBD3,AGT-5929,25.0,No,24.0
30123d01-3e5e-4906-bed0-27c041ce0701,2024-01-06,Paid,False,1990.15,UPI,LOOFGB83,AGT-1934,77.0,No,4.0
d8f62e19-3826-4e5a-9a0c-7f17e28fdc0e,2024-12-22,Late,False,1608.73,Cash,YGABGBBB,AGT-7712,24.0,No,45.0
8d94a271-755d-46e7-b6ff-aa0c45e120fa,2024-09-19,Pending,False,1847.66,Cash,THFJGB9S,AGT-9012,31.0,Yes,44.0
b34b0525-0cfe-4c56-86c8-30fee89816b5,2024-04-09,Pending,False,1664.39,Cash,AWVQGBTM,AGT-4742,4.0,Yes,1.0
fea82c17-05d3-4e16-9d2f-65468e170f16,2023-11-30,Pending,False,1224.35,NEFT,DAWYGBK7,AGT-8596,1.0,,59.0
d00e423b-c565-416e-8786-21e3ec4da4df,2025-02-27,Missed,True,969.6,NEFT,UHSYGBHQ,AGT-3920,78.0,No,54.0
7a92c5dc-06a9-44cf-bac8-82e3741d942f,2024-07-30,Late,False,825.77,NEFT,YPHPGBWP,,65.0,No,17.0
f5adb190-11da-484b-b544-2b67f1b4b263,2024-10-16,Missed,True,983.53,Cash,QFVRGBNZ,,8.0,No,14.0
,2024-02-27,Late,False,1392.79,Credit Card,BPXMGBRJ,AGT-9291,30.0,Yes,16.0
96af0fdf-864c-4075-88e8-89288aeeb394,2023-09-17,Missed,,1585.76,NEFT,OKAFGBDF,AGT-2974,24.0,No,42.0
0da5ad71-72ec-4d35-a34a-486089000b05,2023-12-05,Late,False,1725.09,UPI,KCMVGB85,AGT-6461,84.0,No,35.0
c1a705f8-893c-4a7f-b90d-9a60ca2d0b23,2024-03-14,Missed,True,1552.51,Credit Card,ZOIDGB9X,AGT-2858,0.0,Yes,32.0
d15e96f4-c859-4e60-85f5-d647eb384fb1,2024-10-18,Paid,False,1683.45,,HWKLGB2Z,AGT-2146,24.0,Yes,42.0
f9dea477-7a92-435b-851e-5ba8e2f0d039,2024-09-18,Missed,True,202.83,Cash,QPKTGBEM,AGT-1377,48.0,No,15.0
7780dfd4-ab4a-47f7-8481-e90331920166,2024-07-11,Missed,True,259.59,Cash,TLIJGB5V,AGT-6660,65.0,Yes,39.0
56f3a4a7-99ac-41a2-8873-3e0c11730485,2025-06-13,Missed,True,1535.91,Credit Card,SOTIGBF8,AGT-5470,,Yes,57.0
8639721c-6695-4539-bb27-afdecf654c94,2024-07-07,Late,,1290.11,NEFT,LMVTGB77,AGT-8395,88.0,No,45.0
894fa8dc-0239-40b3-ae63-1be5761488d0,2024-10-09,Paid,False,1359.38,Credit Card,LNKKGBJR,AGT-3367,65.0,No,11.0
165a2dca-2d65-47cc-9faf-14293308b96d,2025-01-29,Paid,False,1727.46,UPI,EEVSGBQB,AGT-0602,89.0,Yes,36.0
6a4f598c-e2e4-44e7-8f12-fa9ad7c2e4f3,2024-10-21,Pending,False,1366.12,Cash,JNANGBRC,AGT-9637,25.0,No,7.0
48926ab8-9e84-410c-b9ef-b1d2181234cc,2024-08-20,Pending,False,870.73,NEFT,MZVCGBSJ,AGT-5706,75.0,No,42.0
a629b991-a8e1-46e0-9a51-94fec9df7b90,2023-08-16,Missed,True,327.7,Credit Card,ZXZDGBJD,AGT-7692,9.0,No,6.0
658c62a1-9996-42b7-a71f-7d47108b8cd7,2023-07-26,Missed,True,269.06,Cash,YHFNGB5K,AGT-9145,52.0,No,55.0
6558945f-ae02-4cb0-b83c-98f8e1782bed,2024-06-19,Paid,False,1206.95,UPI,QJKKGBT2,AGT-3778,68.0,,5.0
c12c2dca-ec5f-42c9-8e0c-01b7d34a64e7,2024-02-29,Missed,True,1057.65,UPI,MWMFGBVE,AGT-2057,49.0,Yes,19.0
ad2fc6db-c366-46f7-88d5-fa018a364eea,2023-12-23,,False,294.37,Cash,LDEAGBAI,AGT-4654,15.0,No,31.0
19fa5331-4772-4efd-a088-208d14a1bb11,2025-03-12,Late,False,1184.86,UPI,UFGWGBGJ,AGT-8570,2.0,No,18.0
509dc40a-c32a-4b56-a951-8af2bb165033,2024-12-09,Paid,False,525.09,Cash,XPCFGBBB,AGT-3244,19.0,Yes,16.0
31fbc568-a7f6-48fc-9718-fc736151dd5b,2025-06-29,Late,False,1084.76,Cash,HSFMGBFF,AGT-8620,,Yes,16.0
9a6ec107-6269-455d-95c2-50f51968167e,2025-03-07,Pending,False,1218.55,UPI,SVBYGBE9,AGT-2385,20.0,Yes,4.0
767e4114-fc7e-46a6-9f4d-5d3b62b017b7,2025-03-01,Late,False,1503.23,Credit Card,HAYHGBCM,AGT-1467,36.0,Yes,22.0
e998de40-ebee-499c-8868-fecb8ff95696,2023-08-24,Pending,False,153.17,UPI,BILSGB6G,AGT-9702,65.0,No,35.0
ffe00f9a-c5ce-4657-914d-e250598fdd69,2025-04-13,Paid,False,1072.47,UPI,EDMSGBN8,AGT-6021,65.0,No,24.0
dfd94dbe-812f-4acf-8115-80b38b714cc9,2024-10-10,Paid,False,901.41,UPI,CWVEGB11,AGT-0657,55.0,Yes,20.0
4f67bf9a-52a0-4f08-a7b0-5011869c7960,2023-09-09,Pending,False,733.92,UPI,ZYJUGB7R,AGT-9425,2.0,No,41.0
1a3ed7cf-410c-43e7-830d-d33b7bd67093,2024-11-25,Missed,True,449.34,Credit Card,OBTHGBHZ,AGT-1688,18.0,Yes,33.0
ec0efe6c-e791-49d5-a9d2-4d2ed3bf5428,2024-08-15,Paid,False,1972.57,Credit Card,GWNLGBQP,AGT-0601,48.0,No,11.0
02e002d4-8f71-49a8-930c-75eaa951169d,2023-08-24,Late,False,1918.06,UPI,EFOIGBP8,AGT-0959,8.0,No,22.0
5ea552ab-dc8c-4d69-9989-c6c6984eff6b,2024-11-22,Pending,False,688.87,Credit Card,OKCPGBSB,AGT-7882,18.0,No,30.0
fe666129-7348-48fe-b475-0fdcc34d8ca5,2025-05-20,Missed,True,,UPI,OEZXGB2B,AGT-3007,86.0,Yes,59.0
703fc97e-97fc-49ac-b357-c028cd7ff335,2024-02-22,Late,False,542.17,Cash,HTZFGBD1,AGT-9631,74.0,No,5.0
8e7eee23-aeb7-48a4-ac64-8366c8159bb6,2025-01-01,Paid,False,1896.09,Credit Card,PEEFGBUB,AGT-2861,0.0,No,11.0
35a5e9b9-37de-45fc-a9e3-cd7447bfc087,2024-02-25,Missed,True,221.23,NEFT,GVTCGB9R,AGT-0074,46.0,Yes,11.0
0453387b-6475-4406-8fa0-2665c3a9370f,2024-11-05,Missed,True,1301.28,Credit Card,NILIGB6V,AGT-1229,62.0,No,28.0
a9c300c7-aad2-4c2a-9d94-4508fc5395d0,2023-11-19,Paid,False,539.86,UPI,GTNDGBE5,AGT-5554,18.0,No,12.0
e6491b58-504b-48b3-8575-487400df08e6,2024-01-23,Late,False,466.04,UPI,HILTGBQJ,AGT-2135,0.0,No,8.0
9cf537f7-3550-43f7-b20c-27584e03d1e7,2023-11-17,Missed,True,1196.53,Credit Card,UHLCGBGZ,AGT-6066,53.0,No,52.0
d6cfc25e-6824-4a81-8065-9eb7c73c472c,2023-11-13,Pending,False,212.86,UPI,NPKGGB8X,AGT-7298,9.0,No,22.0
a0ade4e1-a749-4561-ba28-5197b142536d,,Missed,True,1388.32,NEFT,NZCHGB06,AGT-1700,88.0,Yes,14.0
da8d3854-b40e-4bb3-91d9-69e1e6410fce,2024-04-23,Pending,False,1086.66,Cash,DJUTGBG1,AGT-4245,11.0,No,22.0
,2023-11-23,Pending,False,1793.39,Credit Card,RMOEGB71,AGT-8980,9.0,Yes,40.0
3ca0cd4c-50fd-4d0c-beb5-e05cfd7f6b21,2024-01-08,,False,1966.99,Cash,ZDHZGB5H,AGT-4880,2.0,No,15.0
14eec472-7665-404f-9384-5d3bbb364114,2024-11-08,Paid,False,591.55,NEFT,TGCTGB9R,AGT-6493,52.0,Yes,50.0
49024d58-ee04-4167-9e7d-e55cab50b7b4,2024-05-05,Paid,False,1662.53,NEFT,TJZLGBVY,AGT-7084,49.0,Yes,59.0
8a4c6a90-4377-4d91-8b1e-16850932d6b0,,Missed,True,415.01,UPI,LVPEGBML,AGT-8124,36.0,No,32.0
54e20d48-5690-4a37-a90b-975027198d41,2024-04-04,Late,False,133.06,Credit Card,FNUOGBJR,AGT-7504,49.0,Yes,52.0
07318da2-a8f3-4ed3-abb5-db97808d7cb7,2023-11-01,Paid,False,1428.11,Credit Card,KNJRGBOD,AGT-9388,47.0,No,27.0
644a9660-7478-430f-a296-4c28e42503f5,2023-09-06,Pending,False,1651.17,NEFT,OCLUGBUG,AGT-4555,37.0,Yes,22.0
7dbdd9ae-25ec-4723-b12a-2aa4d4cb26b8,2024-02-24,Pending,False,1826.01,UPI,TENVGBKG,AGT-6879,40.0,No,12.0
c72fbe58-4801-4a28-8397-cf55e974d848,2024-10-08,Paid,False,867.85,UPI,OUVFGB14,AGT-5283,,Yes,23.0
3e025371-59bf-46a1-bfbd-6a1dfb0c5e3a,2024-11-25,Missed,True,714.25,Credit Card,GXPEGBG4,AGT-4864,57.0,Yes,24.0
f2fd7e2d-7e58-4b74-976d-c4575680b387,2025-02-16,Paid,False,480.42,NEFT,TERYGBB3,AGT-1563,48.0,No,40.0
87445b99-bb39-4017-b970-cff70507a3d7,2025-05-03,Late,False,1924.73,NEFT,BHYLGBX7,AGT-0741,9.0,,59.0
caa17d68-9f6f-4987-b657-77eaa9180ae4,2023-08-12,Missed,True,,,GZERGBZW,AGT-8297,63.0,No,51.0
7a1f971f-40be-4e21-8de6-0d02acf3373b,,Paid,False,105.01,NEFT,WEPUGBZW,,7.0,Yes,54.0
51cc0793-abb7-47db-ab7b-215a46ae8591,2025-06-24,Pending,False,1468.32,Cash,LJRCGBD5,AGT-5507,,Yes,29.0
523cfafc-d126-4444-9799-5fcabded4a50,2023-12-13,Pending,False,524.97,,LVIUGBAN,AGT-6805,64.0,Yes,28.0
0b99d957-1f08-4a85-9bba-218dbf5197b5,2025-01-30,Missed,True,1394.93,Cash,FFWIGBL6,AGT-4194,8.0,No,44.0
a687537b-8f4e-4bd6-9935-c6908dc7bf80,2024-04-23,Missed,True,1415.52,Credit Card,BQNFGBPT,AGT-8990,82.0,Yes,57.0
aeccecc1-faa8-4309-89f1-fa6793968030,2024-04-24,Pending,False,1367.37,UPI,TBTJGB7U,AGT-7924,53.0,Yes,42.0
b3fab20f-b7c5-48ba-ad55-7f9590955777,2024-12-19,Missed,True,425.09,UPI,,AGT-6724,78.0,No,58.0
cd3d998f-bc02-454d-a17c-eaa30d6ce47c,2023-08-17,,True,819.55,,DBIOGBW1,AGT-4463,27.0,No,6.0
3ff6b46d-43cc-43dd-9b05-ff3dd53eb793,2024-02-21,Missed,True,1238.47,Credit Card,,AGT-9467,19.0,Yes,44.0
8063338d-82cf-4772-9f94-07bcc70713d5,2023-12-11,Paid,False,1579.68,UPI,LPARGB08,AGT-2596,19.0,,52.0
be362a33-9b50-4499-bc2b-8cbe783b52e9,2023-07-28,Paid,False,1210.01,NEFT,DPWOGBI1,AGT-2306,68.0,Yes,25.0
ef7b8908-c7f9-4f29-b33c-694875fa0a67,2025-02-09,Paid,False,1642.99,Credit Card,VDCXGB5J,AGT-4327,36.0,Yes,32.0
a8c1ace3-2d04-4dfd-8626-644bdf8184f1,2025-03-15,Paid,False,1969.97,UPI,NMJDGBUS,AGT-1912,78.0,Yes,58.0
e444d4a2-00de-433f-ac79-b71013a59775,2024-11-25,Missed,True,1510.06,UPI,TIFQGBG3,AGT-2347,63.0,Yes,19.0
6e06152c-7378-46ba-a43a-3b8b45ca1f0f,2024-08-14,Late,False,1827.73,NEFT,YLUGGBY1,,45.0,No,38.0
5cebe6ca-926e-406c-b680-6c0d3665b3ee,2023-10-25,Late,False,1827.38,NEFT,KSJVGBRP,AGT-2303,,Yes,15.0
,2024-11-01,Paid,False,1594.52,UPI,NQESGB0F,AGT-0128,70.0,Yes,43.0
658815cb-000e-4a74-a6d4-a691f47865e2,,Pending,False,1603.41,Cash,NTMMGBZO,AGT-1804,69.0,No,43.0
09c4fef9-3142-470d-a4bd-29c4e0b21429,2024-01-23,Missed,True,630.16,UPI,MHZLGB57,AGT-8811,39.0,No,49.0
adacf367-8f89-4e5f-b2f0-3e90c4caf0c4,2025-05-05,Paid,False,219.35,UPI,XVOSGBC4,AGT-2046,78.0,Yes,30.0
6050a196-ed86-4808-8407-49f8981fe4c6,2024-03-05,Paid,False,974.99,Credit Card,TRRVGBIO,AGT-5661,36.0,Yes,4.0
f00b3516-bc87-4835-899a-ae18defe59e8,2023-10-15,Late,False,440.9,UPI,YTRNGBB3,AGT-9641,75.0,No,39.0
d87375d1-6e99-4248-85e3-a5ef68bccb01,2025-01-26,,False,1500.7,UPI,KPVBGBT8,,82.0,Yes,49.0
bcf1f8d3-6e15-4bb6-a71c-582a8dae491c,2025-04-17,Late,,1525.27,UPI,NIBEGBDS,AGT-5774,,No,51.0
fdd74321-2e69-49da-afdd-f3d0262208df,,Paid,False,369.26,NEFT,TYFHGBG5,AGT-2436,15.0,Yes,23.0
480810e7-04a5-4752-86a8-d212e66717b5,2024-09-05,Late,False,1288.62,UPI,MCPIGBM6,AGT-7536,46.0,Yes,48.0
dcf0e6c6-e770-4fbc-a3bb-c18333f2999f,2023-09-18,Paid,False,622.14,NEFT,EEDGGBOR,AGT-3152,48.0,No,47.0
a789f8f1-db3d-494f-bc02-a01cded5f717,2023-07-22,Late,False,488.13,UPI,,AGT-0329,80.0,Yes,13.0
,2025-06-29,Pending,False,997.07,Credit Card,LSORGBRR,AGT-0633,84.0,Yes,49.0
c25808d9-157a-4dc5-88ee-4962de9a424f,2023-08-26,Missed,True,1327.16,UPI,TSYKGBVG,AGT-6767,13.0,No,11.0
d80a750e-5f5d-4ca2-a3a9-6fd2ba1e50f6,2024-04-11,Missed,True,196.07,UPI,XCGLGBIB,AGT-5818,56.0,No,57.0
e5729961-cf7e-4fa6-9ad2-eaf97e9d4d42,2025-03-23,Paid,False,1595.66,Cash,KPHMGBDR,AGT-5964,38.0,Yes,24.0
b5ab1b0a-79b5-40e0-b0ec-9a686a5483c4,2024-06-22,,False,377.02,UPI,QNQAGBXL,AGT-8828,50.0,Yes,13.0
c49faf1b-8200-493c-8cc0-5e6179e0578a,2024-12-27,Paid,False,192.74,Cash,KXUMGBJW,AGT-9187,70.0,No,47.0
93f1f917-5d4a-4cee-93e2-998e49aa0dc7,2024-09-08,Paid,False,306.3,Cash,EHPDGBGC,AGT-3106,64.0,Yes,
65841004-3812-4e80-903e-c80c14c1ee8c,2024-01-23,Late,False,296.97,Credit Card,LDFHGBRD,AGT-8401,56.0,Yes,43.0
1cc9009b-b97a-488d-93bc-45fd7021ef13,2023-09-27,Pending,False,233.99,Cash,YOQBGBTB,AGT-6273,73.0,No,14.0
efe80c4e-6ccc-4bd1-8b5e-cbc688ff40d8,2024-09-17,Paid,,300.89,UPI,CJRWGBYK,AGT-0940,42.0,No,51.0
e09e1561-b293-4142-bc8a-acdd92593a62,2023-11-22,Missed,,1582.73,Cash,,AGT-0910,44.0,Yes,12.0
283a157d-a136-47cb-a246-8412c8caf391,2023-08-01,Late,False,305.31,UPI,OAIRGBJK,AGT-1936,45.0,Yes,
1d16ed1f-d181-4783-9a07-9ff8d171accd,2023-11-18,Pending,False,1736.97,Cash,FTBCGBVD,AGT-1545,47.0,Yes,55.0
59664726-0860-41eb-9924-6e152f721e0f,2024-02-22,Pending,False,400.63,NEFT,YQNDGBRS,AGT-9801,44.0,,12.0
f8ca8966-2f95-45ad-90ae-1fbb9af56d85,2024-01-12,Pending,,995.4,UPI,IBEMGBAF,AGT-8105,15.0,No,4.0
5de596d6-fbbe-47c6-add4-f6037a13dec2,2025-04-27,Missed,True,336.56,NEFT,BUHHGBW2,AGT-2446,28.0,Yes,39.0
da7b8853-7e96-41bb-95ed-424f47421bd7,2024-11-04,Late,False,1552.28,Credit Card,BKAGGBWA,AGT-8986,74.0,No,32.0
e5845256-72d6-4c3d-b5d4-e17fd18a8cbf,2024-09-19,Paid,False,1059.1,UPI,IQCKGBLL,AGT-1211,80.0,No,35.0
59d3f2ec-6280-4df1-92f2-77d97c17e6a7,2025-04-30,Missed,True,536.78,Cash,FWFJGBCU,AGT-5529,12.0,No,51.0
7871930c-dbe7-4eb1-b22f-a8d3b0944c4e,2023-12-17,Missed,True,207.83,Credit Card,PPMKGBMT,AGT-3667,14.0,No,31.0
493a3be4-3d85-4f16-aee1-f176f0a06d94,2025-03-09,Paid,False,1760.62,Cash,XOKHGB7Y,AGT-5987,26.0,No,18.0
f8f9b5c6-02da-4dbb-bc80-fca0a71f59a2,2024-12-28,Paid,False,1373.61,UPI,BWUDGBD5,AGT-3041,83.0,No,11.0
b1e525f5-7ba3-4dba-8298-6599e23c8ba9,2023-12-14,Late,False,1016.28,Credit Card,FTNKGBX2,AGT-7528,31.0,No,4.0
49f74bdf-cc28-4525-b362-b652a4b6822b,2024-10-29,Paid,False,855.1,Credit Card,QBPPGBKC,AGT-4056,16.0,Yes,17.0
5481ea7c-9537-46c8-ad32-d7102300ff88,,Pending,False,527.09,Credit Card,CMFJGBRA,,24.0,No,18.0
63de1ea7-5b3b-465b-a27c-7ef262404167,2025-03-28,Pending,False,690.24,Credit Card,PUNTGB0G,AGT-1021,64.0,No,8.0
3775b2b9-375f-4260-bfc5-3476e01fbae8,2025-05-31,Missed,True,1282.07,Credit Card,MOREGBZH,AGT-2454,21.0,Yes,54.0
de09a68d-843f-4273-a0c5-df1a5de4e8a4,2024-11-14,Paid,False,746.99,Credit Card,IGSWGBW5,AGT-1411,80.0,Yes,48.0
848f93fa-9e51-4cb2-a30c-e07fb3253853,2024-02-22,Paid,False,757.21,,IEWWGBDS,AGT-7781,64.0,Yes,18.0
b4673d6f-7a5c-46e5-bdff-4ebbc3032a3f,2025-05-10,Paid,False,116.53,NEFT,BXCGGBTS,AGT-1081,83.0,Yes,34.0
8daa06d1-5814-4e6e-8067-0c5bbbf91d57,2024-11-08,Pending,False,1814.12,NEFT,YQMDGBS9,AGT-1948,58.0,No,51.0
008f3e85-a4e6-4fb8-80b6-dd839886b9a7,2024-02-27,Missed,True,818.67,Credit Card,AYZXGB6T,,7.0,Yes,5.0
4c668682-b0f6-4a9f-b67e-e727fa16a680,2024-11-07,Paid,False,667.08,Cash,OYAWGBRU,AGT-4215,,No,18.0
7cff7db9-2d6e-406b-8825-c8a478e9294a,2024-11-08,Paid,False,1255.58,UPI,,AGT-9352,16.0,No,12.0
8c9fe84d-15c2-40df-b65a-0b9d506ec49a,,Pending,False,1577.22,UPI,DPPZGBKF,AGT-7823,64.0,No,34.0
e7cbc5c2-c1c1-4ba4-b121-b8ea367cf23a,2024-03-18,Paid,False,414.48,UPI,YYGFGBPS,,31.0,No,54.0
235335e0-53bb-4ede-8f53-b07442790a85,2023-10-30,Missed,True,1785.76,Cash,TVDPGBE5,AGT-7581,33.0,No,2.0
,2024-12-17,Late,False,139.64,Cash,ILTBGBEK,AGT-3355,5.0,Yes,11.0
f10fc93b-22f8-407d-b064-c8fbbcb0961f,2025-06-14,Pending,False,899.21,Cash,EENQGBFB,AGT-1086,52.0,Yes,21.0
a75cb024-4919-4552-abc0-6f01babed4d2,2023-11-04,Late,False,384.86,Cash,LBNVGBPX,AGT-4237,20.0,No,25.0
acc37ae2-6430-440b-9a71-33cdf52dfa08,2025-01-18,Missed,True,1896.94,,XULSGBFC,AGT-4909,24.0,No,5.0
dbbeade9-1004-4c5d-9982-015b274668ad,2024-04-29,Pending,False,1319.46,,ZSBSGB1V,AGT-3562,0.0,No,29.0
4762e40b-3e6f-418f-a5bc-a4d5323b6430,2023-08-31,Pending,False,1272.15,NEFT,ARRDGBR8,AGT-0938,63.0,No,7.0
6a53f7c5-7a4b-46ae-9c72-5b4dd268665b,2024-06-03,Missed,,527.08,Cash,URLDGBY6,AGT-6977,5.0,Yes,57.0
1152fff6-709f-4c9b-9de4-a4d0e76cb48a,2025-05-16,Paid,False,498.2,NEFT,,AGT-1125,9.0,Yes,
dbecced6-c065-4f5e-b686-7471f475f27e,2023-07-30,,True,599.04,Cash,EEFSGBQR,AGT-7496,46.0,No,4.0
cfa83971-6ea4-4e51-b564-45ce79be813e,2024-06-15,Paid,False,1101.11,Cash,DTIVGB30,AGT-4318,24.0,No,4.0
2b2605af-2817-413d-bf15-ff41b0e7260c,2025-04-24,Missed,True,250.32,NEFT,ZIJTGBTJ,AGT-1420,68.0,No,37.0
8c5b7461-fbd8-4099-8fbf-5a66b0b05980,2025-01-21,Pending,False,1882.39,Credit Card,MBPXGBWU,AGT-5821,28.0,No,46.0
49892cfa-7fcc-45c5-a943-7331e0ba21ae,2025-04-23,Paid,False,1723.08,NEFT,,AGT-7782,1.0,,23.0
0fa9f6ac-d268-4901-a11f-813fc02f9e4d,2024-07-08,Pending,False,174.82,UPI,EMERGBTS,AGT-1585,,No,34.0
70003335-f384-4f34-a0da-0a9a6b244ed7,2023-11-07,Paid,False,872.35,UPI,,AGT-4095,35.0,Yes,6.0
c5316cec-87e9-48fe-aa8c-960613f239b3,2024-12-13,Missed,True,479.0,UPI,EKIDGB3D,AGT-1952,66.0,Yes,35.0
1ae4a75c-9f61-448d-8b83-4bfabdb431c1,2023-10-07,Missed,True,1836.77,Credit Card,NIKTGBBP,AGT-8733,78.0,No,19.0
55e570ad-7959-4bac-9355-9dacca2d569a,2025-04-18,Paid,False,1118.07,Credit Card,DFOMGB9K,AGT-7628,25.0,No,51.0
d688974a-3a70-4ef4-976d-67a2be4f5eed,2024-04-12,Missed,True,,,,AGT-0836,45.0,Yes,35.0
a24c8445-93f8-4169-a684-45b665e899d1,2024-10-02,,False,1887.15,Credit Card,VAICGBTH,AGT-8152,55.0,No,58.0
dcfa02dc-d1bf-48ca-b898-8f189078e682,2024-03-09,Missed,True,1198.03,Cash,VVPJGB61,AGT-5780,79.0,No,39.0
10aa576b-8a16-42d8-b49d-32272747779d,2024-09-29,Paid,False,751.56,UPI,UHFGGBXR,AGT-1210,44.0,Yes,8.0
302b79ec-107a-49db-8e5c-a06745e33411,2024-06-25,Pending,False,1049.04,,FKNHGB5U,AGT-8087,81.0,No,36.0
06823f57-26f9-4013-895e-3c30aa138685,2024-09-23,Paid,False,1584.02,Cash,XHKKGB5B,,35.0,,50.0
2725f5f8-c0dd-4763-99cb-270473376c28,2024-02-20,Pending,False,327.69,Credit Card,UUYPGBPS,AGT-4983,16.0,Yes,
1d6b741d-0a2e-416c-adec-57221b6cfabf,2023-07-29,Late,False,1697.5,UPI,PBNVGBUZ,AGT-1571,85.0,No,12.0
1f5bd824-acda-42f1-9d78-0acdda3e610f,2023-12-04,Paid,False,420.2,,LAHNGB3U,AGT-8724,4.0,No,12.0
61314fb5-322b-49a9-b1cf-4cab15f217fa,2024-06-25,,False,937.0,NEFT,,AGT-6619,,No,23.0
01167f07-b67c-494c-b996-8e357443dc37,2025-03-19,Missed,True,930.64,Credit Card,BMGUGBY6,AGT-7661,,,32.0
08bdb657-c687-4547-92cf-36a77c289ded,2023-10-29,Paid,False,719.93,Credit Card,VERQGB68,AGT-9551,71.0,Yes,27.0
,2025-03-19,,False,1667.19,UPI,HDGTGBS3,AGT-8809,87.0,Yes,19.0
93b409b1-e63d-4e7d-9fa1-163486a1304f,2023-10-14,Missed,True,1270.88,Cash,KTIDGBZS,AGT-3138,15.0,Yes,9.0
6960222a-e524-4e6f-bf47-2af123040db1,2024-08-30,Pending,False,824.06,UPI,AVIJGB3H,AGT-3493,46.0,No,36.0
f7b4b8cb-e6b0-4993-aaf0-5df9acb8e398,2024-04-16,Pending,False,1826.79,NEFT,CIXZGBLN,AGT-7346,50.0,Yes,25.0
2c146596-42bb-48f0-b888-65e29b2a5f3d,2023-11-14,Pending,False,1092.77,Credit Card,MZAMGBW9,AGT-8287,9.0,Yes,12.0
3074f0aa-863c-4c37-a8a4-4e1909cd4636,2025-06-05,Paid,False,425.85,UPI,DYQDGBC6,,4.0,No,2.0
af716135-d62a-42a1-b0be-f8d3bd444879,2024-11-25,Missed,True,359.94,NEFT,UZFGGBS0,AGT-9373,17.0,Yes,55.0
f34917ed-be93-425b-bc0e-8ea76a579309,2025-07-10,Paid,False,388.2,NEFT,PPVYGB5E,AGT-1742,37.0,No,1.0
bfdba246-04b5-4a91-9dfc-335e547687ec,2024-03-30,Paid,False,1923.21,Credit Card,SIMRGB5P,AGT-8263,9.0,No,51.0
68d70f31-5e4b-412f-865b-45dcd387a4e2,2024-01-15,Pending,False,1770.49,UPI,OKZZGB0O,AGT-6216,88.0,No,24.0
87b872bd-77a5-480d-9a62-59d8b45265ca,2023-08-04,Late,False,411.33,,MNYCGB11,AGT-8334,84.0,Yes,9.0
e2ad6251-e6ee-428a-8651-08ea0a112b6a,2024-08-28,Missed,True,1396.65,NEFT,PGQTGBRK,AGT-8863,25.0,Yes,49.0
bb74348f-c4fb-4d47-abbb-a4ffca0e0fad,2024-11-05,Missed,True,,Credit Card,HPQCGBD1,AGT-0591,46.0,No,39.0
b2982e0a-954d-4618-9f9e-6020253bffb2,2024-09-21,Late,False,834.78,Credit Card,QSYXGB67,AGT-8404,31.0,Yes,49.0
,2024-11-13,Late,False,152.97,Credit Card,ZXTVGBQY,AGT-1816,69.0,No,2.0
,2024-04-29,Paid,False,335.34,NEFT,IJRYGBKZ,AGT-8003,0.0,No,26.0
8aac3f29-905f-4d53-ac94-0db64697f2b0,2024-06-18,,False,1640.31,Cash,IXLIGB24,AGT-8001,46.0,Yes,22.0
fef2c568-fff4-4bab-b9a9-b77b408d13f6,2024-09-23,Paid,False,1423.22,Credit Card,TVQZGB1Q,AGT-3984,55.0,No,42.0
890437d0-01f4-421e-a06a-347880c1f34f,2025-02-23,Missed,True,1041.58,NEFT,QOKFGBV3,AGT-4465,74.0,,21.0
1c8cfc1d-b68c-4f5f-93c5-922a2af50e0d,2024-03-20,Missed,True,472.66,UPI,LFQUGB7D,AGT-3901,85.0,Yes,2.0
c2a055d7-1313-4119-8afc-b5f1b04f1933,2024-03-06,Missed,True,1606.17,UPI,OCLOGBVT,AGT-5602,3.0,Yes,48.0
4e466a13-a2c1-410e-92ec-e1d9baf4b639,2024-01-01,Paid,,421.49,Cash,,,66.0,Yes,8.0
f2bbecb3-3294-45c5-8d85-8bdc5811013f,2023-07-24,Pending,False,471.19,NEFT,YYNXGBD2,,53.0,Yes,3.0
e5c4fd05-f39c-4f03-aca1-c4df9e01bb66,2024-03-18,Pending,False,283.44,Credit Card,ROVVGB0W,AGT-9974,85.0,No,25.0
ad38eeb3-ad29-4792-bce5-976d2d649c0e,,Late,False,1106.94,Credit Card,DEVYGB7E,AGT-0921,20.0,No,14.0
8bcf4513-6837-4bce-a3a9-72e66ff94007,2024-01-31,Pending,False,1175.91,UPI,HCMBGB4V,AGT-2982,71.0,No,3.0
57f1c939-01a7-4a3f-87cc-fe846c0886e8,2024-08-24,Pending,False,1584.33,NEFT,UUMQGBBL,AGT-9593,24.0,No,59.0
4a50666c-2576-473f-b39e-11ded71c212a,2024-07-04,Paid,False,482.2,UPI,RKECGBCF,AGT-4692,16.0,No,39.0
,2023-12-31,Pending,False,1541.8,NEFT,LFTMGBO7,AGT-1823,4.0,No,51.0
a971ddda-bb66-47b0-93a9-219d966cdd97,2024-11-08,Late,False,1538.38,Credit Card,SRAXGBCC,AGT-9514,79.0,No,13.0
4d0f99f7-3d72-4309-8786-c22435920991,2025-06-02,Missed,True,456.29,NEFT,LKCMGBCI,AGT-5729,23.0,Yes,9.0
63b8ba0f-6584-4222-8ff2-db8236649d40,2023-09-30,Late,False,438.35,UPI,KDANGBQN,AGT-6975,12.0,Yes,39.0
1b551fa7-433b-44ae-92d8-73241fca5316,2023-09-24,Paid,False,1569.63,UPI,IEDYGBY6,AGT-3839,45.0,No,34.0
7d3c7801-1c16-4bed-896b-015baf37fe87,2024-05-25,Missed,True,616.56,UPI,YKVVGBXX,AGT-6713,34.0,Yes,
bfdaf57c-4e42-4aa7-872c-a1cbb2127360,2025-04-18,Late,False,1846.14,Credit Card,MEOUGBF5,AGT-0728,2.0,Yes,
be67b66c-3a80-456f-9d64-bad2ab480333,2025-03-05,Paid,False,1709.04,NEFT,RALUGB3I,AGT-6240,34.0,No,14.0
20b9192d-8f82-4e37-a61a-7698b0702749,2023-09-04,Pending,False,131.32,UPI,MSJFGBLR,AGT-3628,84.0,No,19.0
7f0d7232-6413-43d9-8a13-b61b25b5ceee,2025-04-13,Pending,,211.72,Cash,BGMWGBG4,AGT-0709,82.0,Yes,7.0
2bf4d52c-c445-4a1a-b7f0-4f914078c695,2025-07-03,Missed,True,838.4,Credit Card,LZTAGBSR,AGT-3626,52.0,No,
e0932a23-2187-423f-874c-3906fbc26858,2025-04-14,Paid,False,1301.76,Credit Card,GMNTGBJZ,AGT-5877,37.0,,56.0
07bae64d-7d04-485c-8a53-0306e52b8c65,2024-03-19,Pending,False,1376.06,UPI,AXQCGBT6,AGT-8528,26.0,Yes,16.0
d9f4fa14-baa6-4d3c-8505-ac8b6abeb8a6,2024-05-16,Late,False,243.88,Cash,CKBEGBEM,AGT-2831,31.0,Yes,4.0
,2025-02-07,Pending,False,1722.19,Cash,QUVUGBOA,AGT-4165,30.0,No,52.0
2299b936-fea7-4885-8572-5a05d0e34411,2023-08-29,Missed,True,1944.69,UPI,WDTPGBBW,AGT-8165,87.0,No,59.0
4ab8963c-5cbf-4759-851d-d77c8da2d1c7,2023-08-27,Missed,True,1655.36,Credit Card,BYMRGB25,AGT-9588,51.0,No,24.0
bbcc1ffc-678b-45f7-9083-4804bc1b11f6,2024-11-03,Paid,False,439.57,NEFT,ZIIPGB31,AGT-4874,80.0,No,25.0
20e0bf7f-dc75-4bdd-b3c4-65aa5ebce8b6,2023-09-24,Late,False,102.65,Cash,FQBXGB0E,AGT-2146,56.0,Yes,18.0
282a87f6-a192-43f9-9115-2c99d783b5be,2024-10-06,Late,False,1423.43,UPI,YUKUGBLR,AGT-5368,28.0,,41.0
82d66c88-8a52-4388-b02a-12ca6605b2bc,2023-11-10,Late,False,205.66,Cash,THTEGB5F,AGT-8148,6.0,Yes,9.0
4c40561e-cde3-4d25-841c-9a5dbf49f3bd,2024-05-25,Paid,False,738.67,Credit Card,YEMZGBM3,AGT-0748,17.0,No,32.0
,2024-11-01,Paid,False,1203.97,Credit Card,SDBMGBTW,AGT-0755,67.0,,59.0
19bc42ef-d232-4ea8-b723-2d13d8f2a92a,2024-11-24,Pending,False,936.68,Credit Card,BQBKGBQE,AGT-4420,58.0,Yes,9.0
8278e819-9b6f-4ef2-92fc-5a50ea4e7a10,2024-02-08,Late,False,1278.86,Credit Card,WEOJGBN2,AGT-8389,24.0,Yes,21.0
5bb70e86-11c7-4378-88cd-7c6caeb8ad5f,2023-12-03,Missed,True,,UPI,CWWIGBNA,AGT-6506,49.0,No,17.0
4a38f149-8c94-4c65-b6e9-8269b7468ae3,2024-09-29,Missed,True,418.36,NEFT,IAIBGBE7,AGT-7103,74.0,Yes,27.0
008dcb41-3c31-4d0d-9e02-fec090ff8f2c,2024-11-19,Paid,False,202.96,Credit Card,NNBTGBPY,,15.0,Yes,26.0
e8e63952-037b-4d35-952a-31a057771130,2023-10-27,Pending,False,1016.86,Cash,,,81.0,No,2.0
de13c0c5-61a1-4048-aa91-aa5224247715,2025-05-09,Missed,True,1379.1,Credit Card,WWGQGBST,AGT-8826,5.0,Yes,28.0
7b1cb313-5998-4971-800b-18f5321bd7c9,2024-04-15,,False,1103.96,UPI,SNBGGBD3,AGT-3226,44.0,Yes,39.0
16059a50-1cd9-4d4d-9cf5-a057dc5dfa7f,2024-02-19,Pending,False,1629.85,NEFT,KNQEGBQU,AGT-9547,21.0,No,3.0
4f292165-0bfc-4925-bdf3-897b6395159c,2024-06-01,Missed,True,692.82,NEFT,PIAZGBLT,AGT-5205,69.0,No,17.0
a686fd86-66cc-4886-9f10-7326481b3e21,2025-03-07,Pending,,1775.87,Credit Card,MMLVGBTT,AGT-8683,5.0,Yes,40.0
4efa77bf-fc3d-47c4-983d-86f0ae58bf2f,2024-08-06,Missed,True,1933.62,Cash,UBZGGB09,AGT-7454,32.0,No,11.0
ce081847-e077-4a35-8bb3-06109dc1c983,2024-01-19,Pending,False,129.37,,UUDWGB5J,AGT-3726,37.0,Yes,48.0
c1fa8b05-3dde-430e-9171-83557c6727b4,2024-09-15,Paid,False,662.62,NEFT,IGWFGBGY,AGT-0833,23.0,,48.0
314a1a9e-51c3-4fd6-b1bd-7fb9394c9455,2023-10-16,Paid,False,1286.29,Credit Card,JYWBGBUP,AGT-5889,27.0,Yes,
a9c6a4b1-54b6-442b-b26e-c16f21e69366,2024-10-30,Late,False,1026.75,Cash,TYCHGBTU,AGT-5285,15.0,Yes,11.0
233c81e6-f6d1-4efa-90d9-e0e333dfa2c2,2025-06-02,Paid,False,122.27,UPI,LSCYGBNC,AGT-7237,62.0,No,54.0
637f0287-2d93-41d1-bfcf-00cc8ec04241,2024-11-28,Pending,False,950.92,UPI,QCQWGBDZ,AGT-9155,10.0,Yes,53.0
107a8d0b-e32e-43f4-9635-277a58df5006,2024-01-30,Pending,False,1682.47,Cash,UHYQGBUN,AGT-4465,34.0,Yes,25.0
7b25f8c6-ba8e-4e6b-b043-8a8587a430e0,2024-05-10,Missed,True,1949.08,Credit Card,LBKZGB26,AGT-8869,26.0,Yes,55.0
4b95a89a-de23-479c-93c9-06e56e06b41d,2025-04-27,Paid,False,1129.94,Credit Card,RRMUGBGB,AGT-8350,2.0,No,53.0
3fbd8dfe-33e9-4bcf-8440-be2f087527f9,2024-10-01,Pending,False,718.46,Credit Card,LSHTGBV4,AGT-0125,,No,29.0
84fee25e-86e3-4c12-b72c-9d75c9c5b977,2023-08-24,Late,False,,Credit Card,MSASGBT9,AGT-4253,13.0,No,10.0
fa5d7e08-babe-4be8-bacd-503f001660af,2024-08-29,Late,False,1946.28,UPI,QOWBGBR6,AGT-1758,34.0,No,37.0
fe896163-a871-4f98-8182-79357fa4a28e,2024-12-21,Missed,,1792.8,UPI,DRDOGBL1,AGT-4575,51.0,Yes,52.0
02f5bb9e-572b-4d2a-835c-a8ad67fec746,2024-11-01,Missed,True,519.62,Credit Card,ORJGGBX2,AGT-8133,5.0,No,12.0
0750b486-1cbf-428b-b86a-68e4429f6774,2025-04-09,Pending,False,1251.45,NEFT,FGDQGBXD,AGT-3477,11.0,No,59.0
732ecb74-293d-4a25-aaaf-f6994e320f08,2024-12-12,Late,,1381.41,Cash,NVISGB1T,AGT-8053,36.0,No,57.0
97a016b3-0aa0-4858-94d4-4b904ed4497f,2024-10-05,Pending,False,340.51,UPI,HHQAGBX7,AGT-6461,36.0,Yes,15.0
2f6b153c-32f5-4542-976c-e4a98867aefe,2024-09-06,,False,1682.79,NEFT,FKUTGBW6,,31.0,No,49.0
1f79f0c9-8b70-40f9-a41c-babda1d85b39,2023-10-03,Pending,False,1920.37,Credit Card,JFGGGBSC,AGT-7185,86.0,No,16.0
fb4e6d62-573b-4d23-bef3-106daeb1059a,2025-02-25,Paid,False,924.14,Cash,NRURGBTZ,AGT-9788,44.0,No,51.0
e3775df7-80c1-44db-a781-183de100d60e,2025-06-29,Pending,False,913.24,NEFT,TFVRGBV1,AGT-8448,73.0,Yes,55.0
85e516d2-09b4-4376-81db-cc47d699b831,2024-08-04,Missed,True,419.15,UPI,FCEPGBG1,AGT-7649,67.0,Yes,1.0
776d82dd-c4e5-4b75-b34e-fe6d2fadabbf,2023-10-26,Missed,True,1923.13,Credit Card,HUNBGB5H,AGT-7380,37.0,Yes,39.0
2c600ac1-415b-4850-89b9-11e3dbb4dc2d,2024-07-12,Paid,False,1573.84,NEFT,NHSQGBBP,AGT-4781,59.0,Yes,57.0
b5734db9-72c0-4d46-9a7b-e6d3b7a30ec7,2024-01-27,Pending,False,538.87,Credit Card,FGTOGBEH,AGT-0539,89.0,No,17.0
b3373cbc-e0c6-4cfa-bb29-e855138d376c,2024-11-07,Missed,True,1159.47,NEFT,QUDOGBXT,AGT-6815,38.0,Yes,14.0
fed6a19e-e1a4-4272-bc39-953a5abbcb9d,,Pending,False,1314.01,UPI,FFOWGBMN,AGT-2047,49.0,Yes,39.0
f73b09ea-d565-4e23-9ec3-d6be93eff60e,2023-09-28,Missed,True,524.84,Cash,OXZMGBPL,AGT-6867,11.0,Yes,57.0
,2024-07-08,,True,730.37,NEFT,ELTRGB4N,AGT-5304,9.0,No,42.0
64494665-3a8b-498e-90f9-cedb77f8f1db,2024-01-26,Pending,False,1150.5,Cash,YAEGGBL7,AGT-1386,16.0,No,59.0
b2f891d1-bc88-4f50-a469-e946e8e56474,2024-01-25,Missed,True,129.07,Credit Card,LITAGBJS,AGT-3975,56.0,Yes,13.0
704dbeda-6722-46de-a1e3-cc0ac795c5f0,2024-06-05,Pending,False,1250.57,Credit Card,SYETGB46,AGT-3514,42.0,No,47.0
37d1bd7c-37a3-4072-868e-90d4aa5ac664,2025-07-13,Late,False,1034.37,Cash,EGKOGB1U,,23.0,No,44.0
,2025-05-30,Missed,True,1529.32,NEFT,NVBQGB86,AGT-5000,37.0,No,5.0
,2024-07-04,Late,False,1741.28,Credit Card,,AGT-3336,13.0,Yes,23.0
33b42fab-482c-4292-b4c5-23bd20117395,2025-02-18,Late,False,1500.06,Cash,NCVEGBEO,AGT-5704,52.0,No,6.0
dba7b802-83d9-4b1a-a4be-61009098e32a,2024-09-14,Pending,,533.67,Cash,DQHTGBUF,AGT-8145,54.0,No,6.0
b2aa30ff-e26e-4f82-ac84-530090671295,2024-07-07,Missed,,264.9,Credit Card,PVLKGB6Q,AGT-7644,34.0,No,28.0
8d9758ca-0798-48c3-bc76-2eec7e5b0869,2025-05-10,Paid,False,745.06,Cash,AUVAGB6N,AGT-0695,,Yes,23.0
745718f9-f742-48d1-9601-551d1981f428,2023-08-17,Missed,True,1449.77,UPI,NHBNGBZH,AGT-2486,62.0,No,33.0
11f4752f-ddd1-451f-8119-9c8dcf147951,2024-03-23,Pending,False,319.95,UPI,ENRZGBWN,AGT-2894,84.0,No,18.0
17bac8fa-b3c3-49bb-8fb6-7aa4f878445b,2025-03-01,Paid,False,1071.14,Credit Card,RHATGBWC,AGT-9594,62.0,No,59.0
349fe2f3-4dab-48cb-a66e-c9f1d7510a26,2023-11-25,Late,False,556.82,Cash,,AGT-2546,54.0,Yes,34.0
17cb30d9-9a4c-4708-96b8-62742e55f35b,2024-10-15,Missed,True,,Credit Card,NCTGGBOX,,10.0,Yes,6.0
edc8eaf9-8961-475f-956a-eca7214feca2,2025-03-28,Missed,True,829.47,Cash,QSRZGBTB,AGT-1230,31.0,No,
78b7eeeb-51e7-4562-862b-0bf3bf86d609,2023-09-12,Paid,,672.9,UPI,EZKHGB78,AGT-2286,85.0,No,58.0
e96b0bff-70e6-4ba4-a146-e313912e66f1,2024-05-09,Missed,True,1480.55,Cash,MYNFGB8T,AGT-3893,81.0,No,12.0
3eb7d9a4-8e59-4484-b609-859400297ebf,2024-03-18,Late,False,1940.0,Credit Card,,AGT-1038,38.0,Yes,48.0
,2024-09-08,Missed,True,591.8,,XKTZGBTK,AGT-7849,72.0,Yes,5.0
,2024-12-18,Pending,False,1402.16,NEFT,KLXZGBX8,AGT-3704,57.0,Yes,16.0
5b2a98fc-957d-448a-a480-8d9e271ca9b4,2024-09-03,Pending,False,1814.44,UPI,NXXNGBC8,AGT-0069,44.0,Yes,2.0
a8b339d9-1bb8-4f0f-a5bd-b22face00311,2024-04-27,Pending,False,1005.83,NEFT,LTOPGB05,AGT-4074,80.0,No,2.0
663a4c97-69dd-41e6-a636-909487bf0add,2023-12-22,Missed,True,1180.26,NEFT,CJQYGBAC,AGT-9702,49.0,No,42.0
16c158e6-4d9a-48c9-b980-115e9bd75e0f,2025-05-07,Pending,False,1957.27,Credit Card,,AGT-6444,81.0,No,51.0
41e82ea0-cb02-41e2-bc9d-7f55b822795c,2024-08-24,Late,False,1551.55,NEFT,JYXRGBCY,AGT-9679,39.0,Yes,
ca778223-16eb-4112-b02b-19d5501ab8d0,2023-08-30,Missed,True,938.57,UPI,UXBCGB4Q,AGT-9607,18.0,No,37.0
,2025-06-06,Late,False,1962.1,UPI,ZLZDGB1F,AGT-5463,20.0,No,3.0
3b547a17-18f5-482d-8cf1-1a1cc70190e2,2024-10-03,Late,False,577.77,UPI,KTJKGBIT,AGT-9111,71.0,,16.0
bec1e8ee-e07c-4737-9791-313924adbdaa,2024-04-27,Missed,True,892.82,Cash,CPPPGBPV,AGT-3349,77.0,No,50.0
2a2cf3b4-f437-4984-8d28-c62385f22f22,2024-02-24,,False,1002.59,UPI,BGAOGBXO,AGT-1311,43.0,Yes,23.0
f9dede09-27e9-410b-adfe-212aa7ab6f1a,2023-08-10,Paid,False,476.96,NEFT,TFAYGB30,AGT-4530,3.0,No,26.0
e3b3f1ca-3871-45e7-9547-00effb1c6f3b,2024-10-10,Pending,False,495.48,Credit Card,ZASZGBFE,AGT-7774,71.0,Yes,37.0
c94eab38-0b36-46a1-8020-41573c79bb5e,2023-11-14,Paid,False,1277.42,Credit Card,ZVWBGBCD,AGT-0380,0.0,Yes,48.0
84403ce2-cf2f-4bb6-80e7-5a0f47eabcff,2025-03-23,Pending,False,753.79,NEFT,TFSXGBH7,AGT-0653,37.0,,8.0
e9036160-60de-4b09-9e72-e24e311998b6,2023-10-25,,False,1954.49,NEFT,DXBOGBSP,AGT-7166,,Yes,10.0
bb2f3bf8-8bde-423b-aa8c-0b546fc4bb36,2025-01-30,Paid,False,1478.69,Credit Card,SWZLGBVO,AGT-6922,6.0,Yes,36.0
533430c6-3f1d-44ec-b52a-55de4ef3d49a,2023-12-12,Pending,False,1241.16,UPI,RJBGGBTV,AGT-0838,25.0,No,45.0
86cfb846-dc36-4ff0-89a4-c277f6ee9c3f,2025-05-16,Missed,True,1533.26,UPI,RWQOGBIY,AGT-4253,87.0,No,29.0
34f93a74-cf21-4d0c-a9cc-200875a47ecb,2025-03-10,Paid,False,611.31,NEFT,YTAPGBKY,,3.0,Yes,35.0
ec9a1371-84f9-47ba-9018-831c4f000fd5,2025-01-21,Pending,False,1552.26,UPI,BVTRGB1C,AGT-5901,57.0,No,5.0
6eda2398-8731-4374-b1d1-f99f03636f11,2023-10-19,Missed,True,991.43,Cash,PLGDGB4T,AGT-5407,82.0,Yes,9.0
07d38de5-8acf-4509-92fa-f2035ce2ba3a,2025-07-03,Late,False,1130.26,Cash,ISXMGB67,AGT-7672,,No,38.0
a4bae4f7-b1b4-4ef6-be94-05f0b9ded696,,Late,False,146.48,Cash,MIYQGBC5,AGT-7594,9.0,Yes,7.0
cfed292a-e1fd-4e65-b79f-b48cdfb60c30,2023-11-09,,False,599.79,Credit Card,NQORGBPS,AGT-2552,79.0,No,53.0
f6d36203-5351-4a27-b0ae-7d36b3102a16,2024-05-03,Missed,True,638.92,Cash,OSOLGBMR,,37.0,Yes,53.0
99f98c5e-8834-42ef-8f06-2c69ebce330a,2024-03-24,Paid,False,194.47,,OZOAGBM0,AGT-3470,89.0,No,56.0
571282d7-473a-4643-8304-18675a74a79a,2024-09-19,Late,False,,Cash,LJAKGBIH,AGT-0813,40.0,Yes,
fbda9835-4708-4835-8b2d-1b1a67a2658b,2024-09-21,Late,False,1331.17,NEFT,TPPLGBVG,AGT-1488,83.0,No,58.0
cd2037f3-88cd-4489-8892-f00f78dec927,2024-10-27,Pending,False,1645.9,UPI,SPOUGBRV,AGT-7339,70.0,No,41.0
48b14081-04e3-4578-85ff-d96da07803e1,2024-12-04,Paid,False,164.86,NEFT,DVSMGB96,AGT-1913,88.0,No,17.0
cb67439e-d00e-4649-8405-c080fa7b0ca1,2025-02-27,Pending,False,980.41,UPI,,AGT-7038,88.0,Yes,13.0
da1e3c25-472e-4306-8fa4-d6e8b567aadf,2024-06-30,Late,False,1296.97,NEFT,RVYTGB3W,AGT-5347,8.0,Yes,14.0
b8e2ad2e-af7a-4376-892c-136fadabdda5,2024-01-23,Pending,False,265.58,NEFT,TBBGGB54,AGT-9961,69.0,Yes,24.0
58ca0fca-f8b3-43bb-a1b1-3c01cc1871a6,2024-09-03,Missed,True,243.03,UPI,GYEUGB2R,AGT-5824,65.0,Yes,8.0
9b92f586-96e8-404c-ab2b-7e4126f3bd70,2024-02-02,Missed,True,1486.21,UPI,LEFLGB4Y,AGT-3046,,Yes,44.0
564956cc-3af5-4e1c-adc1-f9974f43eb73,2025-06-17,,False,426.35,Cash,YEJKGBGU,AGT-2579,62.0,,15.0
53fa52d4-57f5-4e62-9d73-4c5216f7596a,2024-07-29,Paid,False,753.17,Credit Card,FYWAGBG4,AGT-8733,26.0,No,13.0
2916d11f-2f26-4db7-80cc-2a97e1d14683,,Missed,True,373.98,NEFT,CHTJGB40,AGT-4542,40.0,No,12.0
a432394f-b5c3-469e-9fd8-3f3b86f87eee,2025-01-04,Missed,True,725.09,Cash,UITHGB5Z,AGT-7028,,Yes,27.0
0bcee58c-acd6-4116-91d5-31086f7bd761,2024-06-17,Missed,True,555.0,NEFT,DPXPGBMJ,AGT-4861,,No,28.0
ce59d917-d5ba-48e6-97f2-e012b165e5f2,2023-11-02,Pending,False,1580.7,UPI,VENTGBPW,AGT-0432,55.0,Yes,52.0
b4b1893d-365f-4fec-a3e8-9e57bca9c5fb,2025-02-25,Late,False,318.86,,KNEFGBDG,AGT-4643,45.0,,40.0
04256455-f62f-4eee-9d38-71bea6ae1f1c,2024-11-23,Missed,True,243.55,Cash,QZXVGBPZ,AGT-8238,33.0,No,34.0
e4404736-0fa0-4e16-8560-8c42af2c7392,2023-08-09,Missed,True,1680.07,,QXWIGB1F,AGT-6656,87.0,No,53.0
8c22f76d-ab1e-4a39-a57c-d03a02f6ce6c,2024-07-25,Missed,True,692.79,NEFT,DJBIGBSL,AGT-4851,11.0,Yes,16.0
13428534-4f05-434b-9e44-1e7e5fe1e619,2023-10-25,Pending,False,1953.91,,XEXOGB50,AGT-0416,54.0,No,28.0
e8631fea-d146-42f9-a424-774e6c77a55e,2025-03-22,Missed,True,1236.81,NEFT,MCDJGBID,AGT-1507,11.0,Yes,28.0
8b9bbb1d-e139-4a16-8bec-241d99976ed2,2024-07-11,Missed,True,206.42,Cash,UDKHGBST,AGT-3543,89.0,Yes,46.0
dc4f4c92-012d-4abb-ba77-6fe506a02bdb,2025-01-31,Missed,True,693.45,Credit Card,NYERGB84,AGT-0067,71.0,Yes,36.0
1fcb16b5-cff3-44c6-9ed1-1bf9cead13c5,2024-08-17,Missed,True,1070.43,,WVTIGBTC,AGT-3392,72.0,Yes,
c49d0b74-b26f-4f1a-bd97-4e3c8d6cf01e,2024-05-22,Missed,True,923.82,Credit Card,QCXTGBW9,AGT-1221,11.0,,13.0
01b41b17-a52f-4d9e-8c6c-aa6a0cc0f09f,2024-12-20,Pending,False,325.27,UPI,MHNWGB2L,AGT-2790,78.0,No,
94a8c3e5-dba8-4364-b588-612de7106fb0,,Late,False,155.41,NEFT,DZKJGBY0,AGT-2206,38.0,No,29.0
4f11da8e-e045-4bc1-9d6c-b64eb8287d30,2024-12-28,Late,False,1560.62,UPI,OJBGGBDH,AGT-4003,24.0,No,19.0
eec33b96-c33d-4d5c-9bec-8c86d2b5ab16,2024-02-01,,True,1419.95,UPI,SEWDGBJY,AGT-6546,11.0,Yes,11.0
e1c7ab6b-3072-4958-9da3-4f3763467cd3,2024-01-24,Paid,False,1158.62,NEFT,JRPXGBPX,AGT-3559,23.0,No,33.0
6401d53d-ef57-4a80-a368-7007cc22e353,2023-12-18,Missed,True,999.76,Cash,XXEIGBZ6,AGT-9505,40.0,Yes,11.0
46e1f811-f77e-4df6-9d5c-e9430238b114,2023-11-15,Missed,True,1802.31,Credit Card,VVUNGBY1,AGT-6310,,Yes,58.0
8f10da41-698c-4601-ad16-94c8cdb625fd,2025-05-28,Late,False,251.17,Credit Card,RPPPGBEB,AGT-7090,86.0,No,3.0
d4ba95eb-6d2b-4e8d-8a20-0c1276b6fec1,2025-03-31,Missed,True,743.65,NEFT,BYXLGBBY,AGT-9728,86.0,Yes,43.0
c9705792-f83e-4673-83e6-176269dd191e,2025-04-04,Missed,True,1903.83,UPI,RIYXGBSW,AGT-3596,29.0,Yes,19.0
5d9468dd-c579-49ff-9895-8b12a1be3947,2024-08-21,Pending,False,1362.29,Cash,NAMXGBJT,AGT-3506,71.0,Yes,3.0
22902e79-b72e-4bc3-92a0-137d5c8ba5cf,2024-12-15,Paid,False,1165.35,NEFT,XTUBGBOT,AGT-4075,15.0,Yes,6.0
bc481e56-0e66-44cd-a981-92e6d2de4cf5,2023-07-21,Pending,False,603.17,Credit Card,KCCAGBWZ,AGT-9107,87.0,No,24.0
b4ad559d-3b9a-46bb-82a3-d04d2e1253ff,2025-04-17,Late,False,209.06,UPI,OPIMGBLP,AGT-2953,78.0,No,56.0
4c046fd6-a57c-43c5-9e93-8beff3247f82,2024-03-17,Late,,466.61,Cash,SDQTGBSF,AGT-4174,28.0,No,55.0
3f1b805e-a27e-4e4b-bd72-ce2cd52acd21,2024-05-17,Late,False,1421.76,Cash,RUPTGBL5,AGT-6791,45.0,,
79b01283-ca1b-4251-9867-baf246946243,2023-12-08,Late,False,252.76,NEFT,YOJLGBMR,AGT-2164,56.0,No,24.0
45f49f0a-8da6-46fb-9999-620167483e3d,2024-03-10,Missed,True,1693.26,Credit Card,NVBPGBAE,AGT-5265,20.0,Yes,
afc516e0-8fba-437e-95e1-cdb0b8d8d7ae,2023-07-20,Pending,False,100.93,NEFT,LFADGBDH,AGT-9881,10.0,Yes,53.0
b20444a4-9e1f-4556-87bc-4c32bf522304,2023-08-07,Missed,True,266.78,NEFT,HAVQGBLG,AGT-9948,42.0,No,43.0
7f3e66c6-e0d3-4f81-ac34-ec80f9de876b,2024-04-09,Missed,True,1426.25,NEFT,FLXVGBW5,AGT-6403,23.0,No,43.0
f10d1854-f320-45a1-b096-2348a667c859,2024-06-21,Late,False,305.29,Cash,SLOWGB2Q,AGT-0909,4.0,No,42.0
7ce65ca6-1e4b-459d-9167-90919b01b25f,2023-12-03,Missed,True,998.85,Credit Card,UBLGGB1P,AGT-2198,61.0,No,36.0
34392c57-b347-4f5d-896e-ea0200666f46,2025-07-05,Paid,False,1683.0,NEFT,UOYOGBF1,AGT-8032,54.0,Yes,50.0
9e52c901-6866-4db2-a05b-7a1b2702edeb,2024-11-05,Paid,False,543.55,UPI,KPEPGBH6,AGT-9501,49.0,No,5.0
45c5444c-4378-499b-b350-ce09d3252c3f,2024-08-15,Late,False,345.72,NEFT,YLALGBO8,AGT-5955,7.0,Yes,2.0
0475f3c2-d889-4527-81b5-16e11e9468ae,2023-10-12,Missed,True,1494.86,Credit Card,YWGLGBGS,AGT-8504,50.0,No,52.0
f5dde718-4429-486a-bef2-ab93e929bd74,2025-04-30,Late,False,1786.4,Credit Card,JIDIGBY9,AGT-8945,48.0,No,25.0
209936e5-034f-4f14-883b-7e1359cba4ca,2024-05-10,Pending,False,543.31,Cash,ICWTGBYM,AGT-1564,48.0,No,52.0
64fab1f9-1607-47a7-adc0-8c2182350d29,2024-07-02,Paid,,1540.75,,XEDRGBGG,AGT-0563,30.0,No,22.0
6a2a2c3f-6141-4561-92a6-2176820d9f6b,2024-06-10,Paid,False,816.36,Credit Card,TQCTGBCG,AGT-8985,17.0,,22.0
465544b7-7a6e-42a5-870c-dc9e0a2cd4ed,2024-08-26,Late,False,444.53,UPI,NRDXGBU6,AGT-6576,57.0,Yes,23.0
6f23cbcd-474f-41ed-aa73-675bb7e4dac6,2024-03-20,,True,,NEFT,YKOZGBBV,AGT-1599,80.0,Yes,10.0
020177b9-b24a-4a8f-a01c-c4c1b24f33f7,2025-03-18,Late,False,1768.1,Credit Card,QCPQGBFM,,,Yes,48.0
ea6a94b1-2ae2-4c5a-bf8b-e6d222e649f9,2023-08-04,Late,False,202.35,Cash,ISGHGBB6,AGT-4180,44.0,Yes,5.0
9e7ce967-b8ef-48e4-87bb-785b6f5c3875,2023-12-14,Paid,False,1469.07,NEFT,KZSIGB4V,AGT-2622,50.0,No,32.0
14af95bc-3b0b-4d6b-885a-07dac2b610de,2024-08-17,,False,1873.87,UPI,YOQEGB2K,AGT-6550,9.0,Yes,11.0
78f6fdb5-e388-45fa-9d05-033bad519cb9,2024-04-19,Missed,True,1777.45,Cash,QUMHGBSB,AGT-7503,,Yes,14.0
cf8ad3dc-732c-48da-b6b6-1a1f49f77b67,2025-06-14,Paid,False,1828.08,NEFT,RIWLGB30,AGT-6549,29.0,No,7.0
053730b9-4317-4e80-b69b-24eef593cfde,2025-06-11,,True,379.69,NEFT,,AGT-8104,27.0,Yes,34.0
22652362-e855-4885-b18a-dfe64d9e08c9,2023-07-23,Missed,True,320.19,NEFT,BHMAGBLX,AGT-5786,1.0,Yes,26.0
93f267a9-9adb-4162-8000-06cb3644e4df,2024-03-13,Paid,False,1459.12,Credit Card,NTDRGBUG,AGT-6019,70.0,Yes,
718b152c-a1db-4542-be55-e3a3fb335172,2024-01-16,Missed,,727.42,NEFT,OTVBGB7S,AGT-0515,89.0,No,32.0
a60a4c5b-d141-42d8-9ec2-331bce047ba8,2025-05-05,Paid,False,1937.4,Credit Card,HIMMGBGY,AGT-1624,47.0,No,9.0
382aef0f-6ad2-4295-90c3-9fe09c371b65,2025-04-26,Pending,,585.19,Credit Card,RAKGGB4W,AGT-2013,5.0,Yes,9.0
0f4088c9-4538-44ac-9c79-97e818ad8221,2024-08-26,Paid,False,1689.89,,GDWCGBGH,AGT-5739,26.0,Yes,37.0
f1ee6968-4670-4452-872d-b9a0ea6ef8f1,2024-06-19,Pending,False,1728.1,Cash,RVOXGBSK,AGT-8864,51.0,No,36.0
7f701712-9fc5-45ab-803d-501e655c24f1,2024-09-05,,True,1181.67,Credit Card,QJKPGBM5,AGT-2951,71.0,No,1.0
70a5cd48-f0c9-4eb0-9631-761ad05ef053,2024-08-04,Pending,False,1526.49,UPI,ITHVGB1R,AGT-0282,66.0,Yes,6.0
c5810e1f-edca-495e-9f09-1679f317c3cf,2024-02-20,Late,False,958.86,UPI,XFLGGB7D,AGT-3840,70.0,Yes,42.0
7b4da62c-a460-4bda-92ef-8e5d27a2c708,2024-04-05,Paid,False,1035.49,NEFT,,AGT-5559,27.0,No,5.0
,2025-01-07,Missed,,806.01,NEFT,MZQOGBX5,AGT-8451,38.0,No,36.0
,2024-08-02,Paid,False,784.59,NEFT,DBKVGBHU,AGT-5548,18.0,Yes,31.0
477d970d-e1fd-42fc-a3e5-9e52b888fdde,2024-01-31,Pending,False,1090.72,Cash,,AGT-5873,57.0,Yes,2.0
d07971b2-b9bc-4b10-89a7-a9b6ebdf26a1,2023-10-20,Missed,True,788.2,Credit Card,XFUNGBDO,AGT-2966,69.0,No,39.0
,2024-10-18,Pending,False,655.76,NEFT,YERXGBFU,AGT-0059,21.0,Yes,41.0
681e3842-32f9-430d-bd45-2c6bb2f6a0ab,2023-09-10,Paid,False,,UPI,RKJVGBZW,AGT-0366,49.0,Yes,45.0
dab48c74-f344-4582-aae4-3bf2d0724dcd,2025-06-07,Paid,False,1754.53,Credit Card,VTFTGB5N,AGT-1435,47.0,No,49.0
d0659948-21f0-4335-8111-a1079a167492,2024-05-17,Missed,True,1684.75,NEFT,XJVEGBPV,AGT-0209,23.0,Yes,10.0
b0a3b67f-fa74-4828-8060-2bc80317525a,2023-09-25,Missed,True,1542.83,Credit Card,OWBUGBUP,AGT-5267,40.0,Yes,59.0
d16a35c3-9a76-49da-81e2-cf2ea474652a,2025-04-23,Paid,False,1169.64,Credit Card,SDJTGBOI,AGT-0261,31.0,No,26.0
,2024-08-30,Late,False,,,LRCSGBBP,AGT-3329,87.0,Yes,20.0
5ae1bb40-4785-465a-b2b7-b10b7a5c5f9b,2023-09-11,,,1744.4,UPI,OOVAGB03,AGT-1757,46.0,No,11.0
99eab2bc-be7b-4163-885b-7c3cfdb15050,2024-12-26,Late,False,414.46,Cash,TDEXGBIK,AGT-5598,73.0,No,43.0
c53c0b27-0d12-44eb-bc4b-ba8d9156d7a9,2023-10-01,Late,False,679.86,NEFT,VSGPGBTS,AGT-6687,88.0,,34.0
501359ee-d8c9-49ab-a85c-44de4ca70851,2024-12-08,Pending,False,,Cash,GCWPGBFM,AGT-2443,6.0,,48.0
14cc640a-46c1-42a2-a290-3fa0098775c2,2023-11-07,Missed,True,518.74,Credit Card,ZVUBGBD7,AGT-4041,18.0,,52.0
d5e28268-66c2-4731-9e6d-6ffdf56051f7,2024-04-17,Paid,False,1846.15,UPI,LMJEGBTS,AGT-5426,2.0,Yes,55.0
49c7cb86-2e78-45c6-8ece-bf861baced9d,2024-04-18,Late,False,554.34,Credit Card,OKHYGBLN,AGT-2790,84.0,Yes,48.0
f5373f4a-e252-4906-86d6-d02d674c630a,2024-09-01,Missed,True,1845.63,NEFT,TNALGBYA,AGT-2510,84.0,Yes,53.0
8990bce8-5e0a-46e2-8686-10f3154e420a,2024-01-17,,False,1744.96,UPI,XJFMGB2K,AGT-0169,52.0,Yes,27.0
ae2ea7ef-226f-4404-be54-e2c843ca5b03,2024-06-20,Late,False,1177.24,,CKUEGBV2,AGT-2495,26.0,Yes,57.0
3c7a226c-16d4-4c77-84d7-e9c18e2248dd,2025-06-30,Missed,True,948.93,Cash,BNOOGB8F,AGT-8224,66.0,No,18.0
a33c092a-8209-4ef4-aff2-b9014e2e29ca,2023-11-20,Missed,True,888.49,UPI,OBGGGBHX,AGT-4237,57.0,Yes,5.0
e8f35e9e-9859-4c6a-9c10-db42439e9d94,2023-10-14,Late,False,1329.76,NEFT,POFUGB9B,AGT-6117,61.0,Yes,48.0
18669044-07a5-4b83-8df1-13bf0c790b51,2024-02-09,Paid,False,765.1,NEFT,ZQYHGBR2,AGT-6657,33.0,Yes,15.0
2ab2bd73-3536-412f-9cdc-6510d692d14b,2024-12-03,Late,False,1419.16,Cash,JANMGB1P,AGT-1131,77.0,Yes,19.0
49afc6e6-145e-4949-a706-b83c50c43630,2025-03-22,Missed,True,1518.0,NEFT,QYMOGBGL,AGT-6693,75.0,No,23.0
5d7ba2e1-c10e-4169-a576-d61080b46042,2025-01-11,Paid,False,374.92,,EHCVGBDN,AGT-4368,4.0,Yes,5.0
c9cfaf9b-e3f2-4099-b253-aa45e1c3547f,2024-04-20,,False,1480.65,UPI,SMVSGBJ2,AGT-5806,71.0,No,4.0
9ac38a16-bf1e-4d82-a135-a558184bd7dd,2025-07-10,Missed,True,220.59,NEFT,LKDHGB4B,AGT-1724,19.0,Yes,58.0
0fba1cd8-21db-4811-9ad4-6e54b86d1149,2023-11-21,Paid,False,1291.48,NEFT,ATOHGBRG,AGT-6387,36.0,Yes,43.0
0fd4c2bc-78c5-4bf7-9b42-ea18a5af3fec,2025-03-23,Paid,False,720.34,UPI,IVPXGBOM,AGT-1541,3.0,No,1.0
5d58c208-93e9-4c37-af7e-4260b996a477,2023-09-28,,False,1422.23,,QIAJGB4D,AGT-8133,33.0,No,48.0
e70c279b-8dbf-4527-b00e-42e4f82973bf,2025-01-06,Paid,False,718.79,Credit Card,IXZWGBG8,AGT-2988,12.0,No,15.0
95dd10be-c41d-4d16-b81e-5887bc94c70b,2024-10-21,Pending,False,1383.01,UPI,KWRNGB8H,AGT-4280,11.0,No,30.0
3e25167a-0e21-4353-adc4-b5df1aeab173,2024-09-05,Missed,True,,UPI,ZTVVGBWV,AGT-6798,45.0,No,45.0
c1f8d212-c33b-4af5-b346-543a030a2c2c,2025-04-08,Pending,False,1025.82,Credit Card,EYBGGB71,AGT-3835,,No,12.0
4bdfdb21-35bb-4d47-a746-f185c88d8de5,2025-06-27,Missed,,145.81,UPI,QWAOGBI2,AGT-9585,57.0,Yes,11.0
720889de-dee8-46e3-b7c4-cbac81a154a2,2024-03-14,Paid,False,642.59,Cash,EZBNGBMR,AGT-3001,66.0,No,12.0
775102e2-c734-4578-afbf-e264d62e5037,2023-11-17,Missed,True,949.54,UPI,CQKRGBFU,AGT-4177,83.0,No,11.0
13addfda-e31a-4f9f-8812-00954c877c3f,2024-09-27,,True,1801.96,NEFT,,AGT-8715,68.0,Yes,17.0
64a72fc3-53d6-4322-9a21-0d47fb303a79,2023-09-25,Pending,False,401.24,Cash,VSGTGBKZ,AGT-7518,6.0,Yes,56.0
acb73fcf-84d3-45e2-8748-e10d1e5a5d13,2024-08-04,Missed,True,1063.62,Credit Card,TEVCGBDR,AGT-9022,57.0,Yes,17.0
3eb87c2c-48c6-446c-94fd-d92c57d589d8,2024-07-02,Late,,801.53,Credit Card,GTRNGB2V,AGT-9000,60.0,Yes,44.0
7af1c4cf-39c2-4c34-9427-8d43b7c6de34,2024-01-17,Late,False,913.13,UPI,PISSGBM8,AGT-0521,17.0,No,57.0
49bbaa5b-eb89-408a-8e92-109cb81ae561,2025-06-17,Pending,False,1049.99,NEFT,WEQMGB3B,AGT-7330,12.0,Yes,41.0
e0d7c6c5-ea17-4eeb-b8ef-4fa59ef331c7,2025-01-21,,,692.51,NEFT,QEKNGBEF,AGT-0710,52.0,No,4.0
807431cb-a355-416b-870b-76048a92d888,2024-03-30,Late,False,629.46,UPI,ESTWGBF3,AGT-9982,1.0,No,38.0
d128ae4c-d2fa-4687-a0f5-a6c027e35a2d,2024-11-08,,False,1137.52,Cash,ZBWJGBEX,AGT-1964,82.0,Yes,16.0
59a8ced4-4123-4593-9936-1402042a4120,2024-07-26,Paid,False,1177.29,,KLWLGBFK,AGT-4468,15.0,No,46.0
c04aea3c-5d93-434b-b70b-42bba46ad3db,2024-10-19,Missed,True,238.56,Credit Card,,AGT-4711,61.0,Yes,23.0
ef1fcfee-84ea-4c9f-ac76-0b2730311a27,2024-05-24,Paid,,1366.61,Credit Card,ZWQRGBPW,AGT-6141,37.0,Yes,34.0
5b8dddb0-068d-4229-a27d-a7a51eb8229a,,Pending,False,491.05,Credit Card,JYJOGBXD,AGT-4774,15.0,No,31.0
3dac190c-60f7-4a28-970c-81be38ff64b2,2024-11-27,Missed,True,308.84,UPI,,AGT-9186,4.0,No,44.0
d6e0fc8e-c3e1-4685-9dab-38f891bcbfe6,2024-12-14,Missed,True,1493.4,Credit Card,YZZAGB8E,AGT-9792,23.0,Yes,18.0
3d4bf93d-975a-483c-bbbb-b7e3e1928738,2025-02-08,Missed,True,1572.66,Cash,CKVVGBNL,AGT-9454,51.0,No,31.0
7deaefb2-d00d-4196-958d-f717b8bf439a,2024-11-17,Late,False,1308.07,Cash,VFSJGBXH,AGT-1989,,Yes,56.0
f422e181-200f-4cc3-a61e-e29eb7185697,2025-06-22,Pending,False,1403.45,NEFT,MCQZGBSY,AGT-0925,68.0,Yes,50.0
,2023-12-31,Pending,False,159.36,UPI,QHUMGB79,AGT-3652,41.0,Yes,25.0
9e9926db-40eb-435f-a8e5-4a067da1fc98,2024-02-09,Missed,True,890.5,UPI,XDODGBWG,AGT-4427,9.0,Yes,2.0
fa0cf46e-2724-4d45-94e5-3b6f219bc9d1,,Missed,True,1374.21,Cash,MERJGB2B,AGT-1371,34.0,No,28.0
12ef01be-6c97-42d2-b3b6-ac7bd245eb8d,2024-06-27,Missed,True,1206.28,,HIYWGBY6,AGT-0135,86.0,Yes,16.0
a0b2a2bb-adaf-4378-8e94-8295ad7cd117,2024-11-15,Missed,True,633.77,Cash,ITOSGBEF,AGT-3925,89.0,No,
6fd33638-bd5c-4a8e-b1b7-bc92402e8747,2023-11-13,Missed,True,1564.33,NEFT,RQBKGBCV,AGT-4386,40.0,No,41.0
d42e219b-2c93-4caf-b483-b431fa4e5991,,Missed,True,707.18,NEFT,PMCBGBBE,AGT-4445,87.0,Yes,31.0
5c36c9c8-ce7d-475c-9751-fb0ed9805a6f,2025-05-04,Late,False,,NEFT,AVQZGB4J,AGT-4556,28.0,Yes,
430b4924-15d7-42fe-a1ac-755f9df0deca,2025-07-17,Pending,False,,,FVSDGBCR,,54.0,Yes,53.0
2bd403d8-9fba-43ed-86da-1feb474bae4f,2025-04-13,Paid,False,708.6,UPI,ZSWCGBIW,,46.0,No,16.0
c066a241-1ea7-4e91-ba12-9776b10411a0,2024-09-10,Late,False,433.32,NEFT,UPKFGBAC,AGT-0706,10.0,,19.0
37d68597-7512-4e27-91cb-1f63d9b576ce,,Paid,False,659.0,Cash,,AGT-7922,,No,14.0
50ded570-c70b-418d-90a7-ae60d4644b44,2024-01-09,Pending,False,779.87,Cash,EZCCGBB1,AGT-7507,85.0,No,54.0
4ef90140-c60d-4445-97c4-f87dd366c39e,2025-03-26,Pending,False,412.17,Credit Card,BMLWGB1G,AGT-9408,50.0,Yes,21.0
a15f844a-31bf-49b8-a099-abd91d4b3fa0,2025-04-13,Pending,False,1814.73,UPI,HNZLGB9A,AGT-0557,85.0,Yes,20.0
cd7387cb-8d5c-46a1-b52c-30050331e916,2023-12-25,Late,False,1775.62,UPI,GCYMGB98,AGT-8627,51.0,No,17.0
478eacd0-2d4d-43ca-862c-663e9cf43d04,,,False,1300.55,NEFT,NSOEGBA3,AGT-4681,18.0,No,19.0
43cdb0df-28d0-4f96-abaa-f26718dffa21,2023-11-02,Missed,True,1969.59,UPI,FZOBGB1U,AGT-1530,72.0,Yes,14.0
38312c05-e4e1-4893-8bc6-cf41b6343daf,,Late,False,1501.48,NEFT,AOJUGBHU,AGT-4482,61.0,Yes,58.0
70398ee9-68a7-49b0-b9de-4572e63a5b8f,2024-08-15,Paid,False,1708.34,NEFT,,AGT-2628,,,27.0
5512ff23-5058-4fc9-af95-48d3d739ce45,2023-10-17,Pending,False,1854.56,Credit Card,BPOUGB2M,AGT-6666,11.0,No,18.0
c72dbd15-6a4a-4034-afb3-631e77ff03aa,2025-04-08,Pending,False,759.52,Credit Card,NJVOGB6W,AGT-9233,4.0,Yes,31.0
bb440422-deaf-43dd-aa35-468d795276c4,2025-01-08,Missed,True,361.2,Credit Card,CTJKGBNY,AGT-9506,41.0,No,19.0
1153937e-57d4-4b9b-8c9a-9667c4f8b18f,2023-12-03,Late,False,1932.8,Cash,ISCXGB06,AGT-3795,60.0,Yes,38.0
1bebdc99-82d1-435b-9dc8-2365c1d5a559,2023-09-23,Paid,False,1233.86,Credit Card,SYNYGBYR,AGT-7772,48.0,No,55.0
280c6cd8-b3f5-44e0-a34a-d904b602e35e,2025-04-29,Pending,False,1867.99,UPI,DGPTGBOM,AGT-7967,45.0,Yes,52.0
aa07d902-bba8-4e64-a7a3-76a3eea90a74,,Late,False,143.89,Credit Card,UOMPGBO0,AGT-7142,87.0,No,
8fb8c273-be13-4a3a-b8fc-c410b9abade4,2024-03-24,Late,False,1832.38,Credit Card,DAXVGB5R,AGT-4741,87.0,No,39.0
da8478c8-6de9-423c-b1be-f5233da153e2,2024-11-19,Pending,False,454.03,Cash,BGYDGB11,AGT-8753,59.0,No,3.0
e2fb2993-4f9b-4cb3-a578-88a859649d84,2024-08-20,Missed,,1373.17,Credit Card,EFPVGBFA,AGT-9474,16.0,No,43.0
69a8bff1-e176-43de-abfe-819dec2a47f6,2023-09-22,Paid,False,1085.49,NEFT,AMJFGBRB,AGT-9250,62.0,Yes,59.0
c9d978e7-a83b-45f8-ab56-7521e568f2db,2024-01-17,,False,754.88,Credit Card,DQHSGBMN,AGT-5408,56.0,No,41.0
a8d964a7-5439-4dd3-ada5-22af21ce9e78,2025-05-17,Pending,False,417.92,Cash,ZPKWGBI2,AGT-5621,25.0,Yes,58.0
f70f19e6-1457-4b31-8741-03bfe665cd5f,2023-12-03,Late,False,1998.44,Cash,JXCPGBIR,AGT-2431,21.0,No,59.0
3eb6749b-8c11-4986-86bf-2ccaa883abae,2024-01-08,Pending,False,1747.59,Credit Card,WMPJGBV0,AGT-4002,83.0,Yes,28.0
6927ab69-cbb9-4774-a466-8600b5e90fbf,2025-02-15,Late,False,222.67,Cash,YNQCGBI1,AGT-4502,66.0,No,40.0
1fe8bbd6-2d5d-4c77-bec9-51291887cd76,2024-10-10,Missed,True,1951.47,UPI,VXVZGB12,AGT-0363,80.0,Yes,55.0
757456a8-adee-4358-b0d5-f57e061495f4,2023-09-15,Paid,False,1641.3,NEFT,,AGT-6145,51.0,No,1.0
e3d7ff68-c65e-415b-9b21-17e0c98348f6,2023-10-30,Pending,False,124.96,NEFT,LKUQGBKP,AGT-7523,26.0,No,58.0
2f3ac958-d990-44bf-afc4-e4f46e28148b,2024-11-26,Missed,True,905.27,UPI,BDRVGBQM,AGT-2974,87.0,Yes,48.0
694076e2-a9e4-465b-becf-3efee1df3364,2025-04-21,Pending,False,1768.87,NEFT,KUMWGBWC,,,No,39.0
b3f5760c-e724-44f0-ba9f-56fff8956acf,2025-04-22,Missed,True,1526.67,UPI,RYUZGBMM,AGT-9637,61.0,No,37.0
fd2343c5-26d7-4e4a-9bf7-42dc7189d263,2023-08-10,Pending,False,625.86,Cash,,AGT-9310,24.0,Yes,9.0
84bfed96-4d7b-4f48-932d-d93a67d3cd95,2025-06-27,Late,False,1566.42,NEFT,PGOJGBZD,AGT-0185,59.0,Yes,58.0
22ee822d-1b0d-4e80-9a95-5e87f91f5700,2024-06-07,Pending,False,1854.25,UPI,PAADGBPU,AGT-6691,82.0,No,41.0
f4fca369-c319-4fc4-8633-9cfe6250eb3e,2024-12-31,Pending,,1577.26,NEFT,RMGJGBO1,AGT-8070,8.0,No,58.0
f05bcdff-57bb-4d5b-9b38-949fd347333f,2023-11-01,,False,683.14,Credit Card,AZISGBYW,AGT-7643,36.0,Yes,21.0
e9756391-3c1b-4968-b62f-71b36b0b31ee,2023-10-14,Paid,False,1488.08,UPI,CRVYGBT4,AGT-9847,50.0,Yes,15.0
682d5a46-8338-45cf-a61a-a8f385bdfc7b,2025-06-04,Paid,False,145.53,NEFT,TUYRGBIG,AGT-8826,5.0,,59.0
cdd2ed15-c27f-45b3-b50f-29a1a2afe618,2023-09-11,Late,False,1670.04,NEFT,XRPIGBRO,AGT-6160,9.0,Yes,43.0
9d8a46f7-b4cd-4086-bece-a7f978e1d5cd,2024-07-05,Paid,,1608.3,Credit Card,AHSBGBDD,AGT-8606,4.0,No,23.0
49375944-2464-438a-bc9b-42591d2984f3,,Paid,False,691.44,UPI,FWPUGBSH,AGT-7155,38.0,Yes,17.0
7e2eeab1-b5fd-43c2-8221-94f5d95c36e0,2025-02-22,Missed,True,1667.93,UPI,XUPUGBG6,,66.0,No,49.0
c6c6dc86-4901-40e7-b66b-ab5ef09a4c51,2025-01-20,Missed,True,1155.18,NEFT,KVBUGBXB,AGT-2520,78.0,Yes,27.0
2dfaf046-e4ed-4e32-afcf-9caf5c130e85,2024-02-07,Late,False,1819.09,UPI,GTHPGBR8,AGT-3391,14.0,No,
ee6d73d7-83d4-4f13-8efa-2768eee0f5a3,2025-07-18,Late,False,284.02,Cash,,AGT-4480,,Yes,40.0
482b2ede-004d-43c2-a829-b93fcb0be748,2023-08-17,Pending,False,1495.0,NEFT,YYEHGBB2,AGT-9754,54.0,No,
cd0e247e-8613-4f19-863c-bc1926c34b0e,2025-01-10,Paid,False,1029.51,,NITAGBVS,,42.0,Yes,37.0
719a50f0-555b-4bd2-9d4d-e0b3c3f101a0,2025-01-31,Pending,False,1632.89,NEFT,TUKQGBTR,AGT-8293,14.0,Yes,57.0
c74a457d-c21b-4ea7-8843-1b7c5e6c0746,2023-11-20,Late,False,802.0,Cash,USZCGB96,AGT-7134,28.0,No,2.0
73a29371-9f4a-4a90-afbd-fec6f400ff2f,,Paid,False,1395.62,Credit Card,SFHVGB04,AGT-3920,44.0,No,4.0
7093a301-15cd-48df-8987-63e86ba24cb3,2024-01-28,Pending,False,1094.4,Credit Card,MKSXGBNW,AGT-4490,1.0,No,28.0
01975017-4c48-429d-bc76-f5eead6221b4,2024-07-19,Pending,False,1948.23,NEFT,RFMFGB6P,AGT-7655,47.0,Yes,39.0
338c640f-c7ea-4b5e-a1b6-a99d52c61695,2024-07-07,Pending,False,818.75,Cash,ZSIIGBUI,AGT-4381,23.0,Yes,50.0
a83dfffd-786b-49e2-8603-46860cef219e,2025-03-05,Pending,False,142.34,Cash,ARPNGBYL,AGT-7390,26.0,Yes,42.0
,2024-03-20,Missed,True,279.16,Credit Card,YTUCGB5D,AGT-4650,20.0,No,1.0
927f73da-c91c-4514-abf3-e9f965fd2b9b,2024-07-02,Late,False,1122.5,Credit Card,BNHCGBH9,AGT-8939,68.0,Yes,20.0
a2ae42dc-d0e7-4b9e-9465-eed538ec2f80,2024-10-13,Pending,False,1500.61,UPI,MWARGBJP,AGT-0172,26.0,No,59.0
b267d5e5-0f2c-4da4-ba44-caa2347902c6,2023-10-13,Missed,True,1445.23,UPI,KGMOGB4U,AGT-9988,81.0,No,56.0
845c22ca-d891-4aea-aba6-b1902df069d5,2024-05-22,Paid,False,,Cash,ITIDGB0Y,AGT-0428,24.0,Yes,24.0
34b0eae1-946a-4979-992c-3880945b1987,2024-03-21,Missed,True,1222.79,,MVIGGBCO,AGT-3623,73.0,No,29.0
81b26331-a7a4-4118-b65e-050050df6074,2024-10-24,Pending,False,1001.65,UPI,EFGAGB1D,AGT-1336,63.0,,54.0
9afe6fd5-e179-4f27-b503-032051c06823,2024-03-15,Paid,False,213.19,Cash,RWNRGBH9,,,,20.0
ac399468-d8c3-4e19-a5be-77978f7f25e6,2024-02-18,Late,False,,UPI,NXXJGBVS,AGT-1846,29.0,No,44.0
9526dd78-9254-49b6-924c-1e5795b0aaf7,2023-09-26,Missed,True,1035.93,Cash,ANZEGBHM,AGT-6468,15.0,No,29.0
5b424e11-fcd2-454b-aed7-f08a8c3f2e61,2024-02-07,Pending,False,443.36,NEFT,BGMBGB80,AGT-1263,11.0,Yes,17.0
466c2aa0-82a3-4c79-a985-1ab10c97bf96,2023-10-06,Paid,False,1979.71,NEFT,UTWMGBTW,AGT-6564,60.0,Yes,41.0
f40c4786-9e6a-4ef1-a949-11870e8d0f95,2025-02-20,Late,False,1025.72,Cash,VAVEGB6N,AGT-4776,17.0,Yes,41.0
,,Missed,True,1430.89,Credit Card,EAQDGB11,AGT-4607,55.0,Yes,3.0
f3e74a3c-51ec-4d54-9034-e88d0b743377,2023-12-25,Pending,False,1119.36,NEFT,EVDAGB87,AGT-7430,13.0,Yes,23.0
46c8d64c-1b8b-451f-babb-c4c20821bd18,2025-05-18,Missed,True,1251.49,Credit Card,ESRVGB0T,AGT-3856,27.0,No,52.0
a30bb318-cb89-4578-a261-b2b7ae4d0418,,Paid,,1966.64,,WMNTGBX6,AGT-1383,77.0,,41.0
904cae8e-6ddc-4ec4-8644-0e7aa8c32044,2024-12-12,Pending,False,1788.83,UPI,ZBWZGBZK,AGT-0274,13.0,No,3.0
e54aa490-5a35-4bf1-958d-3b66fe3c8d9e,2024-11-19,Missed,True,699.69,Credit Card,GSEZGB1V,AGT-6517,,Yes,14.0
74b0c8ee-88ff-43ed-88fb-a916121152e0,2024-10-20,Pending,False,844.26,Credit Card,DMLQGBBL,AGT-7188,34.0,Yes,11.0
38facf33-ebfc-4dc2-a995-f249fc986728,2024-07-25,Missed,True,1610.66,UPI,ENJNGB4L,AGT-8914,3.0,No,
1ddefb0f-3d76-4978-84cf-f4844c918bc2,2025-01-18,Pending,False,615.79,Credit Card,YFVFGB0J,AGT-1035,,Yes,27.0
53056be0-03ef-48cc-a503-5d2ddf1eaadf,2024-02-26,Pending,False,1207.03,,ZJDQGBAG,AGT-7860,37.0,No,50.0
978de370-844d-4079-8435-0b6ac9a0f055,2024-12-23,,False,257.35,Credit Card,DGFHGBMV,AGT-5193,21.0,Yes,12.0
dbac88c0-1e51-4575-99be-8d97aee1a176,2024-10-11,Paid,False,1181.42,,XDLUGBIA,AGT-6035,38.0,No,46.0
,,Missed,True,710.94,UPI,DXTWGB8K,AGT-0837,18.0,No,27.0
4a9223ef-db1f-44b6-869a-da6c4ec4aa03,2023-08-13,Missed,True,1217.61,,JBEFGBIW,AGT-7813,73.0,,39.0
e4ebac2c-e95d-42d1-9ce9-d9197d9fdfbd,2025-06-15,Paid,False,1944.73,Credit Card,AFPFGB6J,AGT-0995,11.0,Yes,22.0
11ff2131-cc74-4226-a10d-df85af712371,2024-08-24,Late,False,453.42,UPI,JDICGBPC,AGT-6673,24.0,Yes,4.0
4a2fd5c5-7828-4d98-9675-f91685a3457c,2024-08-20,Pending,False,1215.83,NEFT,BREMGBDA,AGT-1653,48.0,No,32.0
cc892368-3c56-4ef3-ac0b-c046d9aeccc4,2024-01-04,Missed,True,,NEFT,QYUGGB4A,AGT-6774,11.0,No,58.0
,2025-01-06,Late,False,1945.64,Cash,IELGGBCV,AGT-2093,,No,27.0
784027e2-da9d-4d92-bf15-6d16ba72725c,2024-06-12,Late,False,491.96,UPI,EPNTGBWS,AGT-3389,44.0,No,37.0
942bd75d-7a73-45bf-9527-14523241c5d3,2023-11-11,Late,False,1219.08,UPI,CCFMGBGZ,AGT-6210,74.0,Yes,53.0
9875d398-754a-4c8d-9e97-3a8a088c278c,2024-06-18,Pending,False,1333.57,Credit Card,,AGT-4028,66.0,Yes,39.0
ef3077e0-615f-4e8e-bc5e-8c72dfe18cfc,2024-06-16,Missed,True,1266.07,Credit Card,AUFWGBFC,AGT-2843,72.0,Yes,20.0
454228e8-30a5-44bc-bead-ff36afb0cf09,2023-08-29,Late,False,438.32,UPI,,AGT-1757,84.0,Yes,52.0
518c4471-ea33-4aa1-b3a9-d0fd8d760136,,Pending,False,230.97,UPI,YPXFGBVB,AGT-9492,7.0,No,13.0
61efd1d9-deb9-4a03-b7ec-a2f2e074467f,2024-06-03,Missed,True,496.57,UPI,OWOZGBU0,AGT-6388,44.0,Yes,17.0
1ceef9a3-70a5-418e-b4cb-311e1f1184ac,2024-05-17,Missed,True,771.26,NEFT,NVAIGB4E,AGT-3586,83.0,No,12.0
3e3726a1-9ce1-4bce-b57d-d900cbf7a5f5,2024-11-27,Missed,True,963.1,Cash,NNHRGBTJ,AGT-2306,16.0,No,50.0
6b81db0b-f743-4786-bd85-2fefa637a8b5,2025-04-16,,True,459.06,UPI,QUCRGBQ9,AGT-6849,62.0,No,18.0
12e52765-cb6e-40a7-94c6-e17bbb603df5,2025-03-25,Missed,True,1897.57,,NWHHGBTO,AGT-2897,50.0,Yes,50.0
edb22ae2-0d48-47c2-bed2-a515f671d9b6,2025-02-14,Pending,False,1928.22,Cash,WACHGBD0,AGT-5478,71.0,No,1.0
79ff3482-7e42-4816-b389-621bbfcb0fd5,2024-09-02,,False,502.22,Cash,RDZRGBU0,AGT-9080,88.0,Yes,19.0
81b807db-ad41-4153-b02d-5d304633e92c,2025-01-26,Pending,False,552.81,Cash,LGWVGBM2,AGT-5131,65.0,,2.0
59532035-63c5-4576-98c8-7de5c955a29d,2025-04-16,Pending,False,1515.75,UPI,HEJVGB2K,,,No,11.0
47ba9b6d-e826-483c-a63f-620740c82d1c,2024-09-27,Missed,,1572.16,Credit Card,JVFVGBK8,AGT-5303,5.0,Yes,53.0
,2024-07-03,,False,1224.14,UPI,CNPYGB37,AGT-2075,37.0,No,9.0
8d3c8bcf-5c18-4ed6-8902-615142653b4b,2024-05-17,Pending,False,1638.9,Credit Card,LAZLGB85,AGT-1029,64.0,No,40.0
90f50896-d4ad-45b9-a02f-3a519524202b,2023-07-26,Paid,False,1533.7,Credit Card,JVFWGBI3,AGT-5288,89.0,No,
a657846a-5beb-43c8-a079-8a71b5f3515e,2025-06-28,Paid,False,1931.29,Credit Card,IUGYGBMA,AGT-3364,66.0,Yes,44.0
e67313b0-1dcc-4d9f-b1cc-05f4d2188d98,2024-05-21,Pending,False,1922.53,UPI,WZAPGB1N,AGT-6420,83.0,Yes,
c51e78bc-21bf-40e5-907d-c74bf21e02d6,2024-02-07,Missed,True,1809.05,Cash,DNUEGB2U,AGT-5017,25.0,No,20.0
f0727510-7ff5-43e8-aefb-fc4af5058c03,2023-09-21,Paid,False,1383.75,Credit Card,NDEOGBAX,AGT-5035,82.0,Yes,
51dc8ea5-f170-49cf-be51-f76871c96da2,2025-06-18,Missed,True,1002.41,NEFT,VUELGBWI,AGT-6562,66.0,Yes,21.0
3e9d9959-f3ff-4e7c-b5e0-9b96fe459c4c,2024-03-02,Late,False,1956.88,Credit Card,CJSKGB25,AGT-7312,62.0,Yes,18.0
5b4d9116-0fe7-4e84-a002-96209f166f76,2024-09-27,Late,False,972.47,Credit Card,LFKVGB81,AGT-6822,48.0,Yes,23.0
,2023-10-23,Pending,False,1906.43,Credit Card,WWSTGBWB,AGT-8486,49.0,No,41.0
c02be3f1-921e-42da-a48e-4dda81e37fef,2023-08-04,Pending,False,338.06,,NDKXGBHK,AGT-6370,25.0,Yes,17.0
b79bbbe2-7de0-4c7e-ad67-a804771f27e9,2025-03-01,Paid,False,1877.72,UPI,QPLJGBFK,AGT-2143,18.0,Yes,18.0
02d1af44-075a-4448-a014-07bfc99fa7e1,2025-03-27,Paid,False,1584.17,Credit Card,,AGT-5591,75.0,No,29.0
,2023-10-08,Pending,False,1623.53,Cash,ZSBIGB9I,AGT-9257,,No,
,2024-05-08,Paid,False,124.77,Cash,RXRLGBO7,AGT-6392,56.0,No,12.0
8e996fa5-78f9-47a3-832f-0f1628528257,2024-12-24,Paid,False,991.14,UPI,EUBLGBWK,AGT-7530,5.0,,
a40999b6-4ac5-40b8-b9e5-8885e92359e4,2024-08-01,Late,False,1015.68,Credit Card,JNLXGBHD,AGT-6922,0.0,Yes,29.0
8ce28f3d-2a51-405e-874b-6752c2c7efb8,,Missed,True,150.12,Cash,HLNZGBW9,AGT-0017,8.0,No,6.0
9a1edae4-c6bc-4bc8-870d-931bb542a7d3,2023-10-15,Pending,False,405.32,NEFT,WVNDGBNT,AGT-7549,63.0,No,15.0
017807d0-3233-4846-8bf1-197dc611cb74,2024-02-13,Pending,False,381.77,Cash,JRLNGB9R,AGT-9955,50.0,Yes,8.0
271f6d7a-2982-467c-86c2-c8422a91502a,2025-05-11,Missed,True,1662.45,Cash,SKGDGBXO,AGT-1203,49.0,Yes,31.0
71000bb6-1b1c-479f-b6e6-6387ce3ae66d,2024-07-18,Pending,False,554.1,,KJKWGBQ6,AGT-4072,33.0,,38.0
e5bb8949-18af-437c-ab2a-6df49050f6f0,2023-10-25,Missed,True,1208.16,Credit Card,WGTPGB03,AGT-5116,14.0,Yes,18.0
c66c7da8-743d-4a7e-b408-8985f6bf5ed6,2023-07-29,Late,False,458.9,,YNIDGBFK,AGT-7040,47.0,Yes,1.0
d01fcb2e-ad5c-4731-aa7c-8213e9bfa481,2024-09-06,Late,False,514.59,Credit Card,WDQGGB4A,AGT-8426,11.0,No,51.0
7c475ac5-757c-4309-bd61-a101d0e2bcf9,2024-10-05,Pending,False,853.14,Credit Card,QIEHGBRK,AGT-5947,44.0,,44.0
59c951bd-f616-409c-84f8-e218eccf0d02,2024-11-27,Paid,False,841.02,NEFT,PHTCGBGU,AGT-8124,64.0,No,31.0
2f150d90-df9d-46b7-8f9a-7f7c80d923f3,2023-12-09,Paid,,386.88,Cash,,AGT-9172,37.0,Yes,14.0
7c4f011c-99df-4131-8578-fb50e201e6ac,2023-09-28,Late,False,1884.17,Cash,XBCIGBEO,AGT-9488,30.0,No,33.0
7309b079-7ccb-4ec6-ad3d-6b3fe317319e,2024-05-06,Missed,True,1188.78,Cash,XRMPGBLZ,AGT-1199,17.0,,47.0
af1b73c0-fd39-4c3e-9ad7-f933275cefbc,2024-03-16,Paid,False,1473.76,NEFT,HGSUGBQZ,AGT-8709,45.0,No,10.0
f6dbc4d6-01fe-41f2-afe8-e6b9df9752a7,2025-02-24,Missed,True,985.7,UPI,WCNHGBMZ,AGT-6226,85.0,No,46.0
4676563b-4fb7-479b-9134-e39012164eb6,2024-03-11,Paid,False,535.91,Cash,RFRKGBUM,AGT-4617,89.0,,25.0
c888f97b-4c9f-4efa-8897-dc1f7edc87ce,2024-05-09,Paid,False,857.41,NEFT,JRSBGB9I,AGT-2475,23.0,Yes,40.0
63d5dff1-3c42-40dd-8157-d567cc158efb,2025-04-05,Missed,True,943.34,UPI,NSPXGBJA,AGT-9744,72.0,No,40.0
8602f967-b2fd-422f-abee-6adb05b3347d,2024-04-15,Late,False,173.83,UPI,PSUTGBD4,AGT-9612,,Yes,46.0
1023d538-9111-45be-b087-85a69a26cd70,2023-12-12,Pending,False,291.61,NEFT,QLBHGBJB,AGT-9870,69.0,No,23.0
f68e5746-d3c4-45f0-bad0-7763ee5ceb6a,2023-12-25,Missed,True,1637.99,UPI,CAIUGBKC,AGT-6665,76.0,Yes,22.0
c41c254a-df89-40a0-b1dc-3281224e4a39,2023-09-27,Late,False,1195.69,Cash,JNEOGBOA,AGT-0211,4.0,No,51.0
7d5ac18f-534c-4962-8a47-1e848249405e,2025-03-27,Paid,False,1495.21,Credit Card,UZOAGBRB,AGT-0554,71.0,Yes,33.0
098e34fb-958c-4c94-943b-53900b89e484,2024-07-07,Missed,,1453.35,Cash,ORUPGB12,AGT-8086,48.0,,18.0
8c088233-6375-496c-b3dc-acc8ddc9d989,2024-05-30,Paid,False,1163.2,NEFT,ISSBGBVB,AGT-7442,87.0,,49.0
40e02c29-33c5-41da-ad54-756692872ee3,2023-10-06,Missed,True,1993.63,NEFT,DAHLGBOJ,AGT-0917,40.0,Yes,31.0
556abc15-e349-4b71-bd15-436e1adc0033,2023-10-25,Missed,True,320.58,UPI,,AGT-6199,6.0,Yes,9.0
2b4b7b75-0a08-4e1f-a783-c8e04b7876e0,2024-04-08,Late,False,1570.18,NEFT,FPGQGB30,AGT-0372,86.0,Yes,16.0
e58bd830-45e6-42bd-82b8-eb3b577beb36,2025-01-31,Paid,False,128.72,UPI,OOGGGBV1,,35.0,No,57.0
1e0c1258-17aa-4818-843d-ca4f83c40faa,2024-05-25,Late,False,,Credit Card,YCKVGBOM,AGT-1375,46.0,No,
4f258792-1735-4b9c-8f82-1ce0f848920d,2024-07-28,Paid,False,694.31,Cash,VAIXGBMY,AGT-5641,7.0,Yes,26.0
9b40697a-5bbb-4e31-a75c-2d9db1bfafd6,2024-02-18,Paid,False,,NEFT,JTURGBCT,AGT-2367,14.0,Yes,27.0
f169f9ae-84a1-446e-ad5a-cd0c64edccb4,2024-06-07,Pending,False,389.43,UPI,ZLXXGBSL,AGT-2901,17.0,No,47.0
beb3524f-d36a-4f33-8467-d06f07b7b7c3,,Missed,True,1489.22,Cash,QJVHGBDG,AGT-4056,10.0,No,34.0
b1ecb9d1-6a1e-4fdc-869f-6da6c64ce5c4,2024-01-27,Missed,True,386.79,NEFT,BUESGBTV,AGT-8410,79.0,No,49.0
0428ee53-6919-49df-b16f-b8fedaec8a62,2024-08-23,,False,1367.07,,ZNIGGBJC,AGT-6866,84.0,Yes,41.0
c340764a-6edb-4cd2-b447-dc08d9d477b6,2023-10-10,Missed,True,740.19,Credit Card,FGEHGBQF,AGT-4519,10.0,No,48.0
5fbddee9-6410-4e1a-a3b5-52e0fc1ce62d,2025-05-20,Missed,True,965.63,,ISHLGB6F,AGT-6241,64.0,Yes,
0bc2d416-186a-495a-9fe2-70209fa9a294,2024-04-07,Pending,False,860.63,Cash,ENVSGB4K,AGT-6453,64.0,Yes,
3f69f39e-d85b-4375-9639-652794308dbc,2023-08-22,Late,False,1906.23,Credit Card,,AGT-6780,37.0,No,29.0
20e4ad37-f3f4-4e97-a746-44464f1d9ccf,2024-12-06,Late,False,693.14,NEFT,BSFJGBJ3,AGT-3153,58.0,No,41.0
b1d50638-3f1c-4c57-a7ac-ad385691dae8,,Missed,True,1568.72,UPI,QVDHGB0R,AGT-1049,33.0,Yes,51.0
3330cc8d-a578-413d-8201-462128f26589,2025-06-05,Missed,True,864.0,UPI,APKEGBAA,AGT-3877,19.0,Yes,56.0
f6183fb1-a458-48e2-8cac-33e4359d0458,2024-03-10,Pending,,221.62,,LZIRGBED,AGT-9560,47.0,No,26.0
d4af46d7-2603-481b-803e-955f82b7a923,2024-05-27,Missed,True,967.14,NEFT,DSDRGBW4,AGT-5385,42.0,Yes,23.0
f3a1a62d-ed38-461a-a31d-c3f24a1ed631,2025-03-10,Late,False,1645.87,UPI,OMLXGBN6,AGT-4926,55.0,Yes,6.0
519c0c8d-e696-49c0-8908-e02d8a2a0c97,2024-12-04,Paid,False,123.95,Credit Card,CUUNGBK7,AGT-9996,39.0,Yes,57.0
80c93bf1-edad-41a5-88d4-9c53a8e690d8,2024-12-11,Paid,False,879.62,UPI,IGXKGBDL,AGT-6269,79.0,No,46.0
ecb93ed3-5680-456b-9149-3f7469ec9634,2024-10-26,Paid,False,1274.89,,TSADGBQ6,AGT-6476,5.0,Yes,46.0
243d444e-6c2a-43e0-a15d-2ae33ad6a02a,2025-02-28,Missed,True,645.62,UPI,NEKAGBYL,AGT-2546,67.0,No,41.0
b16cc28b-0457-44e7-81b6-37695537db74,2024-04-10,Late,False,1927.92,UPI,LXKVGBOG,AGT-4738,82.0,No,
dc877889-7730-483a-bee1-d8c9ba316dfb,2024-11-30,Pending,,1835.34,NEFT,WBYRGBN5,AGT-3064,58.0,Yes,51.0
,2024-09-24,Paid,False,816.39,Credit Card,DIPWGBEJ,AGT-0965,45.0,No,29.0
c0e11cd8-5023-4092-a736-2dfeb01777e0,2025-04-24,Late,False,607.27,UPI,ZJSFGBCB,AGT-6883,,No,58.0
f45b4132-de0b-4edc-9394-140b7f72af4c,2024-07-22,Pending,False,214.56,Cash,SBXVGBMN,AGT-5990,45.0,No,59.0
cfcf1db5-ae76-4109-80d0-ca1a488dc935,2023-12-21,Missed,True,420.55,Cash,BBFTGB2B,AGT-1796,36.0,Yes,31.0
6261f705-8ce7-459f-a6ce-ed532ab084f1,2024-06-22,Paid,False,1421.94,NEFT,QCMWGB45,AGT-9076,68.0,No,30.0
,2024-10-10,Pending,False,754.03,UPI,NICCGBSQ,AGT-1138,19.0,No,11.0
2a4854ab-7297-43d4-9ce6-7373fb02f491,2024-10-05,Paid,False,1028.34,Credit Card,,AGT-6747,85.0,Yes,43.0
51bd15d1-3150-4cfa-af45-27e43ff46822,2025-04-18,Pending,False,1888.48,Credit Card,RQDIGB32,AGT-6525,50.0,No,8.0
916c9de0-2871-4ede-885a-fd5101c9419d,2025-04-22,Missed,True,1231.78,,MZXVGBFD,AGT-2616,57.0,No,42.0
58a92d11-c11c-4185-86f2-2261560e6a91,2023-10-08,Missed,,1610.51,UPI,MEGYGBXM,AGT-7181,14.0,No,16.0
0f14fff8-8adf-48cd-971c-6d529d032de3,2023-08-14,Paid,False,1491.48,UPI,AJJIGBEF,AGT-7211,73.0,No,22.0
7c95f0fe-a974-49c8-a7b4-8ea93b416545,,Paid,False,705.15,Cash,GEFIGB57,AGT-6559,65.0,Yes,33.0
0252df83-4bd2-4751-bff7-fc0491b4fadb,2024-11-17,Paid,False,280.85,Cash,TQZKGBL1,AGT-6531,55.0,Yes,5.0
e2068f2e-2c31-41be-8004-ad6330d3b2ff,2024-08-19,Missed,True,325.13,UPI,DPKJGB5F,AGT-3081,,Yes,36.0
41f36ec0-318a-454b-a13d-f0ed37d261a0,2025-05-19,Late,False,117.66,Cash,AJQHGBBI,AGT-7979,61.0,Yes,35.0
2bd52c19-6dbb-4181-8e61-0983dcdb566c,2024-01-30,Missed,True,,Cash,FOYVGBVH,AGT-7358,68.0,No,32.0
e58b5afe-d395-4e5b-83f9-f809b2e4ab1f,2024-03-06,Pending,False,1524.97,Credit Card,FYTQGBHN,AGT-6958,17.0,Yes,14.0
501f16f5-5237-40e1-93ba-5bfeec180b55,2023-11-24,,False,1075.35,Credit Card,YIAHGBVU,AGT-0043,68.0,Yes,6.0
4947ada5-1e88-42e0-be04-642451765aa5,2024-06-04,Paid,False,880.47,Cash,NGHDGBEL,AGT-8976,77.0,No,40.0
2c1e8af4-a202-4014-b67c-31dc4ac0ab5e,2025-02-11,Paid,,336.39,UPI,BNGZGB2B,AGT-9377,14.0,,5.0
1c171503-259c-4087-bb11-ff70ba3b5a65,2023-10-31,Paid,False,925.72,NEFT,WSCPGB4U,AGT-9330,10.0,Yes,25.0
c529799a-a7a0-48f6-be26-b061990073d0,,Pending,False,1397.54,NEFT,RPQBGB6B,AGT-4578,61.0,No,23.0
d1dc91f0-9e4f-41b7-a78b-b5edd893c708,2024-07-22,Pending,False,714.63,Credit Card,CZEXGBH7,AGT-4697,70.0,No,1.0
284c9585-c545-40a0-9fa1-0e0a9bb33628,2024-03-10,Late,False,1933.95,Credit Card,AAUFGBW3,AGT-7663,72.0,,21.0
08379a25-111c-4903-a4b5-3f2cc29aeee1,2025-06-08,Late,False,1362.58,Cash,WFQOGB20,AGT-4466,,No,20.0
d3d8ecf7-ee45-41a3-a240-82f83a45744e,2025-02-14,Missed,True,1251.05,UPI,IDNCGBVG,AGT-6148,81.0,Yes,
81388f6b-53c1-4ee7-93f3-bc9666a4e0fb,2025-01-02,Late,False,1147.69,UPI,COBDGBT1,AGT-6857,51.0,Yes,
cabe232e-b32f-4dd8-98b0-8f6aaddc7cd6,2025-03-22,Pending,False,1553.41,Cash,DOSBGB6F,AGT-1814,34.0,Yes,9.0
474a7b03-b126-412e-9041-fd99bc54d97a,2024-12-15,Pending,False,972.47,Credit Card,EOQUGB71,AGT-7321,5.0,,58.0
7aca4b4d-39d7-4cb4-b8d0-e39357693f4c,2025-01-27,Missed,True,1553.66,Credit Card,PJXHGBI0,AGT-6407,27.0,Yes,11.0
1b7df57a-d164-402b-965d-3afc249d098e,2024-10-05,Pending,False,497.58,NEFT,ZOZIGBE5,AGT-3993,76.0,No,37.0
,2024-07-20,Paid,False,836.26,Credit Card,XERLGBDX,AGT-5843,12.0,Yes,5.0
e8c260e5-ded5-4b98-a9a7-e912af475e4b,2025-03-08,Late,False,318.27,NEFT,YAYVGBY6,AGT-4456,53.0,Yes,46.0
cd1106c7-5bbd-40fa-a00e-d86419b33628,2024-12-25,Missed,True,855.06,UPI,PQTQGBC1,AGT-5491,83.0,No,37.0
f8d4390c-4771-45ec-9f3a-c522e98bb334,2023-08-31,Paid,False,1976.25,UPI,BSRTGB6G,AGT-1803,48.0,Yes,1.0
c1c39265-3e15-4654-83f3-a4b08f85fb43,2025-06-30,Paid,False,1341.33,NEFT,UYIBGBLF,AGT-3801,82.0,Yes,43.0
edc24fe8-e3d7-4033-9e9c-b5eed25bf69b,2024-04-06,Late,False,1328.79,Credit Card,KIDRGBDR,AGT-5805,49.0,Yes,5.0
58140fb8-d1ef-4ed0-b425-30645117abed,2025-05-08,,True,618.66,UPI,POGOGBU9,AGT-2134,14.0,Yes,17.0
80a92eb2-84ff-4539-aa1c-e72d601aeb16,2023-12-26,Paid,False,465.96,NEFT,WTBFGBA7,,44.0,No,5.0
7949f8a0-50a8-4c3c-9518-d0da59cddad3,2025-06-03,Paid,False,864.38,Credit Card,KMBLGB4L,AGT-6940,,No,59.0
f8d5749b-2d75-4f64-a468-1613f1b0a1e6,2023-11-17,Paid,False,1133.6,UPI,AJFFGBME,AGT-8751,19.0,Yes,17.0
4c1719c7-9658-42a1-bd44-0fc622ba40d7,2025-01-07,Missed,True,1495.64,UPI,UKOHGBWK,AGT-6982,85.0,No,35.0
528fc51c-a843-4933-90f2-7b2ace2e0178,2024-02-20,,False,976.03,NEFT,STVJGB2N,AGT-9840,48.0,No,12.0
32d99c3d-cd8b-4585-a058-0a2709b1fe99,2023-09-08,Late,False,1481.72,Credit Card,RNKLGBH9,AGT-5814,82.0,Yes,29.0
358f832a-b426-4b91-a868-cbdb6c79ad66,2024-12-09,Late,False,550.36,Cash,VKNUGBOB,AGT-4074,4.0,Yes,
31361a4c-7de4-49d4-bc3a-937b617fda77,2023-11-18,Late,False,820.19,Cash,MJRNGBMC,AGT-1418,58.0,No,54.0
38e631a8-b8c8-48b4-aafe-6a36c29a2a87,2024-05-04,Paid,False,1403.87,Credit Card,VYCSGBYF,,12.0,No,3.0
981f33be-eb1f-4e13-b0da-fc47f7918b3c,2023-08-08,Missed,True,140.44,NEFT,ESATGBPH,AGT-7032,38.0,Yes,45.0
b1526074-e24a-4093-986b-f6f0691c5f99,2023-09-20,,False,,NEFT,LVTKGBQ5,AGT-7582,22.0,No,36.0
452364e8-f2e5-4337-b19e-4908e9efd86e,2023-08-27,Missed,True,1667.05,Credit Card,JCNEGB0V,AGT-7642,71.0,,17.0
83088b41-d1d9-4a82-9b63-119c8d96438a,2024-03-11,Pending,False,1784.41,Cash,YXDRGBLF,AGT-3327,47.0,No,41.0
27d62d57-2210-46c5-9a3d-684418bc5cb4,2025-06-10,Paid,False,269.16,UPI,CTDUGBC5,AGT-5497,83.0,No,42.0
1013e69d-e5d7-42e9-9c7d-fefc21bbd1c4,2025-05-31,Paid,False,1710.04,UPI,LYEJGBRI,AGT-2154,85.0,No,24.0
d875fc61-e70d-470b-9a77-624bf67dbcb7,2025-01-05,Pending,False,1360.7,NEFT,KCFSGB1C,AGT-7592,84.0,Yes,7.0
,2025-02-06,Pending,False,1624.23,NEFT,IDFMGBUS,AGT-4473,52.0,No,46.0
c71b23c9-bc16-4cd1-9947-6c1800697520,2024-11-22,Paid,False,996.42,Cash,XEXXGBJ3,AGT-8338,25.0,No,52.0
e1b7fd04-73c1-4a82-ac3c-059452fbc65a,,Pending,False,1293.24,Cash,LIROGBOH,AGT-9088,45.0,No,23.0
,2024-01-25,Late,False,143.3,Credit Card,FXDXGBQY,AGT-1522,,No,22.0
8b4051d9-3e4e-44b2-9d27-07f8688bf86a,2025-06-04,Missed,True,904.81,,ASIUGB98,AGT-4445,42.0,Yes,43.0
2fad26b5-d332-4d44-8dbc-4e579488c3b6,2024-03-27,Paid,False,1068.87,NEFT,EIWAGBO3,AGT-2441,46.0,No,24.0
9fd3059b-7f1b-4204-bccb-50cb98db778a,2024-09-05,Pending,False,1888.3,Credit Card,WMKVGBIZ,AGT-0723,16.0,No,26.0
bce3cd2e-19d8-4150-bf04-2d0b0747a7d6,2023-09-25,Missed,True,467.69,Credit Card,MAZYGB03,AGT-8083,34.0,No,28.0
29921dfa-30e9-49e1-bf46-e3ba1585b5ff,2025-07-06,Pending,False,1902.25,UPI,NDCCGBV6,AGT-0769,15.0,No,45.0
e0f94fd0-05c3-4677-a39b-0221c5cdcec5,2024-05-20,Paid,False,387.0,NEFT,NLWYGBV2,AGT-5404,7.0,No,12.0
58270d31-d4bb-420b-b28c-597532c7452f,2024-09-28,Late,False,1768.97,,OKWHGBHV,AGT-3026,78.0,Yes,21.0
0619d55e-6d8c-4c11-9fc6-439fdc81f072,2024-05-16,Pending,False,203.97,Cash,ABGLGB4L,AGT-2191,85.0,,36.0
3b2d77be-8c8a-401b-890f-b1b6b2e5fb02,2023-08-10,Pending,False,386.68,Cash,XKANGBVH,AGT-6846,9.0,No,31.0
1dd516d4-3fed-45f9-9e2d-070fda7ff892,2024-10-30,Pending,,1538.58,Cash,AVCYGBF2,AGT-5660,19.0,Yes,59.0
e73c648d-129c-455f-9af3-2a55978d2610,2025-06-04,Paid,False,243.37,Cash,ZPCZGBHL,AGT-7817,43.0,No,5.0
491ac1a7-0ce9-49ae-8e98-e549932bd82a,2024-11-18,Pending,False,1514.09,Cash,GVPXGBC2,AGT-2230,85.0,Yes,1.0
e0455287-d53f-4785-98a5-e51e0fa6ae3c,2023-07-25,Pending,False,,NEFT,VRANGBQM,AGT-2848,31.0,No,49.0
fea38547-453e-45af-9cfe-09ecd1115634,2023-12-21,Late,False,818.89,Cash,QLSGGBNB,AGT-9192,,Yes,36.0
e7237be6-d057-4cad-8ae1-a7219c42fe8e,2024-10-26,Missed,True,1252.09,NEFT,PWGIGBJH,,71.0,No,19.0
b7864668-fd7e-4ac4-b7ac-791157a2831c,2024-12-19,Paid,False,608.65,NEFT,,AGT-0987,21.0,Yes,46.0
f2855b94-fdbb-4a5f-84c7-c14b83260e65,2025-05-13,Paid,False,1017.92,UPI,SETVGBCY,AGT-9914,22.0,Yes,38.0
b25704b2-7ae3-4edc-b6ed-f86d36a10da0,2024-02-27,Missed,True,1711.54,Cash,NVTHGBQ5,AGT-2202,32.0,Yes,20.0
cde70c2d-7647-4bea-8e21-4316f94321c2,2023-12-26,Pending,False,368.97,UPI,NUNIGBU7,,7.0,No,47.0
68e24b8b-6881-4a19-b694-4ed898d8af77,2023-11-12,Paid,False,159.56,UPI,,AGT-9899,38.0,Yes,35.0
,2024-04-25,Missed,True,676.97,NEFT,BNHWGBNE,AGT-4730,76.0,No,49.0
4122d90b-3b32-4eb6-8db8-9871d7470754,2023-11-12,Paid,False,1308.2,Cash,KJXXGBCT,AGT-1307,64.0,Yes,9.0
c9ebdfdb-6407-4e89-900a-b0e62b02f047,2025-04-28,Paid,False,1945.68,UPI,FOLTGBCV,,42.0,No,49.0
df3821f5-a04d-4041-b6c5-a8248a79fe11,2023-09-15,Paid,False,681.89,UPI,GWKPGBV1,AGT-1484,87.0,No,42.0
72e7a775-ff17-4f12-bc96-bdf5adcc6b44,2023-10-15,Pending,False,1115.92,Cash,NQYFGB4L,AGT-6008,10.0,Yes,32.0
ced0f651-ce47-4b09-8865-962abe80c617,2023-12-31,Missed,True,576.09,NEFT,QGAEGBT4,AGT-6708,82.0,Yes,7.0
ab56eb6b-f8b7-4a03-b19e-503c180b3930,2024-07-06,Late,False,799.59,Cash,CHQAGBQ2,AGT-2242,49.0,Yes,26.0
dc1dfe62-0080-49c8-9ccb-e9f19543d3db,2024-11-07,Paid,False,733.31,UPI,GTDMGB6B,AGT-6060,29.0,No,32.0
bacf0481-ca31-4701-8fb0-a5e318dbf3fc,2024-06-29,Pending,False,976.31,UPI,PEZQGB6Y,AGT-0849,18.0,Yes,15.0
52807603-b303-41b8-9234-c60f304f1902,2025-01-20,Late,False,1882.4,UPI,GCCQGBFL,AGT-2390,43.0,Yes,36.0
dba2c7ad-2541-44ed-8ca7-0733d2c0e63f,2023-09-05,Pending,False,169.52,NEFT,WXHSGBX2,AGT-1552,40.0,No,57.0
d6b6f481-f813-4fc6-bbde-f69c8c39b9fc,2024-06-13,Pending,False,1520.59,Credit Card,SNLDGB6S,AGT-7453,65.0,No,26.0
6cc76ebb-c17e-46fc-9168-d3d8d98c9a03,2023-08-17,Pending,False,534.34,NEFT,LATUGBYT,AGT-0345,29.0,No,26.0
2a31db5e-e194-471d-a517-2c4017ea383e,2025-07-12,Late,False,1623.63,Credit Card,ZKGDGBF0,AGT-6873,8.0,No,13.0
1870b713-c0a1-4b66-acc3-1053d75a5da0,2024-03-11,Missed,True,1685.58,UPI,LTIYGBVA,AGT-5748,12.0,No,35.0
a7459ac6-2763-4d83-850c-82549fb95b5a,2024-11-03,Missed,True,1355.75,,FKYTGB2A,AGT-4463,57.0,No,59.0
0abcd065-9941-4bdb-b6bb-c4f1789e1fe8,2025-04-22,Missed,True,1950.9,UPI,JMFWGB29,AGT-0853,33.0,Yes,28.0
99f73883-4381-46f9-aa54-ef0354c1748a,2025-07-05,Pending,False,1515.5,UPI,XANWGBV7,AGT-6166,48.0,Yes,52.0
3c5d8a58-24dc-4f18-a8b5-6bbcd8888c2d,2023-11-14,Pending,False,322.07,Cash,,AGT-2875,87.0,No,24.0
9504c878-c721-4cf5-80f3-71dbdac0f80e,2023-09-05,Late,False,892.11,NEFT,WHSYGB49,AGT-8558,,No,16.0
b360ffaf-fb0f-4064-ad04-2aabc7f74824,2023-09-23,Missed,True,970.84,Cash,QXEVGBVM,AGT-2549,10.0,No,34.0
95b6f24a-a0de-447d-abbe-decfe5fc15c7,2025-04-24,Pending,False,1690.36,Credit Card,HHCLGB66,AGT-2766,86.0,Yes,32.0
b2091683-9f44-4f58-a008-6d3c6ae55ef2,2023-08-17,Late,False,485.32,Credit Card,KGMJGBBJ,AGT-7940,52.0,Yes,59.0
d000b8fe-8c93-4769-a71c-8f562bf584bb,2023-11-20,Paid,,1168.47,UPI,GAXOGBG2,AGT-6447,44.0,Yes,25.0
ca2b45bf-a5b5-4b13-897f-ac9c6230b284,2023-10-26,Missed,True,,Cash,IKUTGBD0,AGT-0359,60.0,No,19.0
,2024-07-04,Missed,True,420.69,Cash,AOBRGBH5,AGT-1463,67.0,No,59.0
,2024-08-04,Pending,False,1809.42,Cash,XFBOGBT6,AGT-1554,77.0,No,41.0
8f799bef-2f83-495e-b105-5e0d2de6ed1b,2024-03-31,Pending,False,223.96,Cash,EPSZGBVK,AGT-1069,12.0,No,29.0
e9d5e7a9-cc78-42dc-98e5-941e5555a058,2025-05-26,Missed,True,173.83,UPI,LHLIGBFI,AGT-1222,84.0,Yes,47.0
8c50be1b-832d-4c78-9d0f-6f92fe1c355a,2025-05-26,,True,302.95,UPI,,AGT-0063,54.0,No,29.0
d29ac412-d900-4ec8-a14f-c7d48dc9801f,2024-04-17,Pending,False,1297.75,UPI,LCSDGBLV,AGT-8064,15.0,Yes,45.0
62ff1a97-a7a2-4797-b5da-8195ffe3f84a,2024-09-21,Pending,False,360.07,NEFT,BMCPGBDJ,AGT-7845,13.0,Yes,56.0
815be125-025f-453f-9672-5c9f8434d3c5,2025-01-14,Missed,True,1408.09,NEFT,PNAPGBXM,AGT-3482,54.0,Yes,28.0
69256401-fe7e-46e0-843a-b301ea343f72,2024-02-09,Late,False,1190.49,Credit Card,ERTYGBFT,AGT-6616,79.0,Yes,2.0
a0a37345-91b7-4495-8645-61eb77369e0f,2024-04-16,Late,False,348.29,Credit Card,JUNLGB6E,AGT-9725,35.0,No,15.0
dbec5abf-f3f7-42b8-a0af-0dddf5d313b2,2024-08-16,Late,False,186.5,UPI,CFILGBMQ,AGT-6923,20.0,No,
910d6540-028b-4310-a3ec-0ae236c3a555,2024-05-05,Missed,True,1081.91,Cash,ZJMDGBHZ,AGT-4142,,Yes,2.0
a8e45a99-e45e-44f0-a397-8d5cf401df9b,2023-10-04,Paid,False,1542.84,Credit Card,YWNEGB81,AGT-5013,25.0,No,2.0
1cefbfbc-408b-44fc-8d9b-3fae2fa67a3d,2024-05-01,Paid,False,1836.82,Credit Card,YFSPGBCY,AGT-8648,65.0,Yes,56.0
604a1b1d-b3a8-4db8-9ace-f386ebcc720a,2023-11-22,Late,False,1429.48,UPI,BINAGBFN,AGT-6540,57.0,No,52.0
eaac6a8a-62e9-46b5-9d79-3adfce96fbb8,2023-12-21,Missed,,1508.59,Credit Card,NKBJGB1W,AGT-1462,64.0,No,29.0
8ca060ff-c662-4638-aa48-ece665d31fda,2024-09-05,Paid,False,312.96,UPI,QBPWGBIR,AGT-3735,30.0,No,53.0
dbf09e91-d8d5-44eb-bbd9-328e06693f2a,2024-12-16,Missed,True,765.19,Credit Card,,,2.0,No,23.0
19fddd55-9477-47ba-b661-d03cb095b8df,2025-02-19,Paid,False,,Credit Card,NWKVGBPK,AGT-5352,81.0,Yes,37.0
123e337d-8058-475e-b1c1-23dd3efd896e,2024-10-27,Pending,False,1004.2,UPI,QQUGGB6B,AGT-8197,51.0,Yes,58.0
cc3b3862-55d0-4144-a3bc-dd7f6dad6564,2024-02-21,Missed,True,311.61,UPI,QPCPGB0O,AGT-4573,62.0,No,28.0
a5e120d9-db55-44a2-b2a2-388c4e9d3506,2024-09-29,Paid,False,258.13,Credit Card,GAOSGB1J,AGT-5275,61.0,Yes,28.0
ecd24619-d002-4e51-b5f4-ec2adebedb51,2024-01-17,Missed,True,1202.69,NEFT,RUJMGB41,AGT-5201,11.0,Yes,46.0
a2c3973e-6606-48fb-b261-ff95c4972440,2025-06-17,Pending,False,1417.03,,UELBGBVZ,AGT-3778,30.0,Yes,7.0
498dbe8b-c84c-4529-8f98-b16d4fb5bbc3,2025-04-18,Pending,False,1866.29,UPI,NHSWGBF1,AGT-5657,51.0,Yes,36.0
19f5c73b-6085-47ac-9e0c-7d65f4f8a7c1,2024-05-26,Paid,False,294.12,NEFT,KOCHGBVU,AGT-1248,78.0,Yes,54.0
24f6558a-a62b-4d52-9370-3104915b5f1d,2024-10-12,Pending,False,1427.68,NEFT,NBJNGBOH,AGT-6143,14.0,No,29.0
,2023-10-29,Pending,False,,UPI,VJDFGBLJ,AGT-3421,65.0,No,6.0
cb6407c7-74f4-4096-8251-d9f31097a330,2024-08-28,Pending,False,1860.25,UPI,WOSHGBDP,AGT-0411,31.0,No,49.0
3d3b537d-a772-4d11-b8bc-667069afb049,2024-06-03,Pending,False,1424.65,Credit Card,JGVTGBXN,AGT-3592,73.0,Yes,9.0
0edd37d0-3757-49a1-acc0-51986d189dbc,2024-05-28,Pending,False,1855.45,NEFT,KZSLGBYH,AGT-2045,3.0,No,
,2024-08-19,Pending,False,602.04,Credit Card,ARRWGBNF,AGT-9593,29.0,Yes,35.0
efa71f05-ed9d-4f22-9390-9a7cc8d635ef,2023-09-16,Late,,1726.13,UPI,JITWGBTB,AGT-1874,59.0,No,22.0
4320d74f-fe8d-4a81-8829-856e7355fa41,2025-06-24,Missed,True,467.83,Credit Card,PHPPGBT6,AGT-8942,4.0,No,2.0
5eb6d618-3898-4d72-a420-46aa3b108ce0,2023-09-27,Pending,,1288.19,UPI,DIZIGB1V,AGT-2692,15.0,Yes,
78f8ba24-b8f2-429d-bfa6-ef5a97526528,2023-10-04,Pending,False,343.61,NEFT,ANXPGBKR,AGT-9573,34.0,Yes,59.0
ecdf7c79-5c10-4c1a-9982-763fbd2593ed,2025-07-02,Paid,False,174.18,NEFT,,AGT-2413,73.0,No,40.0
d7a405a5-91b6-4137-9501-325fba11db36,2023-12-02,Paid,False,839.14,NEFT,SQLOGB30,AGT-5480,21.0,Yes,52.0
3bd71dbb-5677-42c9-bf88-47cb215bb85c,2023-11-22,Late,False,1900.19,UPI,PETGGB2C,AGT-9374,33.0,No,39.0
3e4892bd-9d65-43c1-803d-7c8a9c676b9c,2023-10-26,Paid,False,1941.51,Credit Card,KGPCGBFE,AGT-5757,31.0,Yes,37.0
a9b78d12-5035-4a30-8e1b-de7da3f58d09,2024-09-02,Pending,,1926.12,NEFT,EURRGBJR,AGT-7349,4.0,Yes,12.0
07cc1433-8caf-4211-88e1-a2861b031efb,2024-07-17,Pending,,1545.79,Credit Card,QPZXGBX7,AGT-8130,,Yes,38.0
0d074152-dded-412a-8cea-3b530f41d1b2,2023-08-17,Late,False,231.09,NEFT,OBESGBIL,AGT-3620,30.0,No,59.0
82ae929a-518e-453b-9ee4-8ab08bb3a38f,2024-04-16,Missed,True,1124.68,,DWLNGB7B,AGT-5893,32.0,No,57.0
2a81b2bf-8965-4867-8c63-7be10180b133,2024-09-26,Pending,False,1877.03,UPI,LVJWGBP4,AGT-8703,78.0,No,58.0
a4ca79fe-ade5-408a-95fe-d1481b9f5683,2024-08-18,Late,False,1667.17,UPI,RLMPGBSF,AGT-7572,70.0,No,13.0
a393dcd5-1ef7-4a19-8c9c-4d9c65023b3f,2024-05-10,Late,False,1454.23,Cash,VMBNGB7I,AGT-0790,0.0,Yes,5.0
8aa10a2a-2d83-4411-b42f-dafadc60f57b,2023-09-22,Missed,True,932.43,UPI,HMBYGBN6,AGT-8560,45.0,No,25.0
d3b785c8-ba3a-4ec1-aa4c-5056aab58d84,2024-05-04,Paid,False,1360.59,NEFT,SLHZGBPK,,31.0,No,15.0
2d718e11-ea48-4366-bdfc-e5663af0005b,2025-02-07,Pending,False,614.69,NEFT,,AGT-4025,78.0,No,50.0
22c55b54-b56e-4acc-a96c-873c585e91c3,2025-01-14,Paid,,395.54,UPI,PORKGBLI,AGT-7031,77.0,No,57.0
9c654cf6-2cca-49f4-b9c3-c8999d9b1982,2024-12-02,Late,False,1835.9,Credit Card,WEHYGBWG,AGT-2668,58.0,No,31.0
97337f5d-28b4-43ef-a6d3-0d4b3560fb43,2025-02-08,Paid,False,1797.5,Cash,HGLMGB0B,AGT-8822,78.0,Yes,20.0
cbda13d7-b7df-4a5f-a0bb-f880a355400e,2024-05-12,Pending,False,1144.73,UPI,,AGT-3537,80.0,Yes,48.0
0016b7aa-397b-4774-8e79-d2f08a0ff4d6,2025-05-15,,False,938.51,NEFT,WVAOGBZ8,AGT-5587,,Yes,40.0
bbe4e9cb-5a4c-4f7d-b613-760544b8a551,2023-09-11,Paid,False,565.6,Credit Card,EFVUGB5J,AGT-5887,17.0,Yes,25.0
2b5f8d9e-7997-4790-942f-59ba392edbe2,2024-04-14,Pending,False,718.04,Credit Card,UXNMGBO0,AGT-2226,41.0,No,13.0
bbc6593b-b4cf-4157-8962-234c290875fc,2023-10-25,Missed,True,1540.85,UPI,KGGWGBRN,AGT-0712,29.0,No,15.0
9a6e493c-973a-478a-9133-a7cae82f78db,2024-03-21,Paid,False,1851.25,UPI,KLVUGBSS,AGT-8588,82.0,Yes,44.0
0a16f8fd-6b3d-46a4-8519-b7e8f986baae,2023-10-04,Pending,False,1130.33,UPI,QBJOGB32,AGT-1067,34.0,Yes,59.0
8b778a51-8606-4146-b739-2b3f25a5011e,2024-05-23,Paid,False,1691.61,NEFT,UTAQGBUW,AGT-3849,50.0,Yes,32.0
1fa0fb48-c11a-405f-9ffc-82c8cb53e4c8,2023-10-31,Pending,False,1400.31,Credit Card,PUNCGBOU,AGT-7290,50.0,No,59.0
328367ba-1f46-4bc2-8481-da58b1d17f4b,2024-07-27,Pending,False,1927.75,Cash,NVRVGBTB,AGT-2643,45.0,Yes,52.0
f18964e4-6563-476e-a80a-30c6f220b36e,2024-07-15,Missed,True,1827.54,Credit Card,NRPFGB2O,AGT-3118,8.0,No,34.0
56238c67-cd5f-4ee6-80cd-5a3127ff2887,2023-12-07,Pending,False,318.05,NEFT,PCNQGBJO,AGT-5831,65.0,Yes,2.0
f9e2d1a1-9bc5-41a5-9349-66c280d02bea,2025-03-16,Pending,False,1667.09,Cash,PJNGGB6J,,50.0,Yes,6.0
7dc442b6-3400-4688-8b12-c5760f065fff,2025-06-20,Pending,False,1342.96,Credit Card,EMVZGBJ5,AGT-5155,17.0,No,3.0
5bf6482f-77c6-44d4-b9fd-67218f41393b,2025-02-02,Pending,False,338.61,NEFT,MXDXGBFL,AGT-1850,55.0,Yes,41.0
8246bcb9-9661-40fb-8387-2096099784b9,2023-12-05,Paid,False,1132.79,Cash,CCMQGBQ6,AGT-8520,,Yes,56.0
,2024-09-22,Missed,True,1556.43,Cash,SUJYGBNG,AGT-9923,30.0,Yes,8.0
70cf00ec-deba-446c-bb0e-7d5d2704fef6,2023-10-29,Pending,False,109.32,Cash,IVOTGBR4,AGT-9909,88.0,Yes,29.0
e9aabfd8-0149-49dd-965d-3d6deed7789f,,Late,False,663.1,UPI,OJRQGBDX,AGT-8476,,No,33.0
4a08c46e-e2a4-40d7-90c3-695f30a07dfd,2025-01-05,Paid,False,366.33,Credit Card,QNCGGB5E,AGT-7415,24.0,Yes,10.0
e81228b0-155b-47a6-abb7-f0395e32591a,2025-05-25,Pending,False,1865.13,Credit Card,JHXKGBN2,AGT-0691,86.0,No,36.0
0f5e4883-ed9f-4603-bbfe-8ea53792414a,2024-01-31,Late,False,1744.18,Credit Card,CZNTGB52,AGT-2858,17.0,No,56.0
34adc901-53b5-47a4-a084-15a853916562,2024-06-01,Pending,False,570.88,UPI,CUKKGBOJ,AGT-4861,36.0,No,51.0
3b19eb96-079f-4fc7-bf18-a2761a141702,2024-02-04,Pending,False,128.83,Cash,FEZZGBF6,AGT-7568,38.0,Yes,55.0
e91164f3-57d6-4811-8d27-eaa67aa5492d,2024-03-19,Missed,True,287.72,UPI,PORHGBB8,AGT-0413,4.0,Yes,52.0
c26f047b-f61c-4ec9-ad68-7f11e2c90967,2024-02-28,Pending,False,371.9,Credit Card,GFYPGB27,AGT-1501,3.0,No,48.0
10749fbb-e191-440f-bfdd-588a95473b79,2024-01-29,Paid,False,1031.2,NEFT,IBYIGBYW,AGT-7806,76.0,No,27.0
268e7c04-de52-46fe-9981-dc121edff292,2025-03-05,Missed,True,247.12,Cash,WVUNGBIZ,AGT-0976,83.0,No,54.0
da7dd6f0-849b-4612-9982-cadd22e52645,2023-09-22,Paid,False,259.97,NEFT,QYPVGBIG,AGT-2569,47.0,No,22.0
7a3f9bf6-1bd5-4815-aa70-e5f2fec0e834,2023-08-27,Pending,False,1525.89,UPI,UMMLGB5I,AGT-9113,76.0,Yes,42.0
e5aea2e5-a423-42dc-bfcf-f92eba85cc93,2025-07-04,Paid,False,1607.68,Cash,KWIDGBWP,AGT-6383,61.0,Yes,
d2b8587e-e14c-449f-af08-d1b37d4099a3,2025-03-25,Pending,False,,UPI,SDGZGBZH,AGT-8300,54.0,Yes,25.0
6362fc67-6802-4404-b2e0-a51d3739ebd9,2024-01-12,Pending,False,295.68,Cash,IMUMGBRH,AGT-9192,,No,36.0
56b56ab3-315d-458c-bbf0-6d979782e713,2024-08-18,Paid,False,1533.03,,PHMDGB9M,AGT-0198,51.0,No,34.0
e68bf00a-299f-4c40-9748-01f1c2f8aa41,2025-07-01,Missed,True,835.24,NEFT,VBHAGBXN,AGT-5359,21.0,No,56.0
de12f6f3-a882-49ab-9515-1bedba7f2749,2024-11-20,Missed,True,1536.93,NEFT,YCJBGBPG,AGT-7453,34.0,No,6.0
8057939e-0661-4f0c-9ec5-4be340d33532,2024-03-19,Late,False,292.95,UPI,IEIBGBRC,AGT-5544,10.0,No,2.0
85719166-835e-42d8-9fe5-265b29fd9ec6,2023-10-01,Late,False,,NEFT,PMOSGBME,AGT-6579,67.0,Yes,51.0
278a5ef9-ffe1-4335-b435-118356db7861,2024-10-17,Missed,True,538.25,Credit Card,JFZIGBQB,AGT-4595,5.0,Yes,
61824cf5-e28e-412e-9881-3807b3431d4d,2025-03-30,Missed,True,597.46,Credit Card,SIUCGBM1,AGT-1823,65.0,No,26.0
520f5f85-cab5-4134-a37c-0e91060b2f7a,2025-01-14,Pending,False,1733.48,NEFT,HUNNGBV1,AGT-2365,29.0,No,11.0
3cb2d71b-415a-4752-978c-6d7597f1e9c2,2024-11-16,Paid,False,1519.29,Credit Card,AWKPGBRQ,AGT-8658,59.0,Yes,49.0
fffbcce9-25a2-44ed-8be9-4c063647bef6,2024-01-29,Pending,False,624.29,Cash,TASQGBKG,AGT-3110,66.0,No,1.0
b209547c-aabd-4476-8d93-1d19ad6954af,2025-05-10,Late,False,1237.88,Credit Card,ALVPGBMK,AGT-6369,1.0,Yes,16.0
5b3aca5a-de91-460f-869b-b6b8d79623b7,2024-06-09,Missed,True,1832.31,NEFT,PQTRGBWF,AGT-0501,66.0,Yes,11.0
1229d71b-fb4c-412f-bc22-3202a9c48a3d,2024-11-23,,False,1061.76,UPI,NETSGB2U,AGT-4922,6.0,Yes,45.0
6162a80a-84d9-4805-a906-b05332cf8de3,2023-10-03,Late,False,1488.75,Credit Card,JOMNGB2Q,AGT-2563,22.0,No,20.0
03bb6bcb-8390-49fd-9aba-b5ea8c596ccd,2023-10-01,Paid,False,794.96,UPI,DNZUGBLS,AGT-5432,79.0,No,57.0
914d841b-ba78-4954-a17c-933f6e6bdfb2,2024-03-30,Pending,False,514.2,Cash,RTFJGBZ5,AGT-5160,89.0,Yes,45.0
c02ef3cf-501f-43df-a54e-54b4fe901033,2025-01-08,Late,False,340.23,Credit Card,HOBKGBV0,AGT-2519,5.0,No,59.0
9fbfbeaf-c7d2-4b16-9354-a74686eb7b0e,2025-01-24,Late,False,1141.59,NEFT,FATXGBQM,AGT-3548,,No,1.0
1b17ed7f-eda9-4a89-96ad-df80214b67bb,2025-02-08,Paid,False,1886.55,Credit Card,KEFUGBMQ,AGT-5765,16.0,,8.0
b779bdaa-8320-47c9-8d5a-00c4bb049907,2023-08-31,Paid,False,1183.19,Cash,BRKDGB69,AGT-2057,54.0,No,29.0
4300de5a-b996-42c0-aa78-d05ebae4073e,2023-10-17,Paid,False,1021.1,Credit Card,MSGQGBDB,AGT-6419,10.0,No,24.0
e3b5a305-49c2-479d-b575-d54dd4480c6e,2024-03-16,Pending,False,,Credit Card,,AGT-9676,11.0,No,8.0
6b47d8c3-7dd6-47c0-92a1-84c909b3288a,,Late,False,1164.14,Credit Card,QTWCGB5E,,73.0,Yes,39.0
b416ea60-9d84-4d48-922b-45f36b336efc,2025-04-20,Missed,,1946.6,UPI,WXNHGB0C,AGT-3874,41.0,,3.0
8ed86aa4-dfdd-464f-a126-451090097f7a,2023-10-30,Paid,False,284.86,Credit Card,KAHLGBK7,AGT-9681,48.0,No,8.0
9aa59f65-c299-4f39-9bda-33c404fbff6a,2024-10-11,Missed,True,1695.38,Cash,UBTGGB1V,AGT-8216,71.0,Yes,8.0
e195895c-fe5a-4e18-9908-ffb36bee4555,2023-12-10,Late,False,420.0,NEFT,TABJGBWI,AGT-5099,47.0,No,25.0
40102e59-ecb8-417c-b1a0-bd3a995952b9,2024-03-01,Late,False,415.27,Cash,PERZGBJ7,AGT-2839,13.0,No,44.0
9511260c-6355-4dbe-b764-1ca6e5642dc5,2023-08-23,Paid,False,812.39,UPI,USTQGBXC,AGT-3328,64.0,,23.0
e90957ec-ce7e-49fe-bb1a-72d144ddac0f,2025-07-17,Paid,False,356.28,UPI,DISIGB3N,AGT-1590,45.0,Yes,14.0
6338229b-42a7-4e13-82e8-a4959f7eccf5,2024-05-22,,True,311.08,NEFT,XVIBGBS1,AGT-5850,13.0,No,2.0
7ef02a86-89ab-40dd-82e1-e9fc40d15167,2024-05-26,Late,False,1915.41,,OJCMGB46,AGT-9238,21.0,No,17.0
,2024-01-04,,True,781.51,Credit Card,UGVPGBBW,AGT-5106,70.0,No,19.0
80baa1c1-8a97-4cc9-abf9-2f8e12318ba9,2023-11-01,Missed,True,761.54,Cash,JVPTGB0V,AGT-8368,22.0,Yes,31.0
deaa00b4-f77d-4f4c-8b3f-26bfc04cdb3c,2024-02-03,Late,False,1643.08,UPI,NSZQGB07,AGT-5030,2.0,No,34.0
6ac69659-b2dd-4a69-8509-29c16048a2af,2024-06-01,Paid,False,1829.14,Cash,GXHQGB9L,AGT-4202,40.0,Yes,50.0
c4c12652-9da4-4666-81ed-ad41c23eeb92,2023-12-01,Pending,False,1765.36,Cash,STBYGBMD,AGT-0689,53.0,No,12.0
4afda91a-ee40-48fc-91c2-23f97af9663f,2024-02-02,Paid,False,1001.62,Cash,ZQCWGB73,AGT-2394,83.0,No,31.0
f835c0e4-c443-4686-b925-9ccde05108e3,2023-11-11,Missed,True,1117.29,UPI,,AGT-8457,77.0,Yes,47.0
dae9d882-c006-4e3e-8b86-4eeeab156ca4,2024-08-30,Missed,True,1715.97,Credit Card,LXXXGBG7,AGT-3807,63.0,No,19.0
f4639f51-fc67-4f06-8a07-92774aa1b7e3,2025-02-28,Late,False,510.38,Credit Card,RSLNGB15,,34.0,No,42.0
b60a2b6a-0c45-4c7d-8ee9-ef279c4da831,2024-01-04,Paid,False,1550.34,NEFT,BAPTGBH1,AGT-4198,53.0,Yes,13.0
c18f8734-3cf6-4f6f-b5fb-ea7d9eb24708,2025-03-10,Pending,False,562.04,Credit Card,RLRAGBKW,AGT-7497,44.0,No,30.0
9393c41b-8ef0-415c-98d2-a154818619e4,2023-09-16,Paid,False,,Cash,LTBNGBVR,AGT-3624,65.0,No,13.0
8b3df5b0-f321-46a1-84cb-33f795ad98d1,2025-07-17,Late,False,656.28,Credit Card,RCZEGBYW,AGT-1898,55.0,Yes,46.0
a0c93c8e-03b8-4b63-b56f-4b408905d547,2023-08-31,Pending,False,1820.52,Cash,JPRTGBGL,AGT-9923,79.0,Yes,39.0
d4c92c4f-d365-4332-bc81-666a1a7fe024,2023-09-07,Missed,True,,UPI,NEZZGBDO,AGT-8568,45.0,No,56.0
ca73b20b-7d02-4eb4-bfae-45a8ae18d06b,,Paid,False,156.14,UPI,EJPUGBBZ,AGT-7844,83.0,No,36.0
89bbe5a7-12bc-493d-8818-ee4d2b6d8547,2023-11-30,Missed,True,1444.55,NEFT,TNSGGBFH,AGT-7436,8.0,No,40.0
bf85c346-ad44-44b3-a85f-04971b1c7cc4,2025-02-22,Late,False,1233.5,Credit Card,YORQGBOH,AGT-6855,45.0,Yes,39.0
,2024-07-26,Late,False,1836.84,NEFT,WQKUGB5R,AGT-5749,15.0,No,36.0
a6f54b5b-d386-428a-9ab8-974a62cb1988,2023-10-28,Paid,False,306.88,NEFT,CXOHGBK7,AGT-6404,78.0,Yes,56.0
,2024-03-08,Paid,False,1180.01,,TYNTGBBR,AGT-3667,39.0,Yes,42.0
9fd00a81-3a5f-42d0-8940-f026dd9c4fea,2025-05-04,Missed,True,913.77,Cash,WCOSGB2M,AGT-1979,64.0,No,56.0
4fc126b4-e04b-4547-87e7-6922d26e584a,2025-07-11,Missed,True,272.39,Cash,GUFTGBMM,AGT-0520,19.0,Yes,18.0
13885c77-f095-4c48-9790-2d40f81b52ad,,Missed,True,205.76,Cash,AXYJGBB4,AGT-3808,4.0,Yes,8.0
87a6f07e-0ae9-4ee5-abbd-f555ce437cd1,2025-04-21,Missed,True,,Credit Card,FYRSGBRF,AGT-1081,16.0,No,33.0
f1ba42a4-0a15-42bf-8060-12028002ca54,2023-12-31,Pending,False,1182.09,NEFT,HSWNGBQA,AGT-0956,,Yes,19.0
a997173d-d8c7-428f-9c48-e01833e38cd5,2024-03-06,Pending,False,1458.43,Cash,SRKNGBI4,AGT-9707,52.0,No,26.0
8dd92c16-2c89-48e3-a9e7-a380eb90270b,2024-02-23,Pending,False,104.52,UPI,XKSTGBZJ,,66.0,,19.0
d71ddb79-75cc-4cf2-86b0-65267ebc5ebc,2024-02-29,Missed,,1913.26,Cash,MUARGBY4,AGT-3694,,No,20.0
d93d5bee-a993-49a0-8dfc-f7559c029234,2024-06-24,Paid,False,455.59,UPI,GLOUGBEI,AGT-8172,,Yes,28.0
a18e2c81-690f-45b2-891c-f3ce496db396,2024-02-12,Paid,False,1970.89,NEFT,GNGUGB7K,AGT-5713,64.0,,14.0
742ee50f-bbf2-4c19-9395-7c662703acb7,2023-10-15,Paid,False,189.95,Cash,AVIVGBV4,AGT-2020,27.0,Yes,
db529efe-965e-4c3d-8913-df6beef523b3,2024-09-28,Missed,True,1422.32,Credit Card,UGGYGBOB,AGT-4312,53.0,Yes,27.0
4bba1180-f7d0-469b-b5e1-f57f1f32032f,2024-11-18,Late,False,307.64,Cash,IRAFGBF0,AGT-3590,50.0,No,29.0
1e636091-7282-478d-a893-438c1b17c8cc,2025-04-30,Missed,True,1843.93,Credit Card,TGBUGBYW,AGT-8185,46.0,No,51.0
eb1258de-5758-4fd2-86c3-859fdb349ca0,2023-10-07,Paid,False,1883.11,Cash,JLWUGBZV,AGT-2354,41.0,Yes,19.0
1b4bb93d-07f3-4945-81f4-6c394be8c856,2024-05-02,Paid,False,1865.54,Cash,ZJONGBQB,AGT-3044,8.0,No,44.0
,2024-03-31,Missed,True,237.96,Credit Card,MEIVGB2O,AGT-8488,56.0,No,11.0
,2024-07-26,Late,False,349.15,Credit Card,AJAZGBDS,AGT-5510,16.0,Yes,29.0
488f8098-ea3b-49e9-bb6e-4a683ce618e7,2024-04-15,Paid,False,1854.06,Cash,LKWSGBDL,AGT-4459,49.0,No,45.0
7c4b0039-c1b0-4054-bc87-24b149f4c931,2024-03-24,Missed,True,293.47,Credit Card,XZZAGBM2,AGT-6445,50.0,Yes,33.0
32e53970-29f4-44c9-9658-79113761aa69,2023-11-24,,False,759.4,UPI,KVJNGB8J,AGT-8580,42.0,,6.0
a49c3f35-ba29-4c6e-923c-d61cc0b9f427,2024-08-20,Late,False,263.03,Credit Card,PZUGGBMD,AGT-9193,46.0,No,9.0
74746d12-155a-4514-b347-5310335eed36,2025-07-05,Paid,False,322.05,NEFT,HXAZGB54,AGT-5401,18.0,No,23.0
72bc59bc-5167-4264-86eb-8f475dde98d4,2024-11-24,Missed,True,342.74,UPI,XYOFGBFZ,AGT-4512,,Yes,17.0
69eaed60-28f8-4a5b-a7db-9230d798dd02,2025-03-06,Missed,True,235.21,NEFT,OSOIGB5Y,AGT-6808,22.0,Yes,55.0
7a15e8f0-3544-4816-9f15-4ecfa62aaa6d,2023-08-13,Paid,False,1647.53,Cash,AXQVGB3O,AGT-4019,65.0,No,13.0
51915e5d-cd7d-4118-8ed5-9573c69ab3f9,2024-11-29,Pending,False,1612.5,NEFT,ZEGDGBZH,AGT-8165,1.0,No,50.0
5b193f57-03cb-46da-abc6-844af2bc927d,2025-01-27,Pending,False,1430.84,UPI,VXHVGBRK,,76.0,Yes,6.0
9bf42e91-6c2d-4b08-8374-dff6c1eb875d,2024-03-24,Late,False,498.11,Cash,HXIMGB9T,AGT-1600,39.0,No,5.0
0382de2e-df45-46fc-9753-a2eccd02b82e,2024-10-14,Late,False,1585.29,Credit Card,KGSQGBGE,AGT-6939,67.0,No,25.0
2e763940-a930-4c52-bc6a-b2fe4614ad67,2024-05-02,Missed,True,969.05,Credit Card,RDYOGBWB,AGT-5841,17.0,,40.0
706ee280-1ade-46f5-a253-32653c6ec7ea,2023-12-26,Pending,False,1902.56,UPI,RSVTGB1A,AGT-7828,19.0,Yes,53.0
bebe55c3-8e11-41b0-a076-00b1296fde66,2023-08-16,Late,False,1483.73,Credit Card,CMNXGBSE,AGT-0637,56.0,Yes,16.0
c742aa7c-425b-48bb-91ac-a63076c7d813,2025-07-16,Late,False,770.84,Cash,JMSAGBWA,AGT-4724,73.0,Yes,
446ee4ee-a791-40b3-98b8-8ab0bfcf5ab7,2024-08-25,Missed,True,1871.18,UPI,OEBEGB9Y,AGT-6466,71.0,Yes,34.0
e056dce8-77fa-4efd-9b80-6cb84c578753,2024-09-20,Paid,,596.95,Credit Card,BTRBGBI1,AGT-0043,77.0,Yes,14.0
04eaf890-9f54-451c-9ecf-f40776e8e99b,2023-07-25,Pending,,122.14,NEFT,NUSZGBJS,AGT-1579,,Yes,30.0
6a898875-6adc-491a-9d06-ecd2177b41e8,2024-10-30,Late,False,817.21,Credit Card,,AGT-3783,36.0,Yes,52.0
afb9b0a1-2c1b-4978-a9d5-ae5fe54a76e8,2025-05-08,Missed,True,967.55,,RUICGBEN,AGT-0572,60.0,Yes,43.0
e6e4266c-a78a-4bd2-b4d4-848e73b89e3e,2023-08-30,Late,False,1316.38,UPI,RSZEGBFL,,,Yes,31.0
c24c3a60-6684-4d18-8e64-bfb4f8b19296,2024-09-19,Paid,False,919.0,NEFT,,AGT-1052,26.0,No,23.0
5a57d67a-32c8-4494-b059-d511d0098319,2023-08-15,Late,False,1353.11,NEFT,PZHNGBQ7,AGT-5418,,Yes,14.0
6a895406-3752-4ba1-8c70-773feef8c142,2024-11-28,Missed,True,960.1,UPI,,AGT-4537,1.0,No,37.0
dfb381ca-880e-43a2-8cc3-e743d2df3f2e,2024-11-06,Pending,False,1779.53,UPI,OOZAGBB8,AGT-0088,15.0,Yes,30.0
0f4c2fca-88bc-453e-9d6b-fc667a360272,2024-01-24,Pending,False,1388.13,Credit Card,TVHKGBDF,AGT-8299,48.0,No,11.0
48c3e61a-70b8-4ad9-98e6-5188769f8087,2024-06-25,Pending,False,,UPI,ZZWYGBW1,AGT-0278,5.0,No,
1d9c77f7-f586-49c6-b758-4a9e867b4800,2023-09-26,Late,False,1982.93,Cash,JJJLGBKE,AGT-4041,58.0,,50.0
fae5fc3a-a22f-476b-bd6b-ad5f10fd2269,2025-06-24,Missed,True,200.78,NEFT,FHEEGBGJ,AGT-8620,44.0,No,50.0
059d6288-aa32-4db0-a372-ba7dbbd45f3e,,Pending,False,1539.59,Credit Card,TLAXGBIZ,AGT-8817,50.0,No,49.0
d47299ec-bb6b-46e9-8b9e-4ee305de6de8,2024-06-13,Pending,False,767.34,UPI,QROEGB63,AGT-8040,42.0,No,3.0
83fa21c6-5e86-4638-a132-41aa7d190309,2023-09-13,Late,False,208.24,Credit Card,JLJZGB8O,AGT-3806,6.0,No,36.0
9b3f0439-ca71-4cc8-9802-5a0d20e05ba5,2025-01-08,Paid,False,1222.79,Cash,YNNOGB37,AGT-2091,80.0,Yes,50.0
c1e9df23-cf4b-49fc-a565-7484b7026e55,2023-08-08,Paid,False,1826.86,Cash,TIYUGB1K,AGT-2169,,Yes,55.0
4068d7e4-2374-4570-b6e0-f3bbf45d3dca,2024-08-04,Late,False,1020.11,Credit Card,FKYRGBSM,AGT-3891,69.0,Yes,15.0
114105db-455c-4a12-83e0-b012eb25304a,2025-01-22,Missed,True,,NEFT,,AGT-2496,76.0,No,57.0
6df13121-576f-42db-acf9-6260439e4fe0,2025-01-06,,False,665.04,NEFT,GEQSGBA2,AGT-8922,29.0,No,56.0
686563fd-054f-4008-8ffe-b8c7e4445c94,2024-05-24,Paid,False,324.56,UPI,HPENGBP1,AGT-1460,56.0,Yes,57.0
c578c1d5-013e-4bd9-84b1-acb38c9efa4e,2023-10-13,Paid,False,361.13,Cash,NIOQGB68,AGT-5323,83.0,Yes,47.0
975ea213-2037-4806-8ea2-5b38edc5250e,2024-12-20,Paid,False,1821.08,Credit Card,IARQGBV1,AGT-5291,55.0,Yes,
d162facd-3fc9-47e5-b1c8-1b9115be2fda,2024-06-14,Missed,True,804.24,NEFT,SAYAGBDK,AGT-5674,42.0,Yes,54.0
a1c0e43f-8430-42d4-9335-9d9b1b06e156,2025-06-27,Missed,True,1684.4,Cash,CQJYGB8T,AGT-6492,4.0,,22.0
4881dc01-ae86-4ed2-a47e-01a1ebbd674e,2024-08-17,Pending,False,1550.12,Credit Card,,AGT-0392,44.0,No,57.0
36a66afb-3ff9-4e95-a805-f2629b648fca,2025-01-17,Pending,False,1321.78,Credit Card,DDVBGBRU,AGT-9796,76.0,,2.0
03850b24-4b3b-4c7d-8924-4d18fcc98db2,,Pending,False,749.6,Cash,FQGDGBJD,AGT-1959,74.0,Yes,33.0
8a115425-9a30-415f-a046-3ef33b1a5d0a,2024-03-29,Paid,False,637.92,UPI,ASBIGBMZ,AGT-2791,5.0,Yes,43.0
e3a9fb07-bb61-4ddd-9035-d6006c500e9a,2024-11-02,Paid,False,,Credit Card,IHGVGBKY,,18.0,Yes,26.0
badc4cb4-0b02-488b-8135-5a8cc2812b49,2024-05-02,Pending,False,209.21,Credit Card,JBOMGBW6,AGT-7570,44.0,Yes,24.0
1c11f29a-742e-490f-a1a4-de48e66c9d02,2025-04-08,Missed,True,901.86,Cash,GINQGB7T,AGT-0172,65.0,No,
aa5fadcb-20f5-4bf3-9977-333c2fb86ada,2025-01-02,Late,False,920.13,,CQIMGBHM,AGT-0417,52.0,No,34.0
4c2ee28d-b4bf-486b-89c3-a1e60cbf1bea,2023-12-13,,False,1346.37,UPI,OEOOGBEI,AGT-4864,73.0,Yes,14.0
53edcec2-7f55-4e57-998b-21e333482674,2024-03-06,Late,False,1427.5,NEFT,LEWZGB2O,AGT-0030,88.0,No,45.0
d384eb12-bd9c-4558-9cf7-934e98e6735b,2023-12-05,Paid,False,357.27,Credit Card,OHXDGBUP,AGT-4416,57.0,Yes,22.0
73a44930-f079-4d60-8238-ee101b8d0a28,2024-06-21,Paid,False,1085.52,UPI,MEDUGBP6,AGT-2364,39.0,Yes,49.0
7dab5157-2019-4d9b-8c16-350ec1214c0e,2024-11-18,Late,False,751.12,Credit Card,LMIWGBOH,AGT-9922,60.0,Yes,55.0
ae3202da-b6fe-47e8-9920-940bfc8db19a,2023-12-11,Late,False,1090.85,NEFT,LRSCGB31,AGT-1909,59.0,Yes,50.0
aaf3e960-d7cd-4be1-b91e-6397d18b2d5d,2023-12-15,Late,False,348.96,Cash,SUKGGBQV,AGT-7422,68.0,Yes,1.0
,,Pending,False,1846.87,Cash,WUFGGB0T,AGT-7543,11.0,No,23.0
137e4ac2-15b9-40ad-9f91-364d801254c4,2023-09-19,,False,825.33,UPI,ROTLGB09,AGT-6585,71.0,No,22.0
b2d65a5a-d9bf-4fa8-a123-41201320648a,2024-12-10,Missed,True,,Credit Card,KUNBGBDL,AGT-2375,55.0,No,5.0
,2024-05-21,Missed,True,452.7,NEFT,EZGEGBLB,AGT-7397,76.0,No,26.0
3a60a9ba-abf4-417b-a065-97cdf21a2f87,2025-07-03,Missed,True,1763.46,Credit Card,YBYWGBWE,AGT-6707,3.0,Yes,23.0
fe8e6057-d339-4151-9c55-eb593ab3b35f,2025-03-31,Late,False,1184.61,UPI,EQDGGBOO,AGT-1535,37.0,Yes,40.0
ad5da02d-cea8-419b-8201-2409356498ce,2024-09-07,Late,False,1569.46,NEFT,OVIMGBYA,AGT-6331,25.0,No,51.0
19f8c1af-6cd5-4093-92d8-ba5e6cb54f3b,2024-01-31,Pending,False,1054.49,Cash,KWZBGB8E,AGT-3962,71.0,Yes,4.0
5f9856c0-a685-4505-8d34-65defb1cbedd,2024-12-18,Pending,False,337.54,Cash,RURTGBJ4,AGT-7442,6.0,Yes,33.0
d4bb0342-cd7c-4205-823f-e37fcbd1ccbd,2025-03-25,Pending,False,871.23,Cash,GMQHGBGY,AGT-9446,31.0,Yes,58.0
05c9dd51-a280-471a-b65c-48f4c7068266,2023-09-14,Missed,True,1488.67,UPI,CWCTGB32,AGT-1993,5.0,No,45.0
c9964a16-f794-45d6-ae0c-beb63ba48dc0,2024-08-07,Late,False,689.09,UPI,AHXAGBXZ,,16.0,,59.0
0be0d569-daa1-419f-8a67-534a41c9de67,2025-01-01,Pending,False,,Cash,BQMIGBRB,AGT-5928,20.0,Yes,
23adefd2-da36-488d-a26e-35532fc30545,2024-04-06,Late,False,1297.55,NEFT,KLIHGB96,AGT-1870,51.0,No,6.0
e229eb6c-ed5e-454b-a781-a17df80ff056,2024-09-22,Missed,True,1461.74,Credit Card,GHTQGBSJ,AGT-8830,45.0,Yes,44.0
e64dc6d2-3352-4db1-9dcc-f5d9724e36dd,2024-06-12,Late,False,1859.37,Credit Card,PAZLGBUV,AGT-4803,79.0,Yes,1.0
33a0a025-65e0-44c1-ad6f-ade3f127545b,2025-01-14,Missed,True,419.74,UPI,UBFJGB57,AGT-4408,5.0,Yes,59.0
e1e7f047-aaf0-48a2-86ab-57c54f291990,2024-10-02,,True,232.32,NEFT,PBPHGBWF,AGT-0109,31.0,No,55.0
4dce01c4-7eae-457e-8914-c190942759ae,2024-12-01,Paid,False,1445.47,UPI,VIPTGBH3,AGT-0411,14.0,No,
302546e8-50f1-42b6-bbcf-0f21b96ac718,2023-09-12,,False,362.96,UPI,,AGT-0318,0.0,No,44.0
01d62bc8-cd47-45f2-aff5-5106e1f2ef6e,2025-05-22,Late,False,1188.89,NEFT,RDGUGBND,AGT-6591,65.0,No,10.0
7fc7b325-4cb9-4187-8fce-42438ff58f4f,2025-05-13,Pending,False,1365.24,NEFT,IEBGGBJC,AGT-9399,23.0,Yes,22.0
3084530c-76d4-4616-944b-20808bff2fa0,2024-02-20,Pending,False,196.82,Cash,JNMZGBS9,AGT-0479,26.0,Yes,6.0
4da95a66-645a-401d-9758-fd714372b161,2024-12-29,Paid,,1522.09,UPI,ECZAGB59,AGT-6531,6.0,No,25.0
34b83c37-b65f-4977-ad7f-f971b11bd611,2023-12-27,Missed,True,1956.47,UPI,TLDVGBLJ,AGT-5190,,Yes,8.0
c358b664-67cc-4e84-b868-f7640ce43827,2023-09-05,Pending,False,758.31,NEFT,WHQNGBKT,AGT-8366,75.0,No,40.0
4be964e2-8f5b-451c-95d4-3d9c4fab7ea8,2024-04-09,Paid,,1331.28,Credit Card,JWJJGB25,AGT-6555,54.0,Yes,
66ae6ccc-e9e5-44f8-a71e-b2adf5b61fb3,2025-05-17,Pending,False,480.89,NEFT,,AGT-9005,7.0,No,19.0
3449d718-fb3c-4b27-b3c6-297dc1ec1d1f,2024-12-22,,False,1411.8,UPI,HNDGGBSB,AGT-6451,55.0,Yes,13.0
1650e98e-0856-4858-9af4-379aa0038e0e,2024-08-23,Paid,False,1287.68,UPI,KGIYGB9F,,23.0,Yes,20.0
76882719-87f2-44dd-b2ec-3b57b26539bc,2025-06-11,,False,232.34,Credit Card,VBCKGB6Z,AGT-8504,66.0,Yes,14.0
7dfb19d7-834a-4297-80b9-c30d85243ebb,2025-05-29,Late,False,477.8,Cash,JJCCGBEP,AGT-8046,83.0,Yes,11.0
5907b9a3-2464-4018-a9ee-3a3a53f673d6,2024-03-17,Missed,True,1017.46,NEFT,DJAUGBMR,AGT-0342,31.0,Yes,16.0
837534ae-b9c4-4371-92af-f99a90470563,,,False,958.95,Cash,IDHOGBDD,AGT-7380,42.0,No,59.0
9063b72a-ab23-4f56-b24d-549477c3ca10,2024-04-12,Pending,False,1558.09,Cash,KMFFGB0U,AGT-9253,51.0,No,5.0
7ac214b2-90bc-4986-9e74-b562ea1f62e0,2025-05-07,Missed,True,764.99,Credit Card,EUDNGBQR,AGT-7435,76.0,No,4.0
0f39b5c8-91f4-4466-8daf-9adf4eb516f4,2025-01-21,Paid,False,422.07,Credit Card,PLWQGBC6,AGT-8056,63.0,,31.0
9b4131b4-7f9b-4401-bf41-accd736257d5,2025-07-08,Missed,True,371.97,NEFT,GZGCGBKL,AGT-1791,25.0,No,50.0
36e8bffe-2d90-4643-b6e8-ec28ac006593,2025-03-02,Pending,False,1973.2,NEFT,EYWFGBOS,AGT-6969,65.0,No,40.0
4b58ae8c-fa87-45c1-bda5-da790ab58cd9,2024-06-14,Paid,False,1215.46,Credit Card,JTCEGBFJ,AGT-5021,67.0,Yes,
e73075ff-7d70-4c89-8e7d-dd6d7871baca,2024-03-27,Missed,True,743.58,UPI,WOYXGBXJ,AGT-9712,23.0,Yes,50.0
770e0cde-7e59-4458-bf06-79aca50b7a7b,2023-07-26,Paid,,775.96,UPI,PNNOGB2G,AGT-8078,63.0,No,38.0
986f9dd6-068b-49be-b829-49b6daa9fe36,2024-12-18,Late,False,497.73,NEFT,UUAWGBR0,AGT-0987,9.0,Yes,8.0
94586d85-3924-46da-b0a3-c9af200e55d4,2024-05-08,Paid,,,Cash,GLUFGBN6,AGT-8691,57.0,No,4.0
ed9625f2-985c-436d-840b-6b91d0b3c665,2025-03-11,Late,False,1205.36,UPI,QAHZGBKL,AGT-8946,36.0,,29.0
7a4e7395-4ef1-48cf-af62-454a9b5e6df1,2024-05-24,Missed,True,384.68,Credit Card,WPIZGB06,AGT-9665,3.0,No,43.0
,2025-04-21,Paid,False,165.59,Cash,BRMCGB8N,AGT-4607,16.0,No,18.0
f3bb1b2e-55ff-4ada-9cea-ca6a870059f5,2025-06-16,Pending,False,1142.72,,GAEKGBMM,AGT-3322,32.0,Yes,27.0
5e810b57-60d2-44fd-a3d7-f16ca6dc5b78,2024-09-07,Missed,True,1724.19,Cash,HGXIGBPY,AGT-4324,,No,37.0
0bcb1266-b280-4237-9cc3-8032a443fba3,2024-06-25,Missed,True,225.18,NEFT,SVSWGBAA,,31.0,No,7.0
,2025-04-23,Paid,False,1034.8,NEFT,KSCHGBP3,AGT-5531,26.0,Yes,6.0
6f2267bd-8dc2-481a-bc8f-82df0461676c,2024-03-23,Pending,False,470.65,Cash,QWRHGB0R,AGT-9036,74.0,No,
594fcc5a-8435-40d2-8e56-6da1fb407ceb,,Paid,False,1881.87,UPI,EERAGB1H,AGT-5925,50.0,No,25.0
b3d41a27-0877-495e-9e3c-241b34728e46,2025-01-26,Pending,False,884.13,NEFT,TZUQGBSJ,AGT-4137,45.0,No,49.0
04174bc2-0926-45ee-8845-375b2f78932e,2024-01-07,Missed,True,864.2,NEFT,XSYFGBAE,AGT-7053,79.0,No,32.0
751d1dab-281f-4e42-bb36-1c5140a045e0,2024-12-17,Late,False,1445.5,NEFT,NPVSGBG0,AGT-8610,48.0,Yes,10.0
324d28d3-9916-4535-bf1d-1b10433b880d,2023-09-09,Missed,True,1140.44,UPI,MFIYGBAV,AGT-2529,46.0,No,8.0
da6ba162-210e-4416-bd30-36f4a43c3e04,2025-01-11,Pending,False,352.64,UPI,GLWZGBPL,AGT-3660,79.0,,54.0
f4e6e363-9035-427e-81de-e23b98048dbc,2023-08-01,Paid,False,,UPI,JBJWGBSK,AGT-3377,36.0,Yes,35.0
c78dc710-6792-4f94-b5c1-e524637bb43d,2024-12-27,Pending,False,1276.24,Credit Card,OAMKGBJG,AGT-2635,67.0,Yes,39.0
05740a24-9f4a-4687-b371-73491a8d0135,2025-01-04,Paid,False,634.71,Credit Card,EVYKGBSF,AGT-1662,21.0,Yes,22.0
4654e027-626b-415f-a9f4-55793a7efe3b,2025-03-10,Paid,False,557.49,Cash,GPBHGBHH,,74.0,Yes,28.0
0013893f-a916-4f12-87c8-4e8766c004a7,,Late,False,1083.55,Credit Card,GANGGB7G,AGT-8375,1.0,No,43.0
a9fba073-d0c9-4617-8312-f614665d30f1,2023-12-28,Late,False,727.21,UPI,JQWIGBRP,AGT-3710,76.0,Yes,49.0
414a45a2-cf65-4cc6-8d21-7de6c6c11243,2024-08-30,Paid,False,1136.11,Cash,KKSQGBMN,AGT-7449,50.0,No,40.0
33a1203d-cae2-49ee-ad79-d5e419cde869,2024-11-08,Missed,True,1149.0,UPI,JOAKGBL6,AGT-8532,84.0,Yes,39.0
c992caca-7e72-4c30-8447-83e16407aa19,2023-08-02,Missed,,329.73,NEFT,YTHXGB0J,AGT-0567,65.0,No,33.0
32710f2b-a255-4970-baa2-5a5e87d0f797,2024-10-17,Late,False,1421.06,NEFT,QHEWGB0H,AGT-1797,64.0,Yes,49.0
b57aa81f-47fb-418c-8cca-5e5e01a142b9,2023-10-03,Missed,True,619.53,Credit Card,EZNRGBQ5,AGT-8662,55.0,Yes,22.0
7e22dad8-7129-4203-87b5-6bd9dcd04b42,2024-11-15,,False,719.88,Cash,QPBMGB3O,AGT-0992,10.0,No,48.0
2b19e637-bd36-4eb0-8121-04f0dd8e047d,2024-07-26,Paid,False,1985.43,NEFT,CQPFGBHK,AGT-1436,86.0,Yes,
1889e7e4-7843-48c8-8fdd-10ed16b387c0,2025-01-03,Late,False,,Credit Card,IKXJGBTB,AGT-8827,1.0,No,37.0
b148657e-e5f1-4dda-a31e-8a5612c5d55e,2024-09-07,Late,False,285.85,Cash,XIWJGB18,AGT-9380,,Yes,9.0
45728e9e-7752-4833-a2ba-c57bdef9722f,2024-02-26,Missed,True,1981.32,NEFT,ZXUMGB83,AGT-6618,12.0,No,45.0
da992aed-62ad-4bfe-a22f-a2a6a0b36ca4,2023-10-26,Missed,True,394.07,Credit Card,DYKJGBO2,AGT-8480,72.0,No,23.0
5939c2e2-d9c0-415b-8abd-9d57ceea54f3,2023-09-19,Late,False,1780.91,NEFT,TODAGB0I,AGT-4084,11.0,Yes,32.0
92186ce9-bfd4-4736-b32b-c270d16d5634,2024-07-13,Pending,False,705.08,Credit Card,SHDAGB5S,AGT-5789,32.0,Yes,35.0
9a26f76a-5e95-4632-bebc-08b6b088ba1c,,Pending,False,609.81,Cash,,AGT-4319,,No,37.0
df386a2f-67bf-4f8c-b2d2-c0c6e4d3cd1d,2024-05-26,Missed,True,640.2,Cash,ITNVGB4Q,AGT-5699,50.0,Yes,28.0
a7a9f1d8-d017-4908-b48c-ae7970181780,2024-11-25,Late,False,344.68,Cash,,AGT-0138,30.0,No,19.0
e9c634a0-5250-4055-98d2-c074a6a63e92,2023-09-23,Pending,False,1526.4,NEFT,,AGT-1065,15.0,No,45.0
d67f73c5-a008-4a64-823b-d16d3abf4e5b,2025-01-05,Paid,False,1992.76,Cash,SRALGBBB,AGT-0007,62.0,No,1.0
cfebae11-c194-4c34-8e36-b31b0d67afa4,2024-12-08,Missed,True,918.57,Cash,BWKXGBXA,,14.0,No,41.0
81931860-2dde-429d-b367-fd6ad3dd0e4e,2023-12-25,Late,False,1002.48,Cash,ACVVGBGW,AGT-4754,55.0,Yes,1.0
cf543c36-31fe-4ab8-8907-02ed2ff4171c,2024-04-04,Paid,False,1436.47,NEFT,NNHJGBM4,AGT-0517,25.0,No,1.0
a816c29b-5f2b-48d1-a1c9-050b104ee4ac,2024-07-20,Pending,False,848.76,Credit Card,JCVPGBL5,AGT-2377,18.0,No,55.0
bbf72ad7-9ba8-4f9b-a14f-7b43ff2075a8,2024-11-22,Late,False,1196.99,Cash,WAQQGBA0,AGT-9027,78.0,No,50.0
671fba4b-f2ab-4e2b-826c-2573a5be2068,2024-07-06,Missed,True,444.92,UPI,JDJXGBL1,AGT-9805,52.0,Yes,33.0
af19f854-7641-4eb4-9424-07cc49f75951,2024-03-01,Paid,False,1073.17,NEFT,,AGT-2760,10.0,Yes,6.0
e4b6f5cc-aeae-40a4-917f-64d0a87635c2,2024-06-04,Missed,True,1027.52,NEFT,HNAYGBKE,AGT-0122,15.0,Yes,15.0
cbd5c2ef-dfda-41a6-b9ec-2ab020522d8a,2023-08-15,Missed,True,920.34,,IKKXGBNG,AGT-5240,87.0,No,3.0
14268849-eee0-48a7-9317-c0b092ad5c2a,2024-09-11,Paid,False,1877.81,Credit Card,GUOEGBA8,AGT-7255,80.0,No,8.0
1827b756-c398-48f7-9fed-6c1c49fbc515,2025-03-08,Missed,True,854.19,Cash,AKDZGBE0,AGT-7557,44.0,Yes,23.0
a10f7f2d-e739-41ab-af17-fa3af05b5ef8,,Pending,False,207.73,NEFT,UAVMGBGK,AGT-2739,87.0,Yes,47.0
7eacf269-44eb-4dab-90cb-07247e262153,,Paid,False,1938.22,NEFT,WWUPGBU3,,70.0,Yes,47.0
254944d6-4dea-482f-a08d-a0c9085739b0,2025-02-19,Missed,True,449.93,UPI,MCEAGB8I,AGT-6178,2.0,Yes,58.0
1f0b56b1-e1f9-43e9-8eba-fc443a0d3a27,2024-10-04,Pending,False,,,OFTUGB67,AGT-8891,61.0,Yes,19.0
0b53394b-1b44-4582-8b5d-bbd6cf03f4df,2025-03-01,Paid,False,1715.69,UPI,TTHXGB0P,AGT-3904,45.0,Yes,24.0
92a3bb6c-715d-4c1e-b917-e725b9950511,2025-05-31,Pending,False,922.76,Cash,AAOCGBK1,AGT-3337,49.0,,17.0
2a934699-f0ad-46fa-b03b-2336e6fad637,2025-06-10,Paid,False,1619.95,UPI,TVMKGBV7,AGT-2827,29.0,No,48.0
7174cac3-397e-4439-a39f-2a578a2f3cff,2024-04-19,Late,False,687.35,Cash,BYSRGB88,AGT-6689,25.0,Yes,18.0
8e2e0f05-1117-4e75-b24d-89714eaa9b7f,2023-07-30,Late,False,1210.43,NEFT,KSGXGBJC,AGT-6291,16.0,Yes,8.0
130c9f3d-09fb-4e27-8eb9-37455e0baa15,2024-08-18,Paid,False,1318.57,Credit Card,MZMHGBP2,AGT-9608,18.0,No,21.0
,2024-12-28,Pending,False,1443.89,Cash,OGQIGBVN,AGT-3422,49.0,Yes,
5a9c6078-4713-46c3-bf68-def1f60d9220,2023-09-21,Late,False,1002.65,NEFT,CAVRGBU1,AGT-7916,15.0,Yes,2.0
625cf739-9557-45fc-9aa2-1878732ce508,2025-01-05,Pending,False,1097.63,NEFT,KVEHGBTJ,AGT-7940,47.0,Yes,23.0
63e381b6-c093-4609-8546-090b083e6b8a,2023-09-14,Missed,True,1231.81,NEFT,AEHAGBUJ,AGT-5645,33.0,Yes,25.0
6ef4bd9a-85c8-4505-a513-cdde2cdbe3a4,2025-04-23,Pending,False,674.57,Cash,MDVVGB0U,AGT-9434,24.0,No,5.0
f6cd8679-3c3d-457d-a570-2341b2fce73b,2023-08-22,Late,False,1538.58,Cash,OFXHGBPO,,10.0,No,39.0
d4b77748-c3f3-4848-97d6-cf644b32085b,2024-05-19,Pending,False,1669.73,Cash,JAQGGBEH,AGT-9930,66.0,Yes,35.0
164b6642-9c99-4c2b-9a4f-209457b3fae6,2025-06-17,Paid,False,970.13,Cash,WJHVGBAX,AGT-0968,3.0,No,20.0
a29b7921-e427-4a91-805c-6e159eb0ed18,2025-01-28,Late,False,1961.07,UPI,XOCFGB68,AGT-6331,25.0,No,2.0
5f9679bc-c4b4-45e5-90fe-d90566145cbe,2024-02-22,Missed,True,794.38,NEFT,AIAKGBUS,AGT-9688,53.0,No,7.0
04420add-d483-49cf-8658-a08736efea45,2024-04-13,Pending,False,192.79,UPI,JIJNGBH8,AGT-2064,51.0,,6.0
3c35b9f8-1a67-4e74-a456-6c9c9b9c0590,2024-01-15,Missed,,970.03,UPI,GMEPGBI4,,16.0,No,48.0
6f6fdebb-b0b9-4310-aee7-906b5cc66eb2,2024-10-23,Pending,False,1122.41,NEFT,KEMUGB4H,AGT-2301,21.0,,16.0
503c9223-67d9-4cdf-b13e-17ff90cae82f,2024-04-07,Missed,True,840.93,Cash,CWZAGBI4,AGT-3055,59.0,Yes,3.0
86ca5024-42d7-47e0-ba59-708b999c547f,2023-10-01,Missed,True,1407.61,NEFT,RHVSGBN3,AGT-3059,33.0,Yes,4.0
359a59cd-913f-4660-b41f-40a21c698bd8,2023-10-02,Pending,False,625.91,Credit Card,OZCNGBPY,AGT-8064,,Yes,30.0
4c6f197e-1fec-4bdc-96a0-10f0ecf5b1ec,2025-06-30,Pending,False,681.7,NEFT,MUZTGBN4,,67.0,No,49.0
09e3c71a-f611-4671-b492-49aa7feeb6ee,2023-12-26,Paid,False,1989.76,Credit Card,NCIFGBLU,AGT-2534,3.0,Yes,53.0
75eef8b6-8669-4474-959e-9622879f4399,2024-04-13,Paid,False,1700.98,NEFT,MMYWGBBH,AGT-3423,79.0,Yes,33.0
459afcd0-b0a5-4f5d-8729-dd51a30af226,2025-03-20,Paid,False,1493.55,Cash,AGSCGB6M,AGT-6318,68.0,,57.0
ed81fef9-b343-4f5e-9684-35be50be479e,2024-10-23,Pending,False,1936.66,Cash,LCOJGBPH,AGT-7642,16.0,Yes,37.0
931b3590-4d24-48f8-ae39-2f8192f4b295,2023-11-12,Missed,True,257.7,NEFT,HIFYGBNL,AGT-2761,64.0,No,9.0
2459f7c2-0cfe-4728-8c51-7f6e5d0548e0,2024-01-15,Missed,True,1660.75,Cash,WVIGGBV1,AGT-2746,32.0,No,49.0
d88990aa-2b8c-468e-bab3-ff2c99249a47,2023-10-29,Missed,True,1978.76,UPI,RZNRGB8V,AGT-7701,19.0,No,26.0
a6ea6554-2723-493b-b0e0-a9bbaaf42545,2024-03-12,Late,False,1045.43,Credit Card,NRPVGB1I,AGT-1582,,No,54.0
3408c85d-3969-45f9-8b01-647f9f811bfa,2025-05-14,Missed,True,187.61,Cash,,AGT-9307,13.0,,51.0
8bde61df-c8d3-411f-af92-9f25419c4e84,2025-07-09,Late,False,479.77,NEFT,NANGGB26,AGT-9236,40.0,No,48.0
6f5acc07-1d6c-4d38-afab-d772035036c1,2024-08-05,Pending,False,688.69,Credit Card,EPPBGB4E,AGT-4016,73.0,No,38.0
79eb4133-0d96-4d37-8e65-e8e48029bb11,2024-09-24,,False,1221.42,UPI,RMCQGBUP,AGT-2139,79.0,,58.0
c767dfea-abc6-4770-b663-669e6a6da5f8,2024-04-05,Pending,False,103.16,NEFT,PKFWGBJW,AGT-3261,51.0,No,2.0
4e614a34-01da-4e35-8e9c-c926a217eb5e,2024-11-08,Pending,False,958.97,Credit Card,HJRMGBNM,AGT-1059,10.0,Yes,22.0
50496126-7014-4200-a205-66422a45ca98,2023-08-03,Paid,False,,NEFT,GXYZGBDC,AGT-1051,20.0,No,2.0
e815acf1-2f3d-41e6-b4cb-d50876e82b5a,,Pending,False,1379.13,UPI,SVPIGBYP,AGT-6911,37.0,No,13.0
0294f4da-6318-47cd-8414-9d0bd93dec8c,2025-04-11,Pending,False,567.61,Cash,HEZFGB67,AGT-4360,38.0,Yes,38.0
,2025-03-15,Paid,False,1015.54,NEFT,RASJGB32,AGT-0815,7.0,Yes,24.0
d919fee7-23ba-418c-9e48-fbd9102a1f9d,2025-02-02,Late,,1030.59,Credit Card,YTSRGB8J,AGT-8910,2.0,,33.0
9cc58db5-ede7-4bbe-be19-6f810b1b3dfc,2025-02-20,Missed,True,1968.63,NEFT,IWFOGBWY,AGT-9312,17.0,No,50.0
f6ec19f3-a991-4f98-a646-1be2562c2828,2024-07-04,Pending,False,115.01,UPI,WIGEGB4G,AGT-1710,84.0,Yes,49.0
5743d888-af22-44ae-b7f8-d3bf2d93fc41,2025-05-10,Late,False,1018.36,UPI,TLXAGBT4,AGT-0855,75.0,No,
7975517e-0bb8-4228-998b-915e5a0093eb,,Missed,True,1242.6,Credit Card,OQPHGBAG,AGT-3112,23.0,Yes,25.0
3aa611d1-05d2-4415-bdc1-6e6c89dcfda7,2025-03-07,Late,False,993.93,NEFT,AABYGB4Q,AGT-3233,64.0,No,37.0
,2024-12-22,Late,False,849.29,Cash,SMZFGBWS,AGT-6104,41.0,Yes,21.0
dd07f66a-2f33-4fa8-88d9-9997f5614d27,2024-05-24,Late,False,1882.29,Credit Card,KRTBGBJ1,AGT-9935,32.0,No,47.0
df56c1d8-dcde-47ce-a006-c4ce3419ddd4,2025-02-18,Pending,False,406.63,Cash,NGWPGBVX,AGT-4390,8.0,No,33.0
3e9956ac-40c5-4057-b241-0c0b9e876e54,2024-11-06,Late,False,1926.04,UPI,PIJEGBC3,AGT-7069,30.0,Yes,28.0
ad4496bb-aebf-42f8-aac8-24d91314f5ab,2025-01-09,,False,485.64,UPI,UFAJGBPX,AGT-1828,59.0,Yes,
2f4b94f3-0969-435e-b6b1-b24dc1bc4774,2024-02-14,Missed,True,1545.46,NEFT,VTPBGBMP,AGT-6840,13.0,Yes,3.0
38d4542b-1ba7-46ca-ace5-12962eef6110,2023-09-09,Pending,False,1333.31,Credit Card,BMJSGBMJ,AGT-5784,14.0,,39.0
26b4162b-b416-431e-ad1c-dcee4dc4d2b3,2024-08-28,,False,1583.86,UPI,SUXQGB5C,,61.0,No,16.0
8b03c0c8-1079-4b68-a6a3-f0a4f6d6892f,2025-03-16,Late,False,735.1,Cash,AIRRGBPU,AGT-8061,42.0,Yes,31.0
52addb6e-cfc6-438f-9c9c-42f68e902433,2023-11-14,Late,False,,NEFT,JVRHGB0N,AGT-2960,41.0,Yes,3.0
d9ef74a4-5314-4e8f-ac97-b443008372fa,2023-09-02,Missed,True,1420.73,Cash,GLWRGB6J,AGT-8021,3.0,No,58.0
3a87fd96-c3a0-4096-8d48-dd5efc11ee32,2024-04-21,Missed,True,229.72,Cash,,AGT-7425,19.0,Yes,4.0
884ebaa3-95ed-427d-9a00-0c7f0c883d33,2024-05-13,Paid,False,1400.92,NEFT,BSXTGB7A,AGT-2437,10.0,Yes,24.0
81c21eaa-53d0-4a00-9276-ff9af538572c,2025-05-07,Pending,False,752.65,NEFT,HABAGBDB,AGT-7097,32.0,,26.0
6e0f5c5b-8fc7-4771-82c2-9887ab173b47,2023-09-07,Pending,False,,UPI,BLZSGB0K,AGT-2007,18.0,Yes,
b5cb2921-a5b3-406d-ae29-7ecdacda7299,2024-05-02,Pending,False,,Credit Card,FBBFGBX1,AGT-4464,0.0,Yes,12.0
06beb80f-aaf8-44a1-9291-649bef214479,2023-11-01,Missed,True,963.39,NEFT,TYEQGBG8,AGT-8168,4.0,Yes,48.0
85daed9c-86ed-4776-8e46-ea900ed753c0,2023-12-07,Paid,False,,Cash,PDCYGB7Z,AGT-7850,85.0,Yes,33.0
e55d6e64-1469-49ee-8926-451865811da2,2024-08-24,Pending,False,1413.6,NEFT,WJDNGBJ7,AGT-8859,14.0,Yes,50.0
b375b13e-21a1-499e-8d13-5b80cad88a4e,2024-10-16,Missed,True,1592.37,NEFT,LMFWGBCX,AGT-1968,,No,11.0
12b12020-7f80-47ff-8f94-5c20f89c1aeb,2025-06-19,Pending,False,1841.04,Credit Card,PLVFGBV0,AGT-3968,65.0,No,42.0
7accb033-8681-42e8-a0ab-598562f26c4a,2025-04-22,Missed,True,218.68,Credit Card,DKWCGB93,AGT-6821,46.0,Yes,
1e007861-627d-4a06-aed0-d882ae18b94e,2025-02-18,Late,False,791.81,NEFT,PGOGGBFN,AGT-6706,46.0,Yes,19.0
,2023-10-20,Pending,False,717.48,NEFT,AHHFGBFX,AGT-2963,74.0,Yes,35.0
2145cb8e-a3d1-48f5-8647-3fd17a08347d,2023-08-30,Pending,False,1624.85,Cash,VDMKGBX4,AGT-0034,40.0,Yes,54.0
f1c7d5eb-2b80-4e8a-af86-05d054b448b6,2024-06-16,Pending,False,204.12,UPI,VXOLGBHS,AGT-1246,15.0,No,6.0
5a5d91f5-521f-4ae4-a937-a96cae51507c,2024-07-06,Pending,False,547.2,UPI,JJYNGB3J,AGT-8969,45.0,Yes,40.0
4ffe1596-838c-4fd7-9ee1-0be5ed70a174,2023-09-18,Pending,False,471.5,Cash,XYKIGBTK,AGT-4477,84.0,Yes,44.0
4a451ddd-a0be-40bb-b1d7-a6547e6851c5,2023-10-05,,True,1772.51,UPI,FDLBGBL7,AGT-5119,39.0,Yes,25.0
3514d3ed-82b1-4f0b-99fe-fc77a7451d3a,2024-07-31,Late,False,1288.0,NEFT,PJPJGBN7,AGT-4845,0.0,No,28.0
4c4f8d7d-8d9f-417e-9e3e-5b89bd3543ff,2023-08-11,Pending,False,343.49,NEFT,BLHBGBF9,AGT-3723,77.0,Yes,45.0
43fe30bb-b40c-4ca2-baba-5e447b3f76d8,2025-06-01,Pending,False,1050.43,Cash,BRGAGBRX,AGT-4006,64.0,No,18.0
87e33c4f-1ddc-4204-9018-e2feab5478ab,2024-09-05,Pending,False,303.0,NEFT,KNLOGBAA,AGT-9367,83.0,No,13.0
7716d644-30dc-4c24-87ec-9f280b81444d,2025-07-08,Late,False,1834.69,Credit Card,PHDQGBZS,AGT-4992,20.0,Yes,33.0
a5db66e7-cf94-4a24-8b8e-9534a65999c9,2024-03-20,Paid,False,684.29,Credit Card,MDEEGBGF,AGT-6898,20.0,,5.0
8b16eb0b-864c-4ea1-9534-ebc30c50e557,2024-04-17,Missed,True,620.23,Credit Card,ZIWBGBC9,AGT-7662,1.0,No,37.0
427df1c4-ed2a-4e50-a106-990771789943,2023-11-03,Late,False,764.28,UPI,RQHOGB3I,AGT-3430,22.0,No,29.0
0d47a0b6-14d1-4327-9077-a13d9ec57b4c,,Pending,False,1369.98,Cash,YZJKGB84,AGT-6095,77.0,No,6.0
0858bfde-4d33-414e-b3d1-734c50510c37,2024-11-06,Missed,True,1419.98,NEFT,FDMYGB8W,AGT-6347,1.0,Yes,55.0
6bcef34b-4773-4699-877a-20b3484ddbcd,2023-12-09,Pending,False,1045.82,NEFT,JTKIGBIZ,AGT-3175,11.0,No,25.0
742d3ff3-397d-48ef-95b0-4fb86749650b,2024-09-24,Paid,False,1009.2,Cash,DUPNGB60,AGT-7221,13.0,Yes,53.0
afb2542d-758b-46ba-a4b3-dd186319f5a7,2023-11-25,Late,,1035.67,UPI,WTVGGBXL,AGT-8151,71.0,,9.0
0019ff88-cbaf-4db2-a63b-6bc2fcc9c19d,2023-08-11,Pending,False,1625.35,NEFT,FUOLGBUV,AGT-4448,30.0,Yes,38.0
7f872acd-dc9b-45bc-ad74-d59364f7caa0,2025-06-08,Missed,True,867.25,NEFT,VEGYGB45,AGT-7322,82.0,Yes,26.0
c9949d7a-da93-4d8d-afdf-f3cb0cc0fa0c,2023-11-24,Paid,False,414.48,Credit Card,JGRZGBEB,AGT-3631,16.0,No,
2bf3d46d-1538-4c28-a662-b189544e8c20,2024-11-06,Missed,True,1468.71,UPI,VUEQGBC5,AGT-2140,58.0,Yes,26.0
4aef5443-5c85-4f24-a4ba-2494c6fe75b0,2025-04-26,Missed,True,1645.74,Credit Card,JSZAGBJ6,AGT-8685,40.0,Yes,47.0
030d6b07-dd1d-4ea6-973c-ca4a2dc37f4e,2025-04-13,Late,,1504.06,Credit Card,FDATGBGK,AGT-5006,89.0,Yes,14.0
b2b3eb09-869d-43fe-9df7-118c26b950ad,2024-09-18,Late,False,1864.91,UPI,HUYUGBBS,,55.0,No,51.0
5c00fa65-67a6-4c4d-8a26-7b3f3d0ca910,,Paid,False,194.29,NEFT,ALVJGBZ2,AGT-2140,71.0,Yes,24.0
933e11c5-4c98-4b8b-ba40-8a820db26a6a,2025-05-08,Pending,False,347.6,Cash,LDAYGB5C,AGT-5484,25.0,No,40.0
,2024-07-26,Late,False,993.83,NEFT,OZIQGBEM,AGT-9468,46.0,Yes,51.0
46741bfb-3ca7-4718-99c7-fbfd5460aafd,2025-05-14,Paid,False,967.25,NEFT,FVHHGB6M,AGT-2700,1.0,No,57.0
adfca954-da67-4d88-a7b1-12d1d3d0d02a,2025-02-28,Missed,True,1268.9,UPI,TLFJGBDB,AGT-9921,89.0,No,18.0
,2025-06-07,Pending,,1447.48,UPI,IOGHGB1T,AGT-3677,61.0,Yes,37.0
7661b6dc-b41c-41de-ab43-a3cef5cec24c,2024-07-09,Missed,True,1219.92,NEFT,AKDPGB3R,AGT-8957,68.0,No,31.0
59e9b30e-6769-4c8d-a79e-fbcf14ff6d9e,2024-03-15,Missed,True,771.99,UPI,KIJTGBSC,AGT-7224,35.0,Yes,9.0
d5390b70-dbba-462b-9edf-89f4c3226047,2024-04-22,Paid,False,546.67,Credit Card,TFIIGBA2,AGT-6503,81.0,,43.0
9afc9e4f-339d-4e90-8a38-0e85edb81c21,2025-06-20,Pending,False,1821.36,UPI,AOTWGBDZ,AGT-4552,42.0,No,
06f2ddbf-08d7-4bc8-83aa-6f5cf3d102fd,2025-02-14,Late,False,,NEFT,HFUHGB08,AGT-1989,37.0,No,22.0
,2025-02-07,Pending,False,697.07,UPI,YXTUGB08,AGT-5819,87.0,Yes,20.0
3b896e2d-d480-4013-8569-a381e1681e14,2024-08-28,Late,False,336.42,Credit Card,RCVDGB6V,AGT-9984,84.0,Yes,6.0
632d29a3-d51f-468b-a8cd-a03488b98f01,2023-09-19,Missed,,1511.6,NEFT,OZDRGBQ9,AGT-0945,39.0,Yes,53.0
98e12fbf-359c-4f64-b484-4e7da69792ab,2024-04-13,Paid,False,1805.99,Credit Card,GONDGBYQ,AGT-5256,4.0,Yes,16.0
85ff4108-69fd-4f7c-9ed7-5b293e3ac033,2024-06-08,Missed,True,1256.72,UPI,RKDAGB5M,AGT-3998,80.0,Yes,52.0
bb1f4161-f7e4-4e06-af32-7a8756a77fe1,2024-04-16,Late,False,1191.63,Credit Card,LSKQGBK8,AGT-3166,17.0,Yes,7.0
8875dfc8-df8b-4a53-b82a-a711d091fcaf,2024-01-26,Paid,False,1814.74,UPI,JRSWGBDL,AGT-5497,20.0,No,52.0
6eacb4a2-cf08-44e7-9dd3-15a6e55fc623,2025-01-19,Paid,False,1344.44,NEFT,PPDKGBMY,AGT-9458,59.0,Yes,21.0
dac1f947-b71b-4327-b03e-b4d66f4bab93,2024-06-20,Late,False,835.09,NEFT,OXPAGB42,AGT-6645,2.0,Yes,18.0
f8244138-21b2-4489-8e9c-c21d89a66896,2024-02-29,Paid,False,1181.02,Cash,EFLRGBDV,AGT-5312,55.0,Yes,2.0
a058e21f-3656-4a02-9eb6-3ab013fc5e2a,2025-01-28,Missed,True,1829.75,Credit Card,ACNTGBKL,AGT-7173,17.0,No,50.0
17159fff-49f2-4869-adb8-902e0e1334f2,2024-06-13,Paid,False,1417.81,Credit Card,HRMEGBGO,AGT-3704,55.0,No,38.0
,2025-05-15,Paid,False,1928.6,NEFT,FXKQGB16,,36.0,Yes,7.0
6d18dc05-31f5-4d78-9e88-d94616adfad1,2025-02-10,Missed,True,148.42,,EEHOGBXS,AGT-5917,84.0,,44.0
6805e3f9-8a06-4427-a2f3-bb19241996e9,,Late,False,1451.87,Cash,BUBAGBF9,,14.0,No,49.0
253f67c3-9e2a-41c5-8489-489119282ef9,2025-03-07,Missed,True,1769.27,NEFT,BPODGB4R,AGT-0509,37.0,Yes,5.0
426a96e8-169f-4a32-930a-e66d5de954cb,2024-07-27,Paid,False,300.03,,HQOOGB56,AGT-4561,68.0,No,37.0
dcd5df57-6dd4-40ca-8a61-68802b46d463,2024-05-17,Paid,False,128.9,Credit Card,MWCEGBWB,,28.0,Yes,55.0
1a890329-0fe7-426d-b385-da065ca1f763,2025-03-24,Paid,False,1947.38,Cash,ORLBGBFO,,77.0,Yes,16.0
30e118d7-b696-4ef4-9748-4f68d5180e3b,2024-12-25,,False,850.79,Credit Card,NBAUGBS8,AGT-4684,50.0,No,13.0
564c831e-f58e-4488-b9e6-262b2746a15f,2024-09-19,Pending,False,1171.41,Cash,VVRAGBI5,,6.0,No,23.0
d82cab84-199b-4191-b5ac-9ac4251e9cbb,2025-05-01,Paid,False,1265.89,Credit Card,YACTGBSD,AGT-5198,26.0,No,47.0
,2025-06-28,Missed,True,1560.83,UPI,IJLCGBLC,,55.0,No,18.0
5c9fc94a-1a81-4009-a632-16bb865b35b9,2025-03-27,Paid,False,1234.27,Credit Card,QPHZGBB8,AGT-8665,17.0,Yes,3.0
1821e3ad-5c8e-46d3-8441-b0275536d911,2024-11-04,Late,False,1173.37,UPI,NAEGGBW9,AGT-6594,52.0,Yes,1.0
8f3101d0-621e-45dd-a789-5821c5b513c7,2024-10-21,Paid,False,,Cash,LZZCGB4D,AGT-4382,17.0,Yes,47.0
751b1f56-32f8-4cc1-8e48-c03340ee8172,2025-05-03,Paid,False,777.35,UPI,QPEZGBOH,AGT-6260,13.0,No,30.0
e62e6046-f1e2-4ea2-a51c-c8417af32a2e,2025-02-01,Paid,False,505.49,UPI,GTMNGBP9,AGT-0459,80.0,No,29.0
595ecc96-3966-4d32-9fab-b42f979f27e2,2025-05-18,Paid,False,240.38,UPI,YNKWGBEY,AGT-1391,35.0,No,48.0
1bc0dace-5d80-439b-950f-6b803cbcc71a,2025-02-20,Late,False,1600.25,Cash,YGEFGBSG,AGT-2280,76.0,No,32.0
d93edf70-7982-49e7-b262-d3b3980f87f2,2024-04-28,Missed,True,1032.85,UPI,CSOFGBM8,AGT-5119,,Yes,54.0
8c82992b-108b-424a-b49d-7a81eb45fc94,2024-06-17,Late,False,,UPI,RMKNGBL9,AGT-2910,1.0,Yes,28.0
68621e97-5164-4b5e-b528-aac92f613e6c,2025-03-09,Late,False,150.84,,VYDCGBGK,AGT-5991,80.0,No,
38937d55-cb00-4e3c-9ea6-3817def7f9da,2024-03-29,Paid,False,1394.51,Credit Card,ZSILGBMG,AGT-7208,7.0,Yes,
996410d1-c9db-4a40-be75-65dcf91c871d,2024-11-24,Late,False,1310.9,Credit Card,IANBGBNC,AGT-6862,51.0,No,56.0
00b5054d-8cd7-4fee-b57d-deb87fa4c5a3,,Missed,True,349.54,Credit Card,DLUWGBH1,AGT-8171,57.0,Yes,47.0
,2023-11-27,Missed,True,223.05,NEFT,UKHYGB1Z,AGT-3244,83.0,No,31.0
b15c913c-5209-440e-90ac-562baae22553,2023-08-07,Missed,True,,NEFT,ZBPNGBSK,AGT-6922,77.0,Yes,58.0
80bd29ba-b9ee-459b-ad88-525a70b9503d,,Missed,True,664.44,NEFT,VYAWGBTD,AGT-1483,39.0,No,33.0
9a133c09-964a-4906-ae2e-e994429e2cdc,2024-11-12,Pending,False,,Credit Card,MSUOGB85,AGT-6997,88.0,Yes,
320fb9f3-b05b-4820-afbc-b4dbe24159b1,2024-04-04,Late,False,1989.25,,JBCTGBMR,AGT-1621,47.0,No,
c90300dc-1862-4a44-9d94-7dfc74b3a6b1,2024-07-19,Missed,True,695.87,Cash,DIODGBFH,AGT-9792,76.0,Yes,20.0
3fd475e1-3c3a-43fb-ab68-0592309a8556,2024-04-05,Pending,False,,UPI,VQPCGBTI,AGT-2050,87.0,Yes,20.0
dda53d8f-78cd-45f0-84fb-9c5c2d2e633c,2023-12-04,Missed,True,1467.51,Cash,YPKOGBYY,,23.0,Yes,49.0
c56fa190-1682-4f4b-9a37-4b40cf481aac,2024-12-28,Missed,True,1052.26,UPI,AXPFGBVR,AGT-0579,38.0,No,35.0
,2025-01-29,Late,False,1896.84,Cash,YRRWGBJL,AGT-8025,50.0,Yes,14.0
59fa54b7-6f44-4672-81c2-5cdc2668248f,,Late,False,332.04,NEFT,XWSRGBXM,AGT-3276,64.0,Yes,38.0
bf574044-d802-4527-9429-01d4b60db29a,2023-12-15,Pending,False,183.11,UPI,AKFSGBH6,AGT-4703,16.0,Yes,40.0
0544a736-2a4e-44c4-a895-7d65a66efea8,2025-04-26,Paid,False,674.44,UPI,BCHGGBX7,AGT-1855,85.0,No,37.0
bdad6170-592f-415d-93eb-2928b738ffb8,2024-04-27,Paid,False,893.84,UPI,URRMGB1H,AGT-5877,15.0,No,4.0
1e130470-7b07-4a1b-bc3b-361d8e452f74,2024-09-28,Paid,,615.55,UPI,VJNYGBEZ,AGT-5863,79.0,Yes,30.0
d7596336-b81c-462d-8baa-a85c24c11819,2025-01-24,Paid,False,833.26,NEFT,QMFKGBES,AGT-6514,23.0,No,35.0
3d7e40d6-1d4d-4f65-ab38-58b22a107e88,2024-02-13,Paid,,756.59,UPI,ZDQZGBR5,AGT-9185,57.0,Yes,
678248ec-79a4-45af-9542-763d830896aa,2023-11-09,Pending,False,908.32,UPI,HXLIGBPI,AGT-2765,77.0,Yes,30.0
3027427a-bc87-4187-8e39-a99b764a5a96,2024-08-29,Missed,True,238.96,Credit Card,OABOGBJI,AGT-2409,44.0,No,50.0
2045b515-22d6-438a-a54e-731ed0233d05,2023-09-28,Late,False,897.95,Credit Card,ELSGGBZM,AGT-0802,,No,33.0
c8baba96-c956-4c1b-abfe-95074425c7b3,2025-04-09,Pending,False,310.83,UPI,QMATGBLH,AGT-5140,,Yes,39.0
e87c426d-2f21-4d03-b622-0550fe6fcc9c,2024-02-01,Late,False,123.24,NEFT,HWYUGB65,AGT-6376,72.0,Yes,45.0
,2025-03-06,Pending,False,1658.13,,VSLXGBJO,AGT-0078,87.0,Yes,6.0
3cf002f2-b320-43b8-a1ee-721fc96eebe1,2025-07-12,Late,False,774.8,NEFT,IPHDGBZW,AGT-6772,80.0,No,26.0
ee8268bb-8525-4003-b601-1d2f49430e9f,2024-04-16,Late,False,1365.83,Credit Card,SHGUGBDV,AGT-4673,68.0,No,8.0
8f6f22aa-2d4f-4a73-b6c7-3d44c28a83a2,2024-09-03,Paid,False,646.14,Cash,LPCMGBCH,AGT-1835,24.0,No,33.0
120cb74f-d00d-4d1e-bd3f-13d7bcb94f03,2024-01-13,Late,False,1757.4,Credit Card,RHWXGBZX,AGT-2741,12.0,Yes,53.0
be3743df-24ae-418c-8c7e-f68b829b4339,2023-12-04,Pending,False,347.38,Credit Card,,AGT-7359,59.0,Yes,23.0
7624e89c-7cfa-4b48-a393-2bcee7127c01,2025-01-17,Late,False,,Cash,LLRXGBTH,AGT-7952,69.0,No,11.0
004d2bce-8237-4df0-ba60-ac874b595d47,2023-10-18,Late,False,1466.89,Credit Card,GQIFGB3B,AGT-6673,26.0,No,46.0
dd4a93b4-9ce9-4ac7-adba-54bed9abe1e2,2025-03-25,Missed,True,640.18,NEFT,,AGT-9997,68.0,Yes,7.0
68185285-e090-4940-a747-af51c0328c99,2024-01-25,Late,False,1649.41,Credit Card,CFOSGBYJ,AGT-7039,19.0,No,25.0
ae2a0051-c96d-472e-bfcb-e1bd5efbe4c6,,Missed,True,167.93,UPI,VUZUGBYO,AGT-6457,44.0,Yes,49.0
01f78777-bc54-4d45-8c93-921828a70834,2024-12-13,Late,False,295.56,Credit Card,YTMMGBFQ,,48.0,Yes,20.0
fe09680b-7968-4628-b7e8-2719cde36b1e,2025-01-15,Missed,,636.7,NEFT,OIMHGBPX,AGT-2602,50.0,No,42.0
c0d2eb46-d4a5-423a-badd-60b91775ab6d,2024-02-09,Missed,True,560.28,Cash,OMZCGBGA,AGT-9646,79.0,Yes,34.0
97d41846-1c20-46da-962b-b12d8f84da3a,2023-11-11,Paid,False,199.82,NEFT,OXEIGB93,AGT-8712,20.0,No,26.0
d0c2d21f-1538-4a8d-8c74-7f49201d0b56,2025-03-19,Missed,True,1006.61,UPI,GQHIGBOS,AGT-6735,0.0,No,15.0
b8fa4bb4-f86e-4c08-978c-607e9065c6b4,2023-11-24,Missed,True,1264.89,Cash,WPLNGBIP,AGT-0989,72.0,Yes,18.0
b9fbe2e8-08df-4a32-a1b0-b1702a91b7f2,2023-10-26,Paid,False,,Cash,ZFSDGBG2,AGT-2339,87.0,Yes,16.0
bec1e851-65a4-46bd-9caf-f5305b660634,2025-02-14,Paid,False,676.57,Credit Card,FOEHGBND,AGT-0417,41.0,Yes,41.0
c1392cd7-c847-44d2-a6b6-b74bf069a919,2025-06-30,Paid,False,469.22,,XNOKGB6H,AGT-1157,47.0,Yes,5.0
a8fe3e74-407f-4336-ad43-9bc408c62d51,2025-02-18,Pending,False,427.22,NEFT,EECTGBLG,AGT-5950,43.0,Yes,10.0
409f2bce-644d-45ce-a973-df8034a9dcba,2023-09-04,Missed,True,316.26,,TGIYGBCJ,AGT-0123,6.0,No,24.0
e7811a9f-4797-4c1e-848d-a69feb7a2026,2024-07-12,Paid,,702.94,Cash,BODZGBTP,AGT-8185,29.0,Yes,38.0
848ea289-bb2a-4baa-91fd-e77a1ed0d3fa,2025-01-30,Late,False,198.27,Credit Card,RFSLGBEJ,AGT-9948,53.0,No,
ec759c3d-cd0a-41d7-8531-4c1ff540ca41,2024-12-08,Missed,True,1526.91,UPI,JVJLGB71,AGT-8995,25.0,Yes,51.0
96713428-d49e-4d20-ba76-444df000b20e,2024-04-22,Paid,False,,Credit Card,,AGT-2515,89.0,No,11.0
8c3b4176-7bb0-479d-9735-54287cdfafc6,2025-04-22,Missed,True,383.64,,RQVGGBVI,,59.0,No,58.0
02e7538e-f6e9-4526-95d5-de495b06869a,2024-03-30,Late,False,1862.3,UPI,AZGVGBH3,AGT-2688,50.0,No,12.0
1e6a587a-cf1f-4e56-b515-5bef1773e49c,2024-06-12,Missed,True,356.0,Cash,,AGT-7219,75.0,Yes,47.0
1b7e1f88-2a4b-4f43-8066-b63e3d375fb6,2024-02-03,Paid,False,246.28,UPI,SUZFGBCM,AGT-7506,7.0,No,27.0
,2025-06-18,Pending,False,1381.99,NEFT,PZLQGB02,AGT-8775,47.0,No,36.0
10421a0a-3d28-4371-bde0-3924fca2589d,2024-04-21,Pending,False,1488.65,Credit Card,ZEIGGBGL,AGT-9173,1.0,No,30.0
5fec4b9e-210f-4b6b-be93-ff5fdba5d6f2,2025-06-13,Late,False,1935.19,,CFJCGBHF,AGT-2623,53.0,Yes,53.0
2ef5369c-466b-459e-a649-759e257cb752,2023-09-01,Paid,False,540.38,Cash,UAOQGBYM,AGT-0893,84.0,No,2.0
28ffc97f-23f6-417c-95e8-e50aa4ebf35a,2023-12-12,Missed,True,1956.32,NEFT,,AGT-8408,76.0,No,1.0
989bed14-9f77-4899-8026-7568bf33cfa8,2023-12-03,Paid,False,834.91,Cash,ARXNGBMK,AGT-0349,64.0,No,20.0
77492a16-3891-406c-b6a4-0d3aa7281508,2025-01-05,Pending,False,1812.6,Credit Card,RUXKGB83,AGT-0907,30.0,Yes,20.0
b1df676b-cbbd-45a4-945e-41cbed50f761,2024-01-08,Paid,False,728.3,UPI,WZAQGBC8,,35.0,No,2.0
86258e82-5793-42a4-a2ee-7cf8457f58ff,2025-01-26,Missed,True,377.03,Credit Card,IAJJGB1X,AGT-0197,55.0,Yes,37.0
1fcea136-13d6-4239-b5c6-da0bd6ee935f,2023-12-02,Pending,False,1905.22,Cash,,AGT-6400,85.0,Yes,31.0
ed0310f4-3a1f-447d-8fea-4ec8ca9a13dd,2024-04-07,Late,False,1824.81,NEFT,WFCFGBLU,AGT-1107,8.0,Yes,53.0
41c2e16a-2df6-446a-9185-bc688241c512,2024-11-24,Paid,False,1638.86,UPI,NJBMGBOC,AGT-3940,62.0,No,52.0
758f8bba-58f4-4745-b5a9-c749af4f4237,2025-03-30,Pending,False,,Credit Card,RRBQGBJO,AGT-2376,80.0,No,48.0
0e78032d-be48-4923-9a34-a70b3c1c1b16,2025-06-20,Paid,False,763.7,NEFT,HCEQGB7P,AGT-0928,80.0,No,57.0
5225f8a8-9b75-4ebe-9fb0-5a959cc5fbd0,2023-09-03,,False,131.24,UPI,IPQAGBWS,AGT-2691,36.0,Yes,56.0
ab1fcd9f-4818-4cdb-99cb-ada8468419ab,2024-01-28,Late,False,763.05,NEFT,IJWFGBIJ,AGT-3832,79.0,Yes,4.0
06c4329b-f768-48a8-bddc-74d5862bca83,2024-01-02,Paid,False,1556.05,NEFT,ZQSZGBTL,AGT-1573,41.0,No,
d43e9279-7b12-4ad3-8f4f-0a630ef670e2,2024-07-15,Paid,False,100.74,Credit Card,CFVXGBLK,AGT-4146,55.0,Yes,34.0
d6d06045-fd2a-40ae-96d7-cbdfcd9d8cb3,2023-07-23,Pending,False,503.43,Credit Card,GROGGBWF,AGT-1718,74.0,Yes,17.0
8cd494ec-5b7e-4e89-94d9-5bb7ef443279,2025-04-15,Paid,False,1833.15,Credit Card,EQVQGB2O,AGT-3835,73.0,Yes,59.0
9a1cf748-cdd5-4cf1-bb07-714c1399624c,2023-09-04,Pending,False,,NEFT,ZRMIGB6F,AGT-1158,0.0,No,37.0
2d0a1713-8413-40e4-b9aa-f852db016163,2023-09-22,Late,False,1682.26,Credit Card,CTBZGBNV,AGT-3042,27.0,Yes,27.0
69b56352-a50b-48d6-baff-dd158629ce5f,2024-12-17,Pending,False,1339.97,Credit Card,RBQVGBY5,AGT-2909,40.0,No,34.0
205a688f-eab5-41ac-84bb-175c99312090,2024-05-05,Late,False,888.61,UPI,GXVHGBMU,AGT-0543,31.0,No,12.0
0ffe5c8f-d462-4b9d-86cc-967620eb7b21,2023-12-09,Paid,False,1077.19,Credit Card,LXJAGBSP,AGT-2464,24.0,Yes,50.0
31746844-f69a-4798-929d-ec1c4a39d2cb,2024-10-09,Missed,True,334.74,NEFT,MPZXGBCQ,AGT-2832,89.0,No,48.0
8cfe9fd3-7e9a-454b-9340-a7b4050438dd,2024-12-24,Missed,True,1800.51,Credit Card,YTKVGB2Q,AGT-7278,65.0,No,56.0
65cf724d-97f8-4144-a05c-f175afd4680d,2025-02-06,Late,False,1343.33,Cash,TGVIGB9W,,79.0,No,15.0
1d754fc6-6d57-4e74-b0b4-89b6d5d98fe4,2023-08-05,Late,,643.59,Credit Card,SNXTGBFT,AGT-7094,71.0,No,23.0
cf4efd97-c289-417d-a154-37210f97968f,2023-10-09,Paid,False,1939.78,UPI,VJDNGBVS,AGT-8475,77.0,Yes,1.0
35f0fbbe-1815-4560-b39b-73e8a1eef485,2023-07-27,Paid,False,1389.1,UPI,ULAKGBWS,AGT-8943,4.0,No,20.0
,2024-11-15,Pending,False,1436.16,Cash,IQOGGBBQ,AGT-0774,58.0,No,
afc2a620-0a52-4a19-95bf-bb4b7de05b31,2024-10-06,Late,False,372.16,NEFT,SJCHGBSZ,AGT-9927,81.0,Yes,22.0
7416e07e-43f3-4470-bea7-531528d49da3,2024-06-27,Late,False,1766.88,UPI,,AGT-7662,59.0,No,45.0
eef53dcc-7a1e-4394-b240-3c74b7b7473f,2023-07-31,Late,False,1248.31,NEFT,UOFJGBNE,AGT-7099,62.0,Yes,3.0
67c6e609-83b2-4d19-991d-0cee661fae52,2024-03-17,Pending,False,1242.61,NEFT,JBPVGB00,AGT-2117,14.0,No,44.0
6ff0d7b1-ab4b-44eb-862c-d7ac0aac010f,2024-05-16,Paid,False,1224.77,Credit Card,LRGGGBBG,AGT-9960,11.0,No,56.0
2a17ba47-2886-4baa-a38c-aa1b128acd46,2023-10-14,Missed,True,238.81,NEFT,ZRVJGBX0,AGT-3123,75.0,No,44.0
850d9e5d-a895-431b-b184-be3edce381d4,2025-02-11,Missed,True,1370.45,Cash,VSVDGBVS,AGT-7732,0.0,Yes,43.0
74cd6668-6dbd-458b-b904-984f9c218b7c,2023-08-13,Missed,True,799.12,Cash,WXLSGBUS,AGT-6582,,No,57.0
27dead0d-18e5-474b-a5c8-27bb8298e489,2024-05-16,Missed,True,1102.68,,FBORGBPD,AGT-5136,69.0,Yes,27.0
,2025-05-12,Paid,False,412.89,UPI,QZPZGB5X,AGT-3175,29.0,No,28.0
6bfbdddb-e02f-47fc-8528-0ee79f387964,2024-01-09,Paid,False,1147.57,UPI,JYXWGB31,AGT-8666,55.0,No,55.0
5ef29266-26fe-4315-8306-a986a084e4ea,2025-07-08,Missed,,1471.41,Credit Card,WOINGBFB,AGT-6181,60.0,Yes,7.0
73b36317-b6f1-4e99-9f0b-53bc0b0e1db9,2024-07-29,Paid,False,948.52,Credit Card,ORURGBS0,AGT-3566,71.0,Yes,25.0
ec0872d2-54a9-436d-84d3-1784284f0173,2025-07-04,,True,955.63,Cash,GBUJGBWD,AGT-2385,49.0,No,15.0
,2025-02-13,Missed,True,1164.32,Cash,TQHNGBPD,AGT-5661,87.0,No,52.0
273a8a3c-ca67-4424-b19f-eb83e1a287f4,2024-11-23,Pending,False,528.68,UPI,,AGT-7888,20.0,Yes,11.0
fa8eaaa6-408b-442d-80c2-a8206829d566,2024-04-06,Late,False,1701.77,UPI,RMKXGBWU,AGT-3593,81.0,Yes,31.0
21b3ff2b-e3d6-4171-899d-0b46fa9bcdc2,2023-11-25,Late,False,954.58,UPI,ZJOUGBE0,AGT-9579,47.0,No,30.0
47691b6b-0cea-44f9-9752-a851588e8198,2024-10-21,Pending,False,1586.06,UPI,MOKZGBPM,AGT-5389,0.0,No,29.0
9ddf5d03-ebc4-4f19-80a6-947d8e53e8e5,2025-04-23,Paid,False,1695.94,NEFT,QANOGBR6,AGT-9867,39.0,Yes,12.0
,2024-06-28,Pending,False,1422.55,NEFT,XNEFGBC0,AGT-7524,35.0,Yes,4.0
4bdd1901-59ee-4e60-954f-f61636dbf5c8,2024-12-19,Missed,True,1346.24,NEFT,BPTAGB9Q,AGT-5603,59.0,No,13.0
6a1b9691-36cb-4dd4-bcc8-e257a4b730c7,2024-12-02,Paid,False,720.41,Cash,OJZPGBCG,AGT-5695,28.0,Yes,24.0
1eb07ef8-cf87-4496-aec1-ab61b00e3c29,2024-05-21,Pending,False,1976.63,NEFT,ARLMGBOW,,30.0,Yes,39.0
a95b9729-24eb-49c3-af52-98ae59054a1b,2025-05-15,Missed,True,879.19,Cash,KCDBGBJF,AGT-5146,0.0,No,4.0
60666110-4004-419a-b8c1-9b5aef41f9b5,2024-06-07,Paid,False,433.32,Cash,JAGZGB4T,,49.0,Yes,16.0
d56e9935-f16e-4e28-8f8e-7587a9492f6c,2024-02-09,Missed,True,235.82,NEFT,KUMDGBJ8,AGT-1670,89.0,Yes,36.0
308fbb8a-a71e-4bc9-834d-00a4e783ba16,2023-08-09,Missed,True,798.49,Credit Card,IITAGBEP,,12.0,No,25.0
9f19fff0-52c5-451f-b713-685b013ce61a,2024-10-29,Missed,True,1670.47,NEFT,GWRZGBGU,AGT-9603,45.0,No,15.0
e6494437-04ef-43a7-a4cb-7df754461802,2025-05-19,Paid,False,277.35,Cash,ZQPPGB3B,AGT-0330,,Yes,57.0
16f47089-1567-43ec-8d8c-8996f959a128,2024-08-23,Late,False,1867.51,UPI,DZCBGB9R,AGT-6730,,No,41.0
8e988bb6-aa9e-48dd-9eee-109e81b57f1e,2024-01-11,Paid,False,1833.33,Cash,YAUPGBOE,AGT-2028,82.0,No,12.0
cf3e1dd6-bfb2-4715-ad07-26dc9d3ba7eb,2024-05-13,Paid,False,294.33,Cash,UKLFGB42,AGT-8547,88.0,No,
b889daac-4bf4-4757-a1c8-c83675cc474c,2024-05-21,Pending,False,316.65,Credit Card,HJRBGBV7,AGT-0108,55.0,No,
5d5207ce-85bf-481f-ad27-b6c8524abe33,2024-10-07,Pending,False,311.84,Cash,AZRNGB3C,,74.0,Yes,14.0
75c14afa-ed85-4147-bf36-1fd63931f5e7,2025-03-29,Missed,True,1926.29,Credit Card,DVVJGBWQ,AGT-0767,40.0,Yes,8.0
,2025-07-16,Paid,False,1409.85,UPI,VBXMGBY5,AGT-6441,29.0,No,3.0
24accfdf-1586-45a0-bc1a-7d42bfc92cef,2025-01-12,Missed,True,1955.44,Credit Card,FNPXGBJ2,AGT-3514,62.0,No,44.0
,2023-08-25,Pending,False,1865.15,UPI,XAIBGBV3,AGT-1580,63.0,No,46.0
46e8a3ce-07a2-466e-bc59-94a434187e2e,2024-09-22,Pending,False,1516.32,UPI,GNLFGB9J,AGT-3391,55.0,No,44.0
6a0e1bc3-c7c8-4ae1-84f5-0f3c873e0cc5,2024-04-20,Missed,True,471.47,UPI,WXUCGBTK,AGT-7396,47.0,No,16.0
85a14be8-6629-4e5f-80a9-2caaf9b2d4bd,2025-04-27,Paid,False,619.83,NEFT,,AGT-5730,59.0,No,4.0
9f8b93d8-db86-49e2-95be-4064669add41,2024-02-02,Late,False,820.5,Credit Card,FJCSGBEG,AGT-7980,22.0,No,46.0
12f9aa7e-ec66-4112-be3f-1c14a8bb47ef,2024-12-07,Missed,True,1603.2,NEFT,TTBHGBCC,AGT-3198,22.0,No,35.0
20bab426-ae21-47bb-83e4-cc7e2ef34c42,2023-08-03,Pending,False,910.6,NEFT,VMSBGB4I,AGT-1292,45.0,Yes,41.0
10173793-be41-4e0a-a665-8439f9cdf45f,2023-12-28,Late,False,1578.47,Credit Card,GPZZGB9K,AGT-5017,46.0,Yes,43.0
c6bf7eea-861d-410d-bebc-74c92edd2ef0,2024-09-20,Paid,False,330.78,NEFT,AZBDGB1W,AGT-6578,47.0,Yes,10.0
4f91ecf0-e6f4-4fb1-add5-570dffa3321c,2024-09-26,Missed,True,1201.14,Credit Card,MJCHGBDQ,AGT-0463,19.0,No,16.0
4f9367df-4b19-4594-b297-b55722cedf6a,2025-01-02,Paid,False,1764.37,Cash,SLFQGB8N,AGT-9040,47.0,Yes,37.0
1638856f-c898-4b0e-9a50-5dc106b00e2d,2024-12-13,Paid,False,1036.01,Credit Card,OKRQGBTP,AGT-6548,57.0,No,6.0
71ecfe71-e1db-489f-b278-51102ed01232,2023-09-13,Paid,,396.16,Cash,NGPJGB3C,AGT-2452,,No,16.0
12075700-7743-4b16-9f00-1bb29e66f10e,2024-12-04,Pending,False,1460.76,NEFT,AGSTGBUE,AGT-1897,50.0,Yes,53.0
59adf09c-ce37-4b58-b422-c6f1aa3450f8,2025-02-07,Paid,False,,UPI,RCGFGBIZ,AGT-3138,65.0,Yes,6.0
6d6b3cd1-a7a2-4d4d-a257-39a050972487,2025-05-25,Pending,False,1795.99,UPI,KRHCGBA7,AGT-4221,42.0,Yes,6.0
,2024-06-14,Pending,False,1667.22,NEFT,KBVXGBX2,AGT-5642,22.0,Yes,37.0
4bf2f67f-aea7-424f-9835-228e76520da7,2024-05-12,Late,False,1695.57,Cash,HCCOGBOU,AGT-8645,83.0,No,41.0
0ce3c1b2-aaa6-41f6-a3e5-7246305f3d8b,2024-11-21,Late,False,1497.51,UPI,,AGT-6376,38.0,Yes,8.0
6463130a-a96d-499b-bf33-2e1297b62c37,2024-12-14,Missed,True,1677.31,NEFT,SSNKGBGD,AGT-0320,22.0,Yes,2.0
208f8855-f5c9-4509-a026-368bbcb15079,2023-12-23,Missed,True,1772.08,UPI,,AGT-4695,25.0,Yes,28.0
0ee6994b-0fa6-467b-b4dd-bf1a2a57e568,2024-06-19,Missed,True,1710.87,Credit Card,KQTZGBIB,AGT-9564,55.0,Yes,35.0
954d5932-f1a6-4048-9f6d-d8046d524bce,2023-08-29,Pending,False,1315.46,Credit Card,AYHAGBKA,AGT-5473,57.0,Yes,33.0
bce62275-e646-40aa-ac4b-15c35eb8f656,2025-04-11,,False,1512.47,UPI,FXLIGBKA,,61.0,No,17.0
5085d497-c187-43f7-8100-050391660f78,2025-04-28,Paid,False,583.2,Cash,IOKTGB5Q,AGT-3126,75.0,No,44.0
88103e91-2a67-4d80-94a4-515dd2c9a457,2024-11-13,Missed,True,1776.59,Cash,EZSAGB6X,AGT-3416,45.0,Yes,50.0
69d4914d-f354-4705-bd95-963a439f96f2,2024-12-04,Pending,False,417.3,Cash,KNPZGBKY,AGT-7196,16.0,No,49.0
088d658e-2860-4804-a91b-95ec272c6cc8,2023-08-15,Late,False,1395.61,NEFT,OWUHGBY7,AGT-1765,73.0,No,14.0
c4bfbe30-61c4-47b4-acd6-406a8ebe3c98,2024-02-14,Paid,False,1204.18,UPI,SXSGGB5P,AGT-6218,51.0,No,23.0
6b96f0fe-6319-4bee-8277-fa358457ee84,,Missed,True,1590.93,Cash,,AGT-4183,42.0,Yes,24.0
8fd20313-4373-407c-be0e-297b2b9bb7b4,2024-12-29,Late,False,,NEFT,IIFHGBRC,AGT-4762,85.0,No,43.0
d6052524-6889-4f14-ab38-ca99ebe48d8d,2023-11-01,Pending,False,1828.89,Cash,OVMTGBVO,AGT-8828,65.0,Yes,54.0
,2024-09-23,Missed,True,431.66,,TYKQGBGL,AGT-5917,37.0,Yes,43.0
b8a60ae1-1df0-4c36-a02d-91c7170ac647,2024-10-10,Paid,False,,Credit Card,MTFPGB65,AGT-0532,75.0,Yes,18.0
cdb3518c-5017-4d09-9efb-922c50b8f714,2023-09-16,Late,False,1090.9,Cash,EJQEGBM6,AGT-4906,85.0,No,22.0
6e5536c6-20f8-4d7a-9a42-02e580253222,2025-06-14,Late,False,1618.69,UPI,AAHRGBRV,AGT-4788,,Yes,42.0
2db8632e-82a8-4117-a78e-8f5e42e0dca0,2024-05-29,Paid,False,1080.87,Credit Card,TLXJGBMZ,AGT-5981,59.0,Yes,31.0
57674ea5-297c-4613-b5e2-9ded102005e3,,Pending,False,454.86,,KYUGGB11,AGT-2978,10.0,No,
79814042-8a7a-41ea-9de6-ca69f193e179,2025-01-25,Late,False,1871.1,NEFT,JCRZGBI8,AGT-7450,71.0,Yes,1.0
11b038f6-9fff-42c6-8ee0-f5673b17caef,2025-04-24,Pending,False,405.5,NEFT,RHFHGB5K,AGT-3220,27.0,No,9.0
47e539cc-80d2-4eae-b148-3dd903b85e33,2023-07-26,Paid,False,343.53,,VKJFGBU3,AGT-5026,31.0,Yes,50.0
182435fe-f17e-4321-b75a-38a5c5894e3f,2024-01-12,Missed,True,1364.07,Credit Card,,AGT-5561,62.0,Yes,12.0
7fe832e6-515c-4677-8bda-06995f4426b9,2025-01-24,Late,False,1715.66,NEFT,IJUYGB8Y,AGT-5709,,Yes,3.0
98861e6e-6753-404f-b780-9521324b5842,2025-06-28,Pending,False,172.08,NEFT,FNMVGBHZ,AGT-7358,75.0,No,31.0
6a3b052b-185e-4f68-9afd-f037952f24a0,2025-01-26,Missed,True,1683.14,NEFT,JOBCGBSC,AGT-1785,44.0,No,45.0
09657917-21b6-43d4-af7f-6f92c5a9cb93,2025-01-08,Missed,True,1314.99,Credit Card,VVYQGBHE,AGT-2823,53.0,Yes,8.0
9378b513-bf2d-4cce-93d7-fa44bf79b470,2023-10-28,Pending,False,751.05,UPI,KKZKGBZ8,,3.0,No,5.0
bebdc1ee-f29e-4c16-988f-869c6cb62ad3,2025-01-17,Paid,False,1293.39,NEFT,YHRBGB1B,AGT-4227,67.0,Yes,9.0
78d6385f-b57f-4dbc-855a-0601844b20df,2023-09-13,Late,False,1268.55,UPI,RABWGBWD,AGT-3429,19.0,,14.0
79990e5a-001e-4255-8b0e-0aa252a9e5a3,2024-02-24,Paid,False,1435.23,UPI,QUEVGBPZ,AGT-9068,10.0,No,16.0
cc2400c8-7b67-4958-b035-d47d62c68223,2025-06-18,Missed,True,1100.87,Cash,LXUSGBTY,AGT-2697,75.0,No,56.0
bc0b39f9-77be-4b29-af0a-54d3af765536,2024-12-31,Paid,False,156.33,NEFT,KRNHGB9U,AGT-4193,78.0,No,27.0
,2024-08-14,Pending,False,211.87,NEFT,CDWUGBCY,AGT-4146,24.0,No,10.0
51294e3e-e604-496b-92c4-a5ea54ac97e9,2024-12-26,Late,False,1329.8,NEFT,PNEAGB29,AGT-1103,69.0,Yes,35.0
,2025-03-07,Paid,False,788.2,NEFT,WAHIGB6D,AGT-2054,48.0,No,5.0
c43737b9-e52e-4b7a-9446-1f7c7d8db15c,2024-05-22,Pending,False,1105.71,Credit Card,UQDMGBL1,AGT-7007,2.0,Yes,33.0
d7805404-2930-46ea-9da8-f71df32ff7f7,2025-03-22,Late,False,1250.21,Cash,WKEEGB4P,AGT-5403,42.0,No,29.0
3dbc32f6-0b36-4168-a363-0ab39fe9887d,2024-10-18,Paid,False,173.64,UPI,GVRDGBTK,AGT-0595,13.0,No,55.0
51d6eab6-0065-49c9-8f2d-ccd806c9354d,2025-04-05,Pending,False,210.23,Credit Card,YTOLGB0S,AGT-7951,17.0,No,38.0
11d89426-2b95-4745-8017-a12e05071d91,2024-06-20,Missed,True,437.21,UPI,PIAAGB9C,AGT-1667,10.0,No,33.0
a1345cdf-c013-4590-b6f0-905f2699ee02,2023-07-20,Missed,True,766.6,NEFT,,AGT-1047,23.0,No,12.0
1e245202-21ac-403c-af5d-1301a78cf187,2024-10-23,Paid,False,1552.06,UPI,JBXRGBX4,AGT-6459,2.0,Yes,17.0
67f5a810-6c90-4770-a756-07705d6cf36a,,Pending,False,392.49,Cash,EWGBGBN1,AGT-8498,45.0,No,29.0
671a4051-87c0-4345-bf7b-016e70b5dcea,2024-02-24,Late,False,1583.6,Cash,ZOCBGBJA,AGT-6297,13.0,Yes,10.0
a8fee931-16bb-4fa9-8b72-79b8cc39a0d5,2023-11-20,Pending,False,,Cash,XNFOGBKS,,26.0,Yes,27.0
be14306c-eef1-4aef-b372-9b5d213ca100,2024-12-31,Paid,False,1882.14,NEFT,EVAXGBSB,AGT-7130,19.0,Yes,10.0
0b499e8c-7762-4470-9ff1-c67e7dd4d901,2024-12-24,Paid,False,1679.08,Credit Card,DUFYGBZO,AGT-5559,8.0,No,59.0
42ddc320-6037-4009-a7c2-67178ae6ed9d,2023-10-20,Late,False,1385.34,,HJEGGB2Y,AGT-4127,44.0,Yes,35.0
8f2cd7e7-548a-446f-8ba4-11a583f55e46,2024-01-03,Missed,True,1250.26,UPI,,AGT-6911,45.0,No,23.0
161477d4-1b7f-471c-9ab0-34a0e2f53c66,2024-09-25,Missed,True,900.12,UPI,FYILGBYS,AGT-9109,76.0,No,30.0
a2589998-4f32-4792-b45c-fb7c5bdb5ec9,2024-04-04,Missed,True,1205.7,NEFT,BWPPGB6F,AGT-4014,55.0,,37.0
bba76b75-170f-4234-b4d0-5c424a558479,2024-10-21,Pending,False,1357.84,UPI,AGRFGBL5,AGT-9572,88.0,No,40.0
,2024-08-06,Missed,True,,Cash,UBUYGB50,AGT-5607,20.0,No,58.0
4fe3ba70-03e1-4b39-85d4-19acd0b9bba1,2025-04-29,Paid,False,395.15,UPI,PIUUGBT4,AGT-5510,28.0,Yes,57.0
1bbe91d2-c178-4e8e-a421-179a78a1fc4d,2024-04-15,Pending,False,1131.62,Credit Card,BWJFGBSY,AGT-3010,73.0,Yes,42.0
040019e5-055d-40b0-98c3-3498155892dd,2024-06-06,Late,False,1115.87,Cash,GTFKGB7Z,AGT-0105,78.0,Yes,41.0
7de0205e-718f-4bef-a78d-afd01f99947f,2024-12-05,Missed,True,585.2,,TKLZGBJ9,AGT-0959,27.0,Yes,59.0
cbc52d8f-183c-4d83-97b3-2c73e1f99c69,2024-08-06,Paid,False,1484.12,Cash,VGHHGB15,AGT-3255,,No,9.0
a1bec9a1-c1cb-44fa-b687-40560e6ca09a,2024-04-13,Late,False,1671.3,NEFT,QTNLGB8R,AGT-2617,61.0,,4.0
3887034c-7ecc-4bb2-a371-37e57892aaf3,2024-06-05,Missed,True,1641.99,NEFT,CJTTGBME,AGT-7983,,,
5223b9de-f7fb-455c-b0d4-bceba8937629,2025-05-12,Late,False,1994.03,Cash,QBVJGB1Z,AGT-0740,84.0,No,
f3e9de20-f021-4592-b49d-d6d8358dd7a4,2024-04-07,,False,992.32,NEFT,NJMFGBAD,AGT-7996,9.0,Yes,44.0
e031b69f-130f-4f86-b2e0-854b5b3a2b92,2023-12-28,Paid,False,1300.65,NEFT,UPHGGB8A,AGT-5676,73.0,Yes,57.0
75ae44ba-3bda-44e8-a571-e20affe0e889,2025-03-06,Missed,True,1768.89,UPI,LMIOGB5W,,89.0,No,56.0
beb00f7d-1f48-4242-93c0-5a75d2b92faf,2024-06-24,Pending,False,,Cash,VOSKGB5L,AGT-0075,2.0,Yes,41.0
d9d5ee3f-98ee-41dc-9aa8-b57da4140162,2025-06-17,Late,False,1666.46,Credit Card,JUIQGB07,AGT-0727,11.0,Yes,
7ac8c959-e268-4fa5-843c-84033bf6b863,2025-03-22,Pending,False,489.42,Credit Card,RKHGGBXU,AGT-6804,86.0,Yes,32.0
90e7d1f7-55c5-4de6-bdc5-defee67f44da,2024-04-11,Paid,False,1030.16,NEFT,LOWEGBZD,AGT-1599,38.0,No,21.0
1144dcaf-84b9-49c5-b0a0-1d6d0684e3b8,2024-09-27,Pending,False,292.34,NEFT,WCMZGBNI,AGT-2669,69.0,No,8.0
97e770ad-8479-4f35-86ca-10fbe827670a,2024-07-20,Missed,True,1698.51,NEFT,NHMEGB59,AGT-0699,75.0,No,
92fbdf9d-df55-4b09-a635-8b1e2a96ba2a,2023-12-13,Paid,False,742.18,Credit Card,YKFSGB9W,AGT-5509,41.0,No,
94c6899b-d14d-4389-b283-0fe0140d3035,2024-04-06,Missed,,130.29,Credit Card,WSZVGBQO,AGT-7004,38.0,Yes,57.0
8acec3e6-3359-4a6c-b87c-5ff5a62f6c92,2023-11-25,Paid,,430.24,Credit Card,FVMCGBX7,AGT-3841,20.0,No,46.0
f56b4aa3-5044-43cd-928a-e07c50bc581b,2024-07-05,Paid,False,1211.46,UPI,ATMPGB0U,AGT-4017,38.0,No,45.0
69da0890-e7a2-4cb8-8db6-c2e58ae8f724,2024-03-07,Pending,False,1944.3,Cash,JSOFGBI9,AGT-4147,32.0,No,42.0
87ab163d-726c-4306-9b07-999a0965d984,2024-10-22,Pending,False,455.62,Cash,GYVMGB24,,76.0,,33.0
7309a870-d65f-4695-a28f-bba619f9f9f9,2024-10-22,Missed,True,1882.81,UPI,ZRZGGBCQ,AGT-7417,67.0,No,32.0
5e16b38a-4555-4c27-91e9-086a0862498c,2024-03-16,Paid,False,642.27,Cash,GYJXGBH3,AGT-7489,,No,50.0
3b174a13-6eff-4ccc-b4cd-af9a5589fb1b,2023-09-29,Missed,True,309.03,Credit Card,,AGT-5211,39.0,No,22.0
64bfa89f-27ab-4439-8670-3df6d0426059,2023-11-07,,False,339.7,UPI,QLBLGB3U,AGT-1233,29.0,No,59.0
4d855270-225b-41fe-a4f7-6156b1d7e872,2024-10-28,Paid,False,192.15,UPI,SUFIGBDV,AGT-0816,45.0,Yes,24.0
5fb898a5-28b5-4afb-8ae8-92f0efa744b9,2023-10-06,Paid,False,1374.33,UPI,JJGPGBMR,AGT-2937,43.0,Yes,7.0
8219c882-23b8-48e9-b264-9bf3b2d9b130,2023-11-04,Paid,,1372.42,UPI,SWCXGBZU,AGT-7003,87.0,No,5.0
b5cf2444-dffa-42a7-a063-e47f6967a84f,2025-01-01,Paid,False,226.84,Cash,,AGT-6636,2.0,No,55.0
f318bae2-9b09-4983-9ee1-37cb7b4e6c7a,2025-06-06,Pending,False,712.06,Cash,OFNWGBZZ,AGT-9525,48.0,No,50.0
8eb31405-0d86-4d36-a31f-845dc27dec82,2024-06-15,Late,False,1732.93,Cash,NLMZGBQV,AGT-8141,1.0,Yes,13.0
89add511-7ab3-418c-961d-8a209af27bff,2024-03-21,Late,False,139.76,UPI,ZQYIGBSN,AGT-6388,3.0,Yes,9.0
86775d90-9147-4bba-9d24-a96b2e9f4529,2024-08-01,Pending,False,758.01,NEFT,KMIFGBTB,AGT-3297,82.0,,58.0
,2025-05-10,Missed,True,1376.79,UPI,JPHAGB9D,,83.0,No,38.0
5895e889-e3b1-49e9-a1cf-295060935a27,2024-08-22,Paid,False,1924.53,UPI,ZNLQGB4Z,AGT-4585,,No,20.0
95bf52c0-199d-42a6-873c-cfeca62a1430,2025-05-30,Missed,True,179.22,,DWOTGBG6,AGT-0951,44.0,Yes,26.0
61202aa8-d9d9-4db6-ada2-321bf4dfd1e6,2023-08-04,Late,False,1230.41,Credit Card,EUUXGB49,AGT-6191,9.0,Yes,43.0
2870203f-085b-466e-aba4-4be8005927c0,2024-05-09,Paid,False,680.04,Credit Card,FMVPGBB3,AGT-7290,56.0,Yes,27.0
85b4f46b-dd29-46c1-8363-03d0e8f69c2c,2024-08-14,Late,False,220.37,NEFT,,AGT-6640,72.0,,1.0
6a2bb771-2ecd-4db4-9174-e618ac3a859b,2024-02-13,Missed,True,1759.33,UPI,VVQCGBOW,AGT-8461,28.0,No,32.0
aba36161-b650-44fe-b16d-9cbac7994057,2023-10-13,Pending,False,785.95,NEFT,UJTDGBYR,AGT-1173,45.0,No,28.0
8cfd75e2-372c-4599-9aab-5ad055d4e295,,Missed,True,1487.03,Credit Card,CSBCGBHT,AGT-7579,34.0,No,20.0
b346c18d-c8ed-4063-8beb-4833ea4a2ed8,2024-12-10,Missed,True,652.65,Cash,GANBGB2K,AGT-1763,1.0,Yes,15.0
7f9721e2-029b-4f2e-9e48-7cc6d815c536,2025-04-29,Missed,True,1596.76,UPI,HRQIGBZB,AGT-4899,51.0,No,59.0
5d149852-6a21-49d4-8d5f-b4c72f6572ab,2024-11-19,Late,False,571.26,Credit Card,PINKGBY0,AGT-2337,78.0,,33.0
c0bf5830-96e1-4878-bfcc-3cb08123e803,2024-02-19,Missed,True,1277.12,NEFT,NTTLGBP0,AGT-7779,86.0,No,47.0
09ba4b99-d37a-49b5-bd83-00b0183069e2,2024-02-27,Late,False,1139.19,Credit Card,,AGT-2607,53.0,No,54.0
bfb1d9c9-5260-46cc-84b0-cc4b43170475,2025-07-16,Late,False,,NEFT,NWSOGBFB,,9.0,Yes,43.0
b22af9f2-2389-4f18-baca-32ae9ed3b3db,2025-03-01,Late,False,1571.77,UPI,FNJXGB17,AGT-7466,22.0,No,16.0
b1ed0c6d-693f-4431-9224-3d1e61d771aa,2024-08-31,Late,False,138.66,Cash,LXGSGBW1,AGT-4896,75.0,Yes,14.0
94f62920-d58a-4cc0-bf43-d301b2284a04,2023-12-27,Missed,True,1268.77,UPI,JHHUGBHN,AGT-6119,60.0,No,25.0
ae497c70-0356-4e62-a73b-d2f56a21acec,2024-11-05,Late,False,,Cash,YWILGBAL,AGT-4889,15.0,Yes,22.0
97e40cb7-860d-4b83-a1c4-baf1c6c3b3d7,2023-08-27,Missed,True,1013.27,Credit Card,CCFYGBAI,AGT-7267,,Yes,8.0
3136425f-b17a-4f9b-b569-7c2d7efba47d,2024-04-03,Paid,,1309.58,NEFT,EGFVGBXY,AGT-9007,28.0,Yes,48.0
23d3b008-7c93-4079-9db5-a28e8e557080,2024-10-24,Missed,True,1108.43,UPI,AZWEGBX7,AGT-5337,79.0,Yes,15.0
32ea662d-34c9-43c5-896b-43b8b1b2821e,2024-01-09,Missed,True,1637.68,Credit Card,EEFSGBX0,AGT-2421,65.0,Yes,7.0
40366cf0-9997-4794-9f9b-795593b551b7,2023-10-11,Missed,True,1861.12,NEFT,RENBGBDO,AGT-7299,30.0,Yes,18.0
,2023-09-10,Pending,False,695.31,,EFYBGBKN,,25.0,Yes,51.0
f859fcfe-2154-44af-9109-d07a645c4fe0,2024-03-08,Pending,False,1558.15,UPI,AMCIGBXG,AGT-2987,54.0,Yes,21.0
c81f86c6-5cf1-4747-b7e4-4502765d5ac8,2024-01-04,Late,False,1182.13,NEFT,GRBEGBXZ,,11.0,Yes,6.0
983b1272-961f-4d37-b06a-bee94c089964,2024-08-24,Pending,False,252.21,UPI,JKEYGB4L,AGT-8138,18.0,Yes,
6901463d-4f4b-41e7-a499-b89488d386ed,2025-01-07,Late,False,1991.26,UPI,CMDMGBG0,AGT-1006,51.0,,36.0
54801286-8908-4a95-b139-c821379f501b,2024-10-18,Pending,False,1867.95,Credit Card,RHJXGBY4,AGT-5952,49.0,No,
dd8904ea-6193-4ed7-a610-3a73979a3cf8,2024-06-20,Pending,False,1253.28,Cash,FCMTGBYG,AGT-0915,66.0,Yes,3.0
6185b5b4-e49e-485a-ac6e-e0e0ecfdadc2,2024-09-04,Missed,True,661.86,NEFT,NIPUGBQD,AGT-7106,26.0,No,13.0
dcbe6339-e023-4d62-a3b5-3a576ec7f262,2024-05-16,Missed,True,369.5,Credit Card,LGPTGBJJ,AGT-1181,86.0,No,56.0
500dfc87-b829-416a-8653-b333e3e26582,2024-12-02,Missed,True,1353.77,Credit Card,VVTPGBYT,AGT-6437,51.0,No,54.0
4b56b786-8650-4e52-9adf-9fc4ff7345a0,,Missed,True,540.52,UPI,TLIFGB5V,AGT-9599,70.0,No,57.0
113a8d43-d0f0-4e57-b7a8-4894f3ed7364,2024-08-14,Late,False,,Credit Card,RRSGGB0D,AGT-6891,88.0,Yes,21.0
b7893f44-4e3c-4a33-ad01-2cfcaecb40ee,2024-05-29,Missed,True,421.47,UPI,QAZNGBCT,AGT-9294,63.0,,27.0
9fc9c628-2cfe-4348-9468-65909ce7eece,2024-03-13,Missed,True,153.55,Credit Card,SFJPGBY5,AGT-8306,23.0,Yes,41.0
5c44f5cd-835d-440a-9230-4faf7aa67b64,2023-08-24,Pending,False,1968.31,Cash,XKLJGB3K,AGT-2698,43.0,Yes,10.0
5d5f2424-e811-4aa4-aced-3d50bcb6f26e,2024-10-28,Missed,True,1496.49,UPI,QOVGGB07,AGT-6616,40.0,No,28.0
d0eda983-ddf1-43de-872f-389c1475059b,2024-08-17,Paid,False,231.9,UPI,DHXZGB3L,AGT-7817,70.0,Yes,33.0
,2024-08-09,Paid,False,1786.45,Credit Card,QMUSGB2W,AGT-3920,69.0,No,1.0
7654be44-d83c-4f03-8ad8-0e6a5bbe0ff8,2024-03-09,Late,False,953.29,Cash,LUQMGB8E,,72.0,Yes,48.0
57371606-578d-4a94-953b-15d7838f8528,2025-06-01,Pending,False,151.0,Cash,RUZIGBK0,AGT-5718,84.0,Yes,39.0
cd23ef48-c1ac-4101-a91c-3cba7f7b290e,2024-11-25,Pending,False,1203.68,UPI,HNWIGBMW,AGT-3061,82.0,Yes,8.0
061a8cb5-4d98-41e0-9ed5-bdbd38f38366,2025-03-27,Late,False,1029.34,UPI,ANQVGB1G,AGT-8942,15.0,Yes,39.0
ab619f9c-5a43-433c-a07e-666ca442492f,2024-02-08,Missed,True,558.11,NEFT,GBGCGB7Y,AGT-4052,44.0,Yes,22.0
ca0b4a26-5aca-451c-ab4c-6494f6535e3a,2025-03-18,Pending,False,1417.9,NEFT,SVBEGB3Y,AGT-5245,26.0,No,17.0
80512a3f-c0a8-46bb-836b-3443edef0a6d,2024-04-05,Late,False,375.09,UPI,DFPPGBZI,AGT-9648,36.0,Yes,33.0
a19fa25d-fb22-44df-86c1-4e8f90936845,2024-08-06,Pending,False,1020.03,NEFT,ZTYFGB5A,AGT-7398,22.0,No,53.0
57098cb1-24ee-4528-a6ca-3f4252839376,2023-09-06,Pending,False,1572.3,UPI,LVRWGBKC,AGT-2571,3.0,Yes,46.0
3d619a2f-5e29-4aff-8f0b-9a8d24308e2c,2025-02-15,Missed,True,1374.31,UPI,OQERGBHO,AGT-6726,62.0,Yes,31.0
4150718f-da9b-4b24-8e10-d85388bd6378,2023-10-22,Pending,,1198.53,Cash,JVAPGBTJ,AGT-5498,37.0,Yes,1.0
f506de57-eece-4181-b82f-a01647a462fb,,Missed,True,883.61,Credit Card,MRAJGB6J,AGT-3449,69.0,No,42.0
6ac0ead9-c12d-4773-83e2-07739b8be0f5,2023-12-20,Pending,False,1948.09,UPI,SBZWGBN6,AGT-0368,,No,1.0
8576df0b-1bb9-4b4c-b4ab-5947de6d1816,2023-10-05,Pending,False,1314.45,NEFT,,AGT-3464,52.0,Yes,
c03a42c4-730f-43d5-bced-29726c2f8edc,,Paid,False,901.67,UPI,NEIFGBPF,AGT-5744,57.0,Yes,26.0
04ce60de-ce12-4331-ace3-7292ce235a50,2025-01-28,Paid,False,485.32,UPI,XUDEGBN0,AGT-3777,83.0,No,51.0
50a3da84-432b-4283-8f99-d4c8d2be4f90,2023-08-12,Late,False,1030.43,Cash,AZEZGBXY,AGT-7379,65.0,Yes,28.0
3d8c7314-a0d0-4cf8-aef4-51ec9714484e,2025-07-11,Late,False,971.94,Credit Card,WNPHGBQI,AGT-1166,49.0,No,32.0
aa3b6d6e-99a6-4d78-8b73-4fc59d981bac,2023-08-28,Late,False,135.52,Credit Card,KDXQGB8V,AGT-6043,78.0,Yes,16.0
f3d44772-ff63-461c-ab1f-da9656189b1c,2024-10-30,Missed,True,1200.1,UPI,VXKFGBRY,AGT-0559,67.0,No,27.0
395fc5fc-978d-4820-b759-e9fcb2117110,2024-04-14,Paid,False,1341.57,Credit Card,QHBAGBA1,AGT-8752,81.0,No,26.0
36004e9c-a8b6-4549-b56f-e35ba5a1159d,2023-11-14,Pending,False,1313.74,Cash,ZNXMGB2X,AGT-5763,84.0,Yes,10.0
b814f978-b21d-43ec-8781-97dba35129ad,2023-12-04,Pending,False,1069.14,NEFT,JVRAGB5X,AGT-4041,55.0,Yes,
55076de6-0ffe-4a39-938a-ea2322bdd5e5,2024-07-03,Missed,True,1464.79,Cash,BHFGGBU7,,82.0,Yes,14.0
711f4ba1-f867-4719-9bfa-1714c909095e,2023-11-15,Missed,True,261.0,Credit Card,MPOSGB61,AGT-6492,62.0,Yes,52.0
91354ad3-979a-4daf-b89a-74c6d5fd1d6b,2024-05-26,Pending,False,1290.59,NEFT,HQPJGBKQ,AGT-9112,88.0,Yes,4.0
766457fa-5836-4f90-ab98-40a351ddd47b,2024-01-20,Paid,False,1363.71,Cash,EWFRGBQW,AGT-0467,63.0,No,46.0
6f98ae41-65bf-42fd-8422-e935ee8cf590,2024-10-15,Pending,False,461.46,NEFT,XNWKGBAL,AGT-3829,57.0,Yes,28.0
,2025-01-10,Pending,False,1487.68,NEFT,HVDVGBZA,AGT-7239,75.0,No,33.0
e56b8a84-950b-49b5-a2a3-b449a5f401f3,2024-02-02,Pending,False,1196.9,NEFT,FDEQGBPS,AGT-0122,54.0,Yes,8.0
154fc5c2-c779-4118-b592-1b1cdbdf378c,2023-08-01,Late,False,336.37,Cash,OIRQGBZD,AGT-0895,5.0,Yes,15.0
68879357-3d85-47f0-8988-54eb934607e0,2025-06-02,Paid,False,1750.34,Credit Card,UBXXGB73,AGT-0739,21.0,Yes,40.0
,2023-11-08,Late,False,252.1,NEFT,APCDGBE6,AGT-4982,58.0,No,36.0
d9c5e8c4-0aaf-4e20-b339-051160ccb409,2024-08-09,Pending,False,656.37,NEFT,JCFCGBZM,AGT-7375,65.0,No,36.0
11bca915-efe1-4ab6-815c-87cd96573d58,2024-04-09,,False,801.3,Cash,PLEQGBKW,AGT-4711,31.0,Yes,53.0
6cff5510-c901-4496-a345-4dd2a759444f,2024-11-10,Missed,,868.11,Cash,VRULGB0Y,AGT-9534,43.0,Yes,
acf09b1f-dd52-4510-be97-7f27557ee46d,2024-04-17,Late,,1893.0,UPI,FVALGB39,AGT-2232,7.0,Yes,20.0
66240f14-d3cf-4198-be80-0fd40593e71b,2024-11-10,Late,False,1574.99,NEFT,BNDCGBTV,AGT-9183,34.0,No,35.0
35aceea3-caf4-4de7-bd7d-ea9b1ad4b411,2024-05-05,Missed,True,1889.19,Credit Card,PTDCGBYV,AGT-1341,52.0,Yes,58.0
300b1b16-b792-49aa-8213-c52579e1776c,2024-11-09,Late,False,414.22,Cash,VMZQGBV2,AGT-4792,63.0,No,58.0
48515a70-cf63-4c60-9dcf-d053a74c88d9,2025-01-31,Missed,True,1250.05,,MKPKGBNU,AGT-5353,18.0,No,58.0
7953eb7a-1179-4e0c-b003-cb3c9f654024,2025-03-03,Paid,False,492.69,UPI,QKOUGBXT,AGT-1363,86.0,No,19.0
fc375ea0-fa6a-4b65-b897-b1c785a1cbf9,2025-06-09,,,,Cash,XROMGBD9,AGT-3704,43.0,No,44.0
e372423a-80ef-4345-b3aa-1d6fff97d98e,2024-08-03,Paid,False,1904.71,UPI,CZFRGBAN,AGT-6602,78.0,Yes,3.0
,,Pending,False,113.57,Credit Card,JOSVGBPX,AGT-7630,80.0,Yes,25.0
90ef6893-2e5e-4efa-9095-56b139807b53,2025-02-22,Pending,False,1200.32,Credit Card,HCRVGBVD,AGT-3374,41.0,No,5.0
627c3595-ecd9-4992-9d73-4a890477ce16,2025-06-14,Pending,False,1828.78,Credit Card,OUMNGBV7,AGT-7997,84.0,Yes,37.0
ea53cea9-4602-47b3-aef7-06f874c46538,2023-08-07,Pending,False,872.86,NEFT,,AGT-5839,54.0,No,26.0
31035aac-8dd2-464e-bd5f-ef920da558b4,2025-05-18,,False,878.53,Credit Card,EDFUGB24,AGT-5513,60.0,Yes,5.0
5847be54-b82a-42aa-8b16-37d422ef171f,2024-01-17,Paid,False,1240.62,Credit Card,VICQGB4K,AGT-3837,37.0,Yes,6.0
24aa5c1b-e3c1-4382-98b5-e71e6dd06a5d,2024-08-24,,False,467.83,UPI,LUMYGB0Z,AGT-9096,25.0,No,36.0
130c19ad-f861-4aed-83e2-e1bce73a8f5c,2024-06-21,Late,False,1117.7,Cash,LNQCGB1U,AGT-3902,81.0,Yes,20.0
c19b4391-85f0-477a-aeaa-fd06f3329bac,,Missed,True,941.09,Credit Card,FLHMGB0X,AGT-1301,23.0,No,30.0
70cfbcd0-ffe5-4f7a-b471-18b49139f81d,2024-05-27,Pending,False,1586.79,NEFT,MQUIGBG2,AGT-3748,56.0,Yes,33.0
0b94e353-867f-4e5c-be3d-410d3908504c,2023-11-03,Missed,True,876.77,UPI,APEUGBRO,AGT-6331,37.0,No,14.0
b41b9629-82f4-40e3-ae63-7e62306d1e77,2025-05-12,,False,1876.11,Cash,GDGPGBZA,AGT-8518,10.0,Yes,7.0
8b1a1dc8-e8af-42f6-8bff-0a31c5886516,,Paid,False,1125.75,,BLEZGBD7,AGT-9793,28.0,Yes,8.0
b0a2ac76-bd43-4a63-9967-0780ea2b220d,2024-07-21,Pending,False,1996.56,Credit Card,GMKKGB7C,AGT-2893,56.0,No,34.0
9cda24de-a2be-4b89-b3fa-3da8cc3afa5c,,Pending,False,1078.44,Credit Card,ZJHMGBHL,AGT-0765,76.0,No,16.0
eec57bf6-fd57-479a-833a-ebf88ea52888,2024-10-02,Pending,False,1928.65,Cash,LOLVGB6P,AGT-5015,43.0,Yes,3.0
77094984-6b90-43bc-8d85-44bcbe8c1d9d,2024-11-05,Missed,True,1624.0,Cash,VSDDGBAZ,AGT-8482,65.0,Yes,46.0
47019449-0ed9-45c0-86f5-247052c477d1,2024-02-06,Late,False,1946.42,Cash,SWJVGBFB,AGT-7551,42.0,No,59.0
083aabac-44fe-4f57-b196-f68ea8267bd4,2024-04-24,Pending,False,945.0,Credit Card,DWUNGBXL,AGT-3322,69.0,Yes,
5cd2261a-8b5f-44ac-8113-ee95f1642186,2025-01-08,Missed,True,,Credit Card,DKNEGBYE,AGT-7117,5.0,No,6.0
cf5c42ba-ae95-40df-a5e7-1c6102466e10,2025-04-09,Pending,False,808.81,NEFT,CGBZGBFF,AGT-1463,53.0,,23.0
bdf47242-ef01-4524-a5b9-7446fb3fd899,2023-12-25,Pending,False,1273.05,UPI,KHJUGB6K,,88.0,Yes,17.0
6523a3cf-7f54-44d8-8317-a0ce45f20ae7,2023-08-14,Paid,,951.77,Cash,GNHKGBXK,AGT-1910,16.0,No,59.0
c4f53def-a2ac-4e0f-a146-e49f1d6c8cef,2024-03-22,Pending,False,1276.53,Credit Card,DCTQGBMY,AGT-1238,36.0,No,28.0
c2b87ed8-f462-46a5-bb5a-af5e4633f1f5,2023-10-05,Pending,False,1262.68,Cash,UGSEGBU7,AGT-7919,87.0,Yes,5.0
3ebd4123-1de4-4be5-844d-aa6028faff76,2025-05-23,Late,False,,Cash,PZZYGBEB,,12.0,Yes,39.0
bde044f6-85af-4a8f-a4f2-557054144fc9,2023-10-16,Pending,False,719.17,NEFT,WRGXGB9E,AGT-0054,3.0,No,8.0
fba68bd8-c6ff-4c84-b5ab-c156c11028f8,2025-05-11,Paid,False,844.38,UPI,JWWOGBVB,AGT-3661,61.0,Yes,5.0
92841c77-e066-4b19-b93c-4ce67c8391bf,2025-04-12,Late,False,1915.24,Cash,COFJGB8U,AGT-9522,58.0,No,21.0
13319ea1-3524-4c03-b54d-575a791ad1b7,2024-05-19,Late,False,1895.13,,VPSPGBRR,AGT-9773,8.0,Yes,27.0
71a31f2a-c269-4401-bada-30b70f5a93c9,2024-04-15,Pending,False,258.64,UPI,PRDZGBM9,AGT-9230,38.0,Yes,36.0
715a58f4-c0ee-4355-b3b9-281b05e3fee7,2024-09-10,Pending,False,214.82,NEFT,OQJOGB1C,AGT-2257,46.0,No,21.0
d4481f1e-5c75-45b3-a816-3075c323d844,,Paid,False,803.47,Cash,XPIIGBJS,AGT-4249,24.0,No,45.0
57c3d2b8-3ebf-430d-ad40-2ee480165b3f,2025-01-06,Pending,False,1094.86,Credit Card,,AGT-3210,14.0,Yes,39.0
329fc9a2-ca64-48c8-ac01-202059bce109,2025-04-06,Missed,True,128.24,NEFT,,AGT-2187,58.0,No,18.0
d86d4249-a852-4050-9332-af860557a317,2024-11-06,Paid,False,1469.74,NEFT,UANPGBDL,AGT-2516,18.0,No,2.0
8c643bdd-2f12-4fbc-8e3d-4839bb7c01fc,2025-07-17,Pending,False,1197.15,NEFT,GFDQGBJ0,AGT-7911,6.0,No,11.0
a016f446-a8bb-4438-ada6-76e7b90ec732,,Missed,True,1304.64,UPI,QRDBGBUA,AGT-6824,55.0,No,17.0
a150eb24-1878-4519-b299-1ede666b79e3,2025-01-08,Paid,False,319.77,NEFT,BOOWGBO0,AGT-2056,63.0,,48.0
84abfaa7-e6c1-43aa-b0cc-7fef8d2b9a06,2023-12-25,Paid,False,1077.25,NEFT,ADWXGBP4,AGT-1656,48.0,No,42.0
dc27b399-c853-4971-88b9-d3b72f4f3589,2025-06-08,Late,,893.12,UPI,XAAYGB3U,AGT-0318,39.0,No,40.0
9e80a416-9a54-4c17-a628-f8fa83e572fb,2023-08-01,Paid,False,1637.24,NEFT,UFENGBNE,AGT-5967,77.0,Yes,54.0
72bee990-1a70-40f8-ae0e-459be0cc6012,2024-12-04,Paid,False,422.99,UPI,YBTWGB8N,AGT-8668,88.0,Yes,3.0
cd22ca8e-614f-4217-8187-cab8bdf09758,2024-01-14,Pending,False,583.54,,,AGT-4391,12.0,No,35.0
d683ec23-9b9c-45a1-816c-fe5303c93564,2024-07-03,Missed,True,532.6,Credit Card,PXIMGB2L,AGT-4588,72.0,No,18.0
9c8de083-345a-421a-ae37-7dfc9bbc809f,2023-12-12,Missed,True,,NEFT,EZQIGBTF,AGT-6879,51.0,No,13.0
45482959-696d-432f-be4d-55148da6e7e5,2023-07-26,Late,False,1351.0,Credit Card,ZDVVGBFW,AGT-7711,86.0,No,29.0
dd68138c-6330-4fde-880d-7e09b6786e8d,,Paid,False,401.34,UPI,SCOCGBZ9,AGT-5833,33.0,No,5.0
0ddf630b-d88d-4b2f-a097-f5d3c52c3318,2025-07-11,Late,False,1558.63,,UMEFGBVH,AGT-4523,55.0,No,18.0
b44dcc15-c13b-4c8b-ab2d-e732832b77cc,2024-04-25,Missed,True,1539.3,Cash,UMEYGBAD,AGT-9210,63.0,Yes,4.0
de0c7b5e-26d0-4630-a3e8-8eeb3e36a4b1,2024-07-11,Paid,False,323.14,UPI,TDCIGBSY,AGT-7531,34.0,Yes,34.0
dcc53b6b-6bb8-43bf-9462-6ec1f60e24c8,2025-03-26,Paid,False,651.07,Cash,SOEBGBLQ,AGT-7826,80.0,Yes,5.0
01fad10c-8db5-4548-813a-4d2ea1b87baa,2024-10-29,Paid,False,,NEFT,NPNWGBHW,,54.0,No,30.0
ca3e6163-6138-49c4-a7e2-284fb9783967,2024-04-18,Paid,False,1613.49,Credit Card,WHIQGB5F,AGT-9706,81.0,No,56.0
dbd60b08-eb56-496b-91ab-90caa0867f58,2025-05-31,Pending,False,437.95,Credit Card,GOZBGB4D,AGT-8037,23.0,No,25.0
c42bd4d2-81e6-4502-b7bc-ced9a45ee48d,2024-11-09,Paid,False,253.18,Credit Card,XCOTGBQP,AGT-0819,17.0,No,46.0
032da5a1-0e79-4583-aac0-6237621e1372,2023-12-10,Late,False,412.75,Cash,EELXGBAQ,AGT-6559,83.0,Yes,12.0
4fd48d9f-2d23-4c70-8593-b23764ba987b,2024-04-22,Missed,True,1424.27,NEFT,JLDUGB24,AGT-8915,,No,23.0
c78f17b2-f977-4161-9a79-eb5d13673356,2024-04-30,Missed,True,509.31,NEFT,IVPOGBJS,AGT-7564,39.0,Yes,55.0
815e90a0-7682-421c-801a-9833fb7916c1,2025-06-19,Paid,False,1569.7,Credit Card,CQRFGB3X,AGT-4314,64.0,No,47.0
203cf87d-e09d-4c1e-9f20-3254234f3d78,2023-08-25,Pending,False,1144.05,Credit Card,JXAEGBL8,AGT-9337,66.0,Yes,47.0
9630cc49-d5d4-408e-a8be-95e7269090a5,2025-02-13,Missed,True,244.37,UPI,,,70.0,Yes,59.0
,2025-01-14,Pending,False,398.85,Credit Card,LXBGGBPE,AGT-1113,70.0,No,56.0
cc016cb4-32a7-4dd8-b011-a8886dcc0ec7,2025-05-24,Missed,True,691.78,Cash,EPUCGB81,AGT-2657,12.0,Yes,45.0
ce403d1b-d1bc-4ac8-8643-acaeb42f81e4,2023-12-29,Missed,True,735.46,Credit Card,PLDRGBPK,AGT-7309,73.0,No,42.0
eba908be-ec6c-4f73-80ad-97ced8b851d6,2024-01-21,Paid,False,1904.94,Cash,ZVIPGBSM,AGT-8412,76.0,No,
8870c4f3-2ec3-4ef1-b834-bc2c7f389778,2024-01-09,Paid,False,1630.86,NEFT,NWLXGBGB,AGT-1417,19.0,No,41.0
8fc656b8-fabf-490b-bf2c-7ada9da33227,2024-01-24,Late,False,301.39,Credit Card,YCYVGBJC,AGT-6056,53.0,Yes,40.0
93af4b28-7fa9-408f-bbf9-ef8fa497e8ba,2023-10-08,Missed,True,164.83,Credit Card,VZMBGBH3,AGT-3111,75.0,Yes,21.0
e1b17c53-5243-46b6-b50d-82a45dd73134,2024-08-22,Paid,False,,NEFT,WATTGBB0,AGT-3368,,No,11.0
9f5c8071-de25-483d-bf13-7c72a28034db,2024-05-05,Missed,True,1427.81,Cash,BTCCGBNT,AGT-7839,50.0,Yes,12.0
159e5b4e-468d-4c8f-9b4c-b5c91ea1c0f6,2023-11-16,Missed,True,,UPI,THEZGB91,AGT-3668,88.0,No,20.0
d64210ee-fc22-42f6-80f3-b7721f4a7fb9,2024-07-07,Late,,1453.31,Cash,LPPTGB5P,AGT-2192,37.0,No,
dcf08434-9c4e-4727-8a8c-eae8b1d98f67,2024-07-03,Pending,False,498.45,Credit Card,FNWHGBJO,AGT-8046,0.0,Yes,37.0
f11fa238-b587-4707-aed2-4b7cdb94d4a3,,Paid,,1149.76,Cash,RROPGBPX,AGT-4422,51.0,No,30.0
af5198df-879d-4fcd-9e8f-4c065d84af22,2023-07-30,Late,False,1515.76,Credit Card,,AGT-5070,66.0,Yes,12.0
dd77a8da-4c5c-4ea3-87ca-8add5f801140,2024-05-29,Paid,False,,,ZADQGBZI,AGT-2756,8.0,Yes,17.0
b379eaa8-6176-40fb-949e-68c6929e4651,2023-08-26,Pending,False,516.06,UPI,ONBYGBA1,AGT-1213,59.0,Yes,54.0
5f29f5cc-ce46-4f4b-bd56-c315c5dce3fb,2023-08-10,Late,False,1274.07,UPI,IFKBGBAM,,63.0,Yes,14.0
8696e670-bedf-4644-9627-9f22a2c9be65,2025-01-07,Pending,False,924.23,NEFT,LFFLGBKQ,AGT-8305,67.0,No,42.0
08e67e30-15c4-4c61-a1fc-291fd3e065a5,2023-08-24,Paid,False,1150.55,UPI,KIEQGBMI,AGT-9535,2.0,Yes,18.0
21230cf8-1d00-4aa5-9266-f6b213f89c16,2025-07-02,Paid,False,281.71,NEFT,KPNRGBX9,AGT-2193,76.0,Yes,47.0
d20e8a55-6daa-47bd-8d82-c8b9a37602f1,2023-08-27,Paid,False,,Cash,XFMSGBGV,,71.0,Yes,36.0
f0005126-c21c-4f97-b6d3-eb4cbdae3583,2025-01-06,Late,False,411.31,NEFT,ZQNVGBHZ,AGT-9007,,No,35.0
3c6d8535-80a5-440c-90e7-c01de09b3587,2024-05-25,Paid,False,1488.1,UPI,HTOXGBEA,,80.0,No,20.0
2cccfed2-cadb-4f24-81cc-fdbc7566d363,2024-08-06,Pending,False,334.16,,JPUMGBGG,AGT-6813,37.0,No,26.0
4510d09f-fc72-4fef-8041-01a1e44c00d5,2023-07-21,Missed,True,1157.51,Cash,RTIBGBGP,AGT-2041,44.0,Yes,25.0
4f71f104-1ff6-404b-a167-0e4fcef7b410,2025-02-21,Pending,False,516.98,NEFT,HGJFGBR8,AGT-9494,55.0,No,59.0
b7ecdc53-4bc7-4437-a845-04eb09214ce7,2024-08-02,Paid,False,1085.19,Cash,JDTJGBE2,AGT-5203,29.0,No,27.0
692b6cc7-e823-4be5-bf92-ce145ed64986,2024-09-10,Pending,False,1627.88,Cash,EROUGBWK,AGT-7893,23.0,No,52.0
5192d99e-adb8-42b8-be79-7a6fbc1b9c4b,2025-04-22,Paid,,251.69,,RNPAGBEN,,,No,32.0
,2024-01-24,Missed,True,945.3,NEFT,TELNGBY5,AGT-9542,0.0,Yes,47.0
0aa4154a-85ec-4a94-9259-9918a740462f,2025-07-09,Paid,,1670.88,,KMBMGB5F,AGT-0205,89.0,No,59.0
fd37281f-f8c5-44e1-9c1a-f5121fe08bf1,2024-09-19,,False,1082.32,Credit Card,VGXIGB07,AGT-1979,85.0,No,17.0
,2024-04-06,Missed,True,1306.56,NEFT,MNXEGBC7,AGT-1835,66.0,Yes,45.0
6dedd715-65cb-462e-9f9d-197b4545c61d,2025-03-05,Late,False,678.44,Credit Card,MCSAGBEJ,AGT-1300,8.0,Yes,22.0
06f5e2f9-bc12-4590-a9ed-da87c41ed60d,2023-10-05,Late,False,536.46,UPI,EOEDGB73,AGT-0955,31.0,No,59.0
07f8d951-3fa5-4e88-b260-2fbe4186b3f3,2024-01-05,Paid,False,1797.28,Credit Card,IDHGGBWM,AGT-2565,86.0,No,1.0
0e2c956e-34a0-4148-b9ba-918a1091d851,2025-06-02,Missed,True,,UPI,EQESGBR9,AGT-5234,55.0,Yes,17.0
138a31c7-869d-4cc9-af56-fa3029cdf465,2023-11-08,Pending,False,654.46,Credit Card,ANHZGB65,AGT-7978,67.0,No,40.0
70a35dc3-8a71-4ec1-afad-e84636a9936f,2023-09-15,Pending,False,,Credit Card,NDWUGBM6,AGT-0939,86.0,No,21.0
6f8a8d5d-d7fa-415c-b19e-724bb9980cdd,2023-12-29,Pending,False,1728.04,NEFT,JHDFGBM9,AGT-4189,86.0,No,11.0
40570ab0-10a0-4681-baf1-c804dde68970,2024-02-16,Late,False,1948.34,Credit Card,FJBFGB59,AGT-6033,86.0,Yes,52.0
1626e636-828c-4c94-beb5-146dce40be5d,2024-04-07,Late,False,1654.01,Credit Card,LPKFGBPA,AGT-7583,21.0,No,19.0
8d4728a1-de9f-4e41-b88a-51855e68f210,2024-05-24,Late,False,1621.04,NEFT,RHRHGBP8,AGT-7855,55.0,Yes,6.0
d880f646-c78d-48cd-b51f-f04cfa8c1a46,2024-03-08,Pending,False,437.06,NEFT,TRJDGBS3,AGT-3672,21.0,No,49.0
fb70c686-8369-472e-892c-b151545a7f14,2025-04-13,Pending,False,649.31,Credit Card,AYHBGBMJ,AGT-3125,73.0,No,47.0
f60ad003-0ebd-4ed7-92fa-4156dd17e8c9,2023-11-20,Paid,False,495.63,UPI,OGWJGB58,AGT-3068,35.0,Yes,9.0
7c47f5ce-71e4-4706-a927-199f7cd43471,2024-05-22,Late,False,1650.43,UPI,OGEWGBHO,AGT-6923,82.0,Yes,26.0
1392629c-84eb-49e6-8668-911a77e6094d,2025-01-12,Late,False,1248.23,NEFT,QMYRGBLF,AGT-8971,32.0,No,39.0
0fd03c0c-3797-4068-9bee-d4e5ecb1bf35,2024-01-19,Late,False,1953.16,UPI,ZVMQGBDN,AGT-9151,62.0,Yes,38.0
3a8e04ad-5f4a-4d88-9dc2-8fc4b084a60b,2024-03-17,Missed,True,,NEFT,KZVSGBBG,AGT-4438,44.0,Yes,55.0
1ef2e8bf-e5fd-4834-91c8-e860a70f0699,2023-10-02,Late,False,965.75,NEFT,YBIRGBV7,AGT-4039,85.0,No,
d1b745f1-4f67-4ec5-9ad8-c33758a34205,2023-09-25,Late,False,459.52,Credit Card,MXXBGBL1,AGT-8720,40.0,Yes,7.0
266b04ea-e281-4f17-935e-43b1345f1ce5,2023-11-14,Missed,True,1202.82,Cash,XYSAGBG8,AGT-7271,73.0,Yes,19.0
279fd23b-dbf2-40e2-8bb1-794600650479,2024-03-11,Pending,False,679.64,NEFT,RUJQGBYE,AGT-8360,75.0,No,1.0
a261d67a-7421-4bd0-8af6-cebf3fc82af3,2024-12-31,Missed,True,346.27,NEFT,YHMIGBJQ,,65.0,No,52.0
d76e3881-5d82-450e-90da-705e73cd723d,2024-05-18,Pending,,1091.41,UPI,MMEXGB1Y,AGT-8485,73.0,No,51.0
bc33ce15-12d8-47f9-82b5-6dff9c9f4f9d,2024-05-15,Pending,False,1431.6,UPI,MHISGBBH,AGT-3862,53.0,No,50.0
edf1f874-26f3-48d0-a459-5de1798b56dd,2024-07-03,Missed,True,248.77,Cash,OOWFGB4F,AGT-3800,14.0,Yes,14.0
99544599-8c42-410d-b419-b38615d7a77e,2025-01-06,Paid,False,1162.07,Credit Card,SQUFGBZB,AGT-9008,39.0,Yes,18.0
ab1218b4-91f4-4e29-a4c3-7ec8e253a9ad,2024-05-01,Pending,False,1484.67,UPI,UEPDGB45,AGT-9200,,Yes,25.0
1cbcc101-4c46-44fc-8bec-b423c7eaee06,2024-04-30,Paid,False,1862.14,Cash,MQBFGBIJ,AGT-3911,37.0,No,38.0
a2ad575d-7f00-4339-8565-88501c807342,2023-08-18,Paid,False,1866.14,Credit Card,QFOOGBND,AGT-8640,27.0,Yes,50.0
ea6a2981-3ed5-44b5-9e74-7067e5f26dc6,2024-03-27,Missed,,1067.87,NEFT,SEQBGB2Z,AGT-8613,16.0,Yes,41.0
05f16dde-4657-4702-89f0-a46128d00297,2024-01-02,Missed,True,1821.39,Credit Card,KERFGBCB,AGT-2962,10.0,No,45.0
474c90d5-21e2-4e1d-8614-2ac1ea318126,2024-01-29,Missed,True,1196.88,Credit Card,MGURGBKW,AGT-4821,46.0,No,33.0
60d58862-222c-467a-9994-63fef56fe571,2023-12-30,Late,False,1451.17,UPI,GNFQGBSH,AGT-2307,83.0,Yes,33.0
4ea5b868-1720-45d8-8877-928e695c8e12,2024-11-28,Pending,False,753.67,NEFT,ZKGKGBBS,AGT-9886,14.0,Yes,2.0
ee118d4f-d43e-4c12-911c-b120a3371e50,2024-03-04,Paid,False,258.69,UPI,YNYEGBRM,AGT-8268,,,5.0
d2a03dfc-3010-4054-ae6b-eb8e617e35be,2024-10-04,Paid,False,830.7,NEFT,NXNZGB8J,AGT-9117,71.0,No,23.0
c4c9e9b0-093b-4685-9460-d9a6a6638e26,2024-10-05,Missed,,1092.12,NEFT,WHPYGBCQ,AGT-4991,5.0,Yes,7.0
f708ef36-4f63-4d6a-834a-dc7e21b91cd0,2024-11-09,Pending,False,1332.66,NEFT,YBKVGB1A,AGT-4969,69.0,Yes,35.0
,2024-11-13,Pending,False,359.32,Cash,JISGGB47,AGT-0641,27.0,Yes,18.0
,2025-01-23,Missed,True,1203.15,NEFT,WYOSGBHY,AGT-8352,17.0,No,33.0
ad8084ec-19bd-450d-b86f-28dd99ef0c37,2023-11-01,Missed,True,1082.39,NEFT,GLRDGBWA,,25.0,,26.0
58b4ec16-a9bf-48ed-8170-8ca66f58fb8d,2025-05-11,Paid,False,694.99,Cash,TMSZGB8Y,AGT-8343,15.0,No,31.0
8224a12b-9429-4652-96f7-3a12cbed9e6a,2025-03-29,Missed,True,707.26,Cash,ZOPLGBI6,AGT-1661,84.0,No,6.0
,2024-12-16,Pending,False,712.45,NEFT,MZHGGB7L,AGT-5232,84.0,,12.0
a6662d03-e8dc-4679-9c63-feeb5e9cdd53,2023-12-29,Missed,True,,Credit Card,QERPGBFU,AGT-2890,38.0,No,15.0
d6d2ed7a-0a76-41bb-a481-815ce1b85b68,2023-10-16,Missed,True,1379.1,Cash,GRDFGBQN,AGT-7757,83.0,Yes,25.0
2024c516-5834-42f0-b3da-8fb95a79a685,2024-08-11,Pending,False,328.28,Credit Card,FOIIGBFT,AGT-9811,,Yes,27.0
98eca3f0-e70a-4928-9308-6c672dcf9c45,,Paid,False,1280.17,,NQDSGBAN,AGT-4076,9.0,No,56.0
61e07f75-acc4-470f-8fed-c0a881cfce03,2024-06-20,Missed,True,748.59,Credit Card,IWUQGBIO,AGT-6497,87.0,No,42.0
1fe13a9e-a8ac-4cdd-8c8e-385e7a12faaa,2024-08-17,Missed,True,1608.66,NEFT,ZTQDGB8G,,,Yes,26.0
d0c32233-e3b4-4bc1-9e96-f01febca58c3,2025-06-25,Missed,True,254.97,NEFT,CSPWGBXW,AGT-5418,0.0,Yes,35.0
01e14363-6cba-4246-b512-a71130be9758,2025-02-09,Paid,,445.13,NEFT,UDDZGBEN,AGT-9449,3.0,Yes,8.0
765bf9f7-5621-4fff-8f22-0b041de4790e,2025-07-04,Pending,False,1131.17,UPI,AZJUGBXL,AGT-0823,59.0,No,21.0
5f839c97-97bb-4a18-a01f-50055620a781,2024-05-07,Paid,False,358.51,NEFT,PXYMGB1U,AGT-8850,67.0,Yes,53.0
db25c3a8-e879-4d89-8c86-931ceff7a5bf,,Late,False,1287.09,UPI,SPESGBBB,AGT-7081,12.0,No,42.0
2eac8a68-436b-4a13-b879-41107996c112,2024-12-28,Missed,True,,NEFT,EQANGBES,AGT-7497,44.0,No,27.0
e1df4ec5-5dcf-4ac7-a638-877fc8bf6015,2024-12-02,Paid,False,338.3,,HXZTGBWC,AGT-4561,49.0,Yes,3.0
f3fb0eb2-f818-41ef-b228-01bf2f289f2c,2024-11-24,Missed,True,295.43,NEFT,EBRKGBVE,AGT-5451,50.0,Yes,45.0
1e5509a6-68a0-4b89-9dda-b0c4294f0712,2023-09-26,Late,False,1721.3,,JASIGBP7,AGT-7929,,No,15.0
f0609f35-3b76-4fa7-905e-d966bd4b2aa0,2025-05-20,Pending,False,1498.06,Cash,XFFVGB6Y,AGT-1621,53.0,Yes,17.0
3bdf681e-13c3-440e-9583-1edfee535580,2024-07-12,Late,False,1798.76,NEFT,KQFHGB06,AGT-2084,6.0,Yes,11.0
259e13c2-5879-4c0e-aee0-5e22f362d300,2025-01-08,Late,False,,Credit Card,YLUXGBQP,AGT-7457,74.0,Yes,18.0
bb11c142-85f0-4bb1-a584-3d3fc07d670c,2023-11-19,Late,False,1612.42,UPI,GALTGB4Y,AGT-7871,35.0,No,39.0
,2025-06-21,Pending,False,189.2,UPI,MSQNGBNT,AGT-1919,9.0,Yes,59.0
1609315f-13da-4286-9332-07b12658fc41,2025-03-02,Missed,True,1906.57,,UNXTGB3T,AGT-6443,7.0,Yes,46.0
962cb751-13d4-46bd-a99a-fc5a0dbf6789,2023-12-13,Pending,False,274.72,UPI,BQSOGBGR,AGT-9867,,Yes,14.0
0c6d5abc-60c2-47ca-90d1-b84502a3d0c9,2023-12-15,Missed,True,1258.31,UPI,UZZTGBEZ,AGT-7452,87.0,Yes,46.0
e37478c6-1d74-4320-b39b-7a49bc24194b,2024-09-12,Late,False,1687.81,,,AGT-6138,16.0,,54.0
b573216c-c85d-4551-b327-98d9dba2b6a0,2024-10-14,Late,False,1926.63,NEFT,GWMYGBC8,AGT-3105,,Yes,37.0
e549a636-2eb8-4784-8186-ddf6cf6b5cad,2024-06-12,Paid,False,1673.68,Cash,LMHKGBZW,AGT-8786,2.0,Yes,7.0
586ba24b-3c21-4151-91a5-53d5e5f87d3e,2024-01-20,Missed,True,1417.5,Cash,ZYDLGB9S,AGT-2254,20.0,Yes,
0a3305cc-a888-4ecc-95e7-a039642ee16b,2023-08-26,Missed,True,1815.28,NEFT,EYIDGBKV,AGT-4285,42.0,No,40.0
dfc0efc6-fffa-4e31-a378-b314e0ff82e2,2024-03-05,Late,False,1061.24,UPI,HUQHGBL7,AGT-3126,20.0,Yes,58.0
4e3eea0d-d070-4c75-b465-819bceeb1228,2024-02-12,Paid,False,685.87,NEFT,EIIJGBNG,AGT-8234,41.0,Yes,42.0
33268001-22e5-453f-90ab-7c8b5f50861f,2023-07-24,Late,False,244.59,NEFT,ECONGBNH,AGT-1102,5.0,No,19.0
d9dbc26c-fad6-422f-ac87-8789e614335b,2023-09-06,Late,False,534.81,Cash,DFYDGB3V,AGT-2783,83.0,Yes,24.0
84098ae3-e824-43ae-a347-9099db6af633,2024-04-10,Missed,True,1671.42,UPI,CTAIGBV0,AGT-8655,87.0,Yes,3.0
dc881aa5-3ace-47bc-a23a-c809c4b3b75d,2024-09-30,Pending,,703.2,Credit Card,ERJUGBUI,AGT-3352,51.0,Yes,11.0
15e8d36e-5349-4ab4-a5cb-ee54179216b7,2024-07-10,,True,1467.73,Cash,FOTEGBEZ,AGT-4905,63.0,No,43.0
f952c58b-b209-4e73-832e-781b84100ec1,2024-09-27,Paid,False,754.08,Credit Card,BINRGBL1,AGT-2411,69.0,Yes,27.0
b43bd687-a685-4198-a97f-b95aecb68a13,2023-08-23,Pending,False,,Cash,LDZFGBXC,AGT-3263,39.0,No,34.0
89072cf7-4bb9-4b2f-99cd-144a1f612830,2023-12-11,Paid,False,,NEFT,DEIGGBYL,AGT-3032,10.0,Yes,34.0
24ea6835-5f7d-45f0-ae10-da2747a84a7e,2024-06-17,Pending,False,1374.17,Cash,TEKPGBY6,AGT-7093,34.0,No,50.0
be53222f-a7e7-4d95-9538-fb651e6126c4,2024-03-26,Missed,True,502.54,Credit Card,GBABGBZ7,AGT-1708,33.0,No,31.0
8be1dcae-5ae7-455d-8d4f-9703aaba020d,2023-12-09,Missed,True,1779.89,NEFT,OATOGBT8,AGT-5121,64.0,No,16.0
b97f8f2d-be3a-48a8-a4c6-01eb3ec311a3,2024-07-21,Paid,False,246.81,Credit Card,PLOMGBUU,AGT-8458,50.0,No,27.0
324fc26b-f23f-4e19-9579-50eb4b8e2880,2024-06-04,Pending,False,331.41,NEFT,NXDHGBHL,AGT-3721,66.0,No,43.0
2dd017c6-a4b0-420c-87d6-6f8ca66e6702,2025-04-05,,False,1162.92,NEFT,BOZVGBB3,AGT-8605,12.0,No,33.0
759d0f62-2058-4456-b786-e82193646384,2024-02-03,Pending,False,1449.44,Credit Card,,AGT-0697,31.0,Yes,59.0
32c6c533-c1d6-4fbb-a0bd-b41258837db9,2024-11-18,Pending,False,1113.3,NEFT,RIGGGBWC,AGT-4167,46.0,No,8.0
c7e64414-beff-49db-b181-323c40db4df4,2025-06-15,,True,470.39,UPI,YSEYGBTT,AGT-5100,6.0,Yes,59.0
cbaf9a61-ebeb-429a-bcd7-e94acecf222a,2025-05-26,Missed,True,1856.53,UPI,JIFDGBMD,AGT-2709,10.0,No,20.0
,2024-11-20,Missed,True,476.81,NEFT,ZVWWGBLQ,,2.0,No,45.0
,2024-04-12,Late,False,1546.89,NEFT,VAJAGBXQ,AGT-0788,87.0,No,
802228ce-4ac9-4b81-b142-28ebf0c69425,,Missed,True,176.54,UPI,HHSJGB1X,AGT-9647,16.0,No,6.0
44c73748-431b-45d0-9fa7-c8bcc87d6aa3,2024-04-24,Pending,False,1298.63,Credit Card,FJOGGBEN,AGT-6557,13.0,Yes,23.0
,2023-12-17,Pending,False,1077.01,NEFT,GEUYGBZG,AGT-5246,8.0,No,40.0
a75652a8-9018-4d57-93a7-f5b676bbb8b6,2024-09-27,Missed,True,1680.42,Credit Card,ISPTGBDF,AGT-3931,72.0,No,12.0
4a248013-44a8-4eab-b4a6-6d56fc723851,2023-11-30,Late,False,495.3,Credit Card,SKJWGBPG,AGT-2714,55.0,No,
e891279d-6324-4e99-95d4-50792032da5c,2024-11-02,Missed,True,1788.86,UPI,ORTLGBGK,AGT-8195,46.0,No,13.0
97e261a8-3869-4803-8d89-bb7a262363c0,2024-07-28,Missed,,858.42,UPI,BEMBGBP4,AGT-1934,88.0,Yes,29.0
91c7ce91-b99f-4c72-bd4b-788a1c7d0970,2025-05-15,Pending,False,698.22,,CPILGB75,AGT-2074,3.0,Yes,8.0
bf71575a-9031-474a-838b-6a2255b92c55,2024-11-14,Paid,False,724.52,Cash,VPXXGBDD,AGT-8129,31.0,No,48.0
7a71cdc8-c59c-4162-8eda-c366d140faa5,2024-09-14,Paid,False,1370.2,Cash,DTPCGBGU,AGT-2477,50.0,Yes,
ceeedc51-6119-4034-80da-2c334ece0acf,2024-08-23,Paid,False,845.15,UPI,EHXMGBVG,AGT-9127,40.0,Yes,30.0
f476eb03-513a-4c0b-bb9c-d05b6953773f,2025-05-10,Late,False,658.77,UPI,KEJHGB9U,AGT-3615,86.0,Yes,2.0
e6679625-4ea5-4b5e-9015-4c245ccea6ec,2023-10-27,Pending,False,116.61,NEFT,OMWDGBT3,AGT-0436,79.0,No,47.0
43bfa2ff-c986-4fcc-8193-530d1a85c8ae,2025-02-21,Late,False,1189.46,Credit Card,QDOQGBP3,AGT-9515,55.0,Yes,6.0
d93b7eaa-7357-4e9e-83e6-4adbd89525b8,2025-06-05,Pending,False,1363.25,UPI,OOKPGB65,AGT-8016,25.0,No,23.0
85021e09-f95b-4941-8121-4207c71f11e4,2023-09-03,Pending,False,1113.98,Cash,NPPJGBPZ,,67.0,,38.0
3ac8bc13-a29d-46a7-8dd1-0dabac5f9021,2023-09-18,Paid,False,1079.14,Cash,PMUUGBKU,AGT-0622,68.0,Yes,13.0
bea9c9a4-2537-4c60-ba1d-ed463d16b203,2024-06-20,Late,False,754.63,Cash,ZSHUGBVC,,39.0,Yes,52.0
61e0dccb-0d82-4afa-a6cb-927acef55902,2024-07-23,Late,False,571.49,Credit Card,IOHRGBJX,AGT-1756,7.0,Yes,44.0
fe1ffe2f-d61f-433a-8694-98af52d8382d,2023-08-07,Missed,,168.59,Credit Card,DSWNGBAM,AGT-7925,78.0,No,53.0
6ebaebed-23ee-4b76-99c7-229727e7408d,2023-08-13,Missed,,749.73,Cash,SJLZGB8X,AGT-6070,81.0,No,41.0
2986e81a-955e-42f8-81c3-4e25bc925a6a,,Late,False,116.02,NEFT,QPWFGBDS,AGT-6731,36.0,No,26.0
9f090903-dd15-4334-aea0-323151bac3d7,2023-12-12,Paid,False,999.75,Cash,MZFFGBU7,AGT-4993,56.0,No,47.0
19155b7d-c865-459f-971c-d4a21abb9e73,2025-01-08,Late,False,,Credit Card,RAPVGBZN,AGT-9792,84.0,No,37.0
9acaa959-aa16-43ce-956c-f41802a2992f,2025-06-16,Paid,False,301.38,Cash,VVHVGBAD,AGT-4038,,No,30.0
d540d715-b03b-4299-9b0e-ba5f4adee31e,2024-07-09,Late,False,1530.61,Credit Card,UVTZGBR9,AGT-0816,66.0,Yes,15.0
d11c130d-392e-4d88-8496-66ee716ad02c,2023-09-02,Paid,False,843.23,Credit Card,FGREGB3O,AGT-2374,38.0,Yes,56.0
e66d88b4-72a3-4295-8e56-d5d1b8c96901,2024-10-30,Missed,True,1055.08,NEFT,XPKLGBZ2,AGT-7716,89.0,No,38.0
a9e346d2-58fc-4bc7-84b2-c7ee80145913,2025-01-11,Pending,False,502.19,Cash,VNQFGBIJ,AGT-0899,34.0,Yes,55.0
a287a643-56c5-4323-aac2-7143865eb829,2023-09-13,Pending,False,665.33,NEFT,DHXOGBUB,AGT-0969,77.0,No,15.0
5314649a-e5b6-4201-9260-525721c39fe6,2025-06-03,Missed,True,293.69,Cash,DLHGGBR5,AGT-1662,53.0,Yes,22.0
76dbbefc-323a-4bae-9ca9-d370eb309156,2024-09-08,Missed,True,902.9,UPI,SDZKGBZC,AGT-5908,82.0,Yes,39.0
2f95c39a-8ca1-4cbb-95df-52abb4d4ce1b,2024-10-04,Missed,True,455.08,UPI,TYPIGB2D,AGT-5474,15.0,No,2.0
cd4c15d5-e27f-411c-a280-e155a530b550,2024-11-16,Missed,True,1355.47,UPI,BBBNGBRG,AGT-8104,6.0,Yes,35.0
ffca8cc0-38f1-47cf-b69f-ecc7fc6c0f99,2024-01-05,Late,False,1153.93,NEFT,MBLLGBJ0,AGT-3201,70.0,Yes,15.0
ba446367-8548-4f95-a8df-431a066a9287,2025-03-24,Paid,,656.43,,JMDSGBBP,AGT-9509,,Yes,34.0
5faed4fb-e180-4e62-9991-fc81f7359657,2024-08-12,Late,False,1597.47,NEFT,LBBAGBUM,AGT-1458,88.0,No,19.0
7d00bf0b-fa53-43ce-930c-474de63f211f,2023-09-19,Paid,False,1220.77,Credit Card,FBHXGB3K,AGT-7057,41.0,Yes,38.0
371a74d0-34b9-4a7d-a14b-c764dee27903,2025-02-03,Late,False,1190.86,NEFT,,,78.0,No,39.0
9c0ce457-e250-4690-abfd-b9a98f48b619,2024-06-24,Pending,False,1123.65,Credit Card,ZVQVGB7K,AGT-3852,9.0,Yes,48.0
3ee76317-6bbf-4cec-813f-43fa45059291,2023-09-18,Pending,False,710.54,Cash,MHORGBWN,AGT-2383,59.0,Yes,50.0
601f2eba-cb9e-4166-a196-8388c48a9672,2025-03-23,Pending,False,116.88,UPI,AOHZGBNS,AGT-6855,32.0,,29.0
4e739d46-2059-437d-9a78-f3bcf235cce9,2024-03-11,Paid,False,1702.81,NEFT,WPMLGBBL,AGT-0948,54.0,Yes,5.0
c70d35cd-5e80-41d7-a157-9b2f30bddad3,2024-11-02,Missed,True,245.5,UPI,DYMVGBXK,AGT-2659,39.0,No,36.0
1e82d792-e720-4924-b14f-5d71a254095f,2024-02-29,Paid,False,569.2,Credit Card,VSGKGB9H,AGT-1217,71.0,Yes,10.0
e063a009-ec4b-4f51-a082-0acf1b9149d8,2025-03-13,Pending,False,1337.76,Credit Card,NCPUGBZF,AGT-3297,49.0,No,13.0
2621b0dc-96e2-4bbf-986e-8abb19144b89,2024-06-14,Pending,False,100.06,Cash,ROPAGBJE,AGT-1936,25.0,,18.0
07f17e22-fd10-4d34-af18-18e50badb3b1,2023-11-15,Missed,True,328.47,NEFT,LQJFGBVI,AGT-6385,56.0,Yes,29.0
23064d8c-b955-4c72-abd8-5ea0c9d443dd,2023-10-24,Late,False,1897.29,Cash,SGEUGB7O,AGT-0735,,No,28.0
98fe04f9-3c00-426c-a538-7a8d2386fc84,2025-04-05,Pending,False,1608.33,UPI,HERQGBME,AGT-2620,42.0,Yes,15.0
a26fd4fd-2180-42b6-9f8f-fd89fa617beb,2024-04-17,Pending,False,1725.9,Cash,HCSKGBMG,AGT-4650,26.0,No,59.0
,2025-01-29,Late,False,1817.79,Credit Card,XQIDGB8L,AGT-8884,54.0,Yes,4.0
7ddd335e-27dc-483a-a675-3aabeb52559e,2023-09-14,Paid,False,944.76,Credit Card,AQRUGBSD,AGT-6933,14.0,Yes,45.0
a9b9b1e6-0a93-4239-93f4-325e6081408c,2024-01-03,Late,False,1273.25,Cash,HVUIGBFV,AGT-0894,46.0,No,49.0
0c503ee4-a759-43ea-a410-dd6974483ddb,,Paid,False,1564.46,Cash,EJBJGBCE,,73.0,Yes,55.0
b37be2e4-1fce-46b3-9b39-48c6eb1b3bc3,2023-07-28,Pending,False,400.56,,KVQPGB8R,AGT-7160,22.0,No,1.0
a2865944-0312-4a71-aaa5-d19d570cd0a1,2024-09-07,Late,False,1799.2,UPI,QCLYGBQ6,AGT-4966,52.0,Yes,22.0
5ef9e306-71bd-439d-abac-fbfbddbbe862,2024-05-27,Paid,False,403.03,NEFT,ZJBEGBG5,AGT-0256,63.0,Yes,39.0
9528e591-ce8c-4baf-be5f-07f67f02cfd6,2024-01-20,Paid,False,334.01,UPI,CHDMGBY6,AGT-5591,13.0,,1.0
3fae23e0-e959-47fe-a449-92b5efe2b599,2025-04-19,Pending,False,1069.12,UPI,AMKNGB7B,AGT-2800,44.0,No,36.0
2aac12cd-3636-4695-8a83-a7a603fee9fc,2023-08-15,Paid,False,1914.21,Cash,DYKEGBR3,AGT-2903,68.0,No,48.0
e5c1fde9-63bc-4b8b-8a28-e53143596ed1,2024-04-01,Paid,False,1350.74,UPI,KDMOGBGE,AGT-3317,52.0,Yes,55.0
5302c324-5234-4e5c-a56e-65b4c0f35168,2024-04-24,Pending,,1718.42,NEFT,HUJTGBXM,AGT-4637,61.0,No,51.0
e5802b97-7604-4520-8a67-831f20d61e41,2025-01-25,Paid,False,,Credit Card,IBTBGB9I,AGT-2319,6.0,No,59.0
595dcf9a-cb16-4f3b-80e7-a9dc086fb491,2023-08-26,Late,False,480.66,UPI,UBYZGB4Z,AGT-9672,57.0,No,39.0
,2024-12-20,Late,False,447.04,UPI,KUFAGBA5,AGT-0000,30.0,,58.0
491035c1-5353-4f90-9a52-ab4dee5e0be9,2024-06-24,Late,False,990.16,UPI,FQZOGB3V,AGT-0572,30.0,Yes,12.0
253e9717-ed2b-411e-b72d-48372a9c3c44,,Late,False,782.18,Cash,KRZNGB37,,49.0,No,32.0
4ca4331e-d404-42d2-a6fb-5bfb392c7c04,2023-10-12,Late,False,310.39,UPI,HRNAGBMU,,78.0,Yes,23.0
5033bcaa-a0d0-4a14-ac97-95f3001bf1f6,2023-12-26,Missed,True,1734.0,Credit Card,SBKDGB81,AGT-3563,62.0,Yes,52.0
02174968-9a87-44a1-ab90-bca411683a48,2025-04-03,Late,False,637.76,NEFT,XWBWGBDP,AGT-5923,30.0,Yes,56.0
8be17051-52da-458c-b2a9-11da756e63ff,2023-08-06,Paid,False,1752.0,Credit Card,VXXNGBOY,AGT-2442,20.0,No,23.0
a3a94f35-2a3b-4b54-bbeb-521c5aa78f59,2023-08-15,Late,False,1528.53,Credit Card,BHLBGBOB,AGT-5443,74.0,Yes,52.0
dcad77e4-bf31-4fe9-903c-374f9d87c49d,2024-05-23,Late,False,1520.49,NEFT,DCRNGBCF,AGT-8935,64.0,Yes,10.0
f7839a59-8ddb-4764-a4e3-175400daf24d,2024-01-17,Late,False,838.76,Cash,LPPHGB9W,AGT-8981,77.0,No,
28fe7b2c-3209-42f3-88ac-aab4737e2853,2025-02-09,,False,479.61,Cash,VDDRGB87,AGT-9135,63.0,Yes,42.0
b49e60af-b513-403b-8090-ad04e934922d,,Missed,True,284.22,NEFT,PXAXGB3N,AGT-0991,49.0,No,20.0
6b1d2bd3-577d-47e2-a133-fef76c91e4bc,2024-05-05,Late,False,1216.56,,YJMJGBKM,AGT-9252,15.0,Yes,6.0
5ef3cd24-3119-4eea-bfb3-808b28c1780c,2024-01-13,Late,False,714.16,Cash,XPXZGB4F,AGT-7950,71.0,Yes,44.0
c5bb4c42-379f-4c2c-afcb-9c37b9d2638b,2024-09-26,Missed,True,1635.78,UPI,RAIFGBW9,AGT-0792,41.0,No,43.0
cdc40475-3093-4c98-8b69-2f1bd62ddf8c,2025-03-12,,False,,Credit Card,OCHEGBBA,AGT-0322,13.0,No,44.0
ff529053-566c-4c24-a661-cbaacdc3149c,2024-06-19,Pending,False,1381.93,Credit Card,MOXZGB1N,AGT-1339,11.0,No,43.0
f7197f74-0ca3-43dd-9589-fb9c8305f800,2025-05-28,Pending,False,1598.46,NEFT,YKFWGBUN,AGT-8041,57.0,Yes,25.0
f751fb7d-51a3-42db-b869-4b14064b6030,2025-03-07,Late,False,1774.24,Credit Card,LDYWGBWT,AGT-3659,8.0,No,33.0
0861a3f5-e9db-4416-aa93-faa588bd7242,2024-07-12,Paid,False,507.86,Credit Card,FQEZGBXG,,68.0,Yes,41.0
db992f00-98e9-4df4-9a9a-ce24a0a31b44,2023-11-09,Late,,,Credit Card,QQEZGB3R,AGT-3494,68.0,No,35.0
eeb97ee1-82fb-4f7d-a61d-7c4bae8c6afc,2023-10-24,Late,False,1342.58,UPI,JGYRGBNW,AGT-7933,46.0,Yes,13.0
75af6447-3c1b-4af8-a38f-caef761eeb76,2024-04-30,Paid,False,363.43,Cash,EVJSGBJW,AGT-3417,17.0,No,51.0
b9c7df2a-ae5f-4093-8e47-a8a1f8bea723,2024-05-05,Pending,False,220.06,NEFT,,AGT-4630,9.0,No,30.0
94f352b6-e1e1-478e-8c2f-63aac806fcd2,2024-05-26,Pending,,1640.24,Credit Card,YBLBGBR2,AGT-6437,83.0,Yes,56.0
8ad58a40-6319-4338-9016-aa54bb3a89d4,2024-05-30,Paid,False,1788.01,NEFT,AHZDGBWD,AGT-2322,89.0,No,53.0
492af02f-b398-49ff-abc8-b9b9929567e7,2023-12-10,Paid,False,327.23,Credit Card,TRKVGBVK,AGT-3261,61.0,Yes,36.0
35857aad-e225-4643-b167-c3f120952b41,2023-12-06,Late,False,227.97,Cash,DOJPGBVJ,AGT-6179,,No,44.0
884c848d-c40a-49dc-8992-69043e9fa821,2023-07-29,Pending,False,1433.92,NEFT,XADWGBMY,AGT-5705,63.0,,18.0
91e47654-7908-43be-a2d0-577dede93dee,2024-11-29,Missed,True,1653.97,Cash,FRXTGB8Z,AGT-6593,39.0,No,11.0
d6ec560e-d1c6-40cb-9327-1f39cdbe6bb5,2025-03-13,Late,False,1216.3,Credit Card,ABSRGBG7,AGT-1961,44.0,No,1.0
a460f63c-44e1-4d9f-9f5e-74303834047c,2024-09-14,Pending,False,353.27,Cash,WGEVGBL8,,71.0,Yes,15.0
e1556f9a-e00c-4286-a324-12d5d3602888,2023-11-19,Paid,False,947.54,Cash,DOVKGBPF,AGT-0645,41.0,Yes,43.0
dfc7365b-5056-4365-ac2c-0d5954829030,2024-11-13,Missed,True,347.57,NEFT,,AGT-9401,86.0,No,10.0
a4af85ce-e33a-4b73-a816-9f0f2f21b78c,2024-04-22,Missed,True,1253.53,Credit Card,LHEYGB49,AGT-9844,,Yes,40.0
820fd40f-e2f7-43f5-b2a8-e0edb0839ac5,2023-12-17,,False,1496.17,Cash,QJPKGBKC,AGT-6415,12.0,No,5.0
,2024-06-11,Pending,False,1496.93,UPI,QJUNGBQQ,AGT-7060,36.0,No,49.0
03cb1d7a-2d70-472e-b711-446427947c36,2025-05-22,Pending,False,1948.02,Credit Card,KGMBGBQA,AGT-4689,52.0,Yes,46.0
4005cefa-9a5d-4106-a9bd-e0a89389e77f,2025-01-02,Late,False,1350.55,Cash,MYBIGBQT,AGT-7821,88.0,No,17.0
f923b90b-9298-4dff-9b52-b47e68785f5c,2024-03-16,Late,False,1297.17,Credit Card,KZSPGBB9,AGT-5165,69.0,Yes,30.0
7c4da5c9-586e-4609-a52d-d99984344bc5,2023-12-09,Late,False,1319.57,,NZDCGBPA,AGT-0184,44.0,,46.0
c1b521e5-6bd5-4c31-8f7e-70b07e9dfe23,2023-10-02,Pending,False,1227.64,Cash,NBGMGBZ2,AGT-9193,52.0,Yes,18.0
f748082f-e920-42a8-be2e-4b63e3730fbf,2025-05-20,Late,,340.57,UPI,CQQHGB72,AGT-7845,85.0,Yes,20.0
b5cb1670-9355-4ca4-868e-72c43e45436e,2023-07-31,Pending,False,135.55,Cash,ZOUWGBWB,AGT-4602,17.0,Yes,40.0
cb3a1c53-4985-44e1-bca5-81d87814b5ef,2024-03-20,Late,False,863.89,NEFT,TZHXGBSM,AGT-6887,85.0,No,20.0
fcb48a96-6504-4832-957c-61f82cfa2f55,2024-04-19,Missed,True,416.91,NEFT,PCCEGB2S,AGT-9841,66.0,Yes,53.0
b94e40a5-ff1d-431e-a1af-98386fbe8ab3,2024-11-17,Missed,True,225.94,Credit Card,YLUNGBS8,,,No,18.0
65b1fc36-d90c-4193-b7e5-f3d6907b42ff,2024-11-07,,False,735.31,NEFT,KWKXGBU7,AGT-3834,19.0,Yes,30.0
e5a75fcc-67ff-484e-8d44-c17da2040807,2024-09-03,Late,False,500.82,Credit Card,HGABGBWZ,AGT-0172,20.0,Yes,41.0
e5a9acb1-e344-4418-b465-5c23043f9c1f,2023-08-12,Paid,False,629.19,Credit Card,BWVEGBN1,AGT-4924,77.0,No,1.0
cffbfad2-91c4-499a-97d9-31b364285b7c,2024-11-08,Late,False,411.34,NEFT,ARPHGBK1,AGT-1016,58.0,Yes,31.0
d178de6f-60cd-42ee-9414-dc508b4d94e9,2024-01-11,,False,1732.88,UPI,WSEOGBLJ,AGT-0786,69.0,No,11.0
3b643801-fd5c-491f-be66-3ece72b2e85e,2024-05-09,Paid,False,1907.33,Credit Card,MMFYGBIV,AGT-4805,86.0,No,57.0
50e7234a-8008-4086-b386-b84912b5bba9,2024-08-23,Missed,True,1614.33,,GJQTGBT2,AGT-9983,11.0,No,5.0
b4f9dcfd-a3b9-4571-ba7a-49dbc922e604,2025-04-24,Missed,True,1797.55,NEFT,HJAMGBBE,AGT-9561,46.0,No,57.0
1d56924e-02f3-404c-822b-51fb56ed6c1d,2025-01-31,Paid,False,858.74,,HIQNGBT3,AGT-2651,33.0,No,46.0
a7d25846-478e-4d56-bf98-e3036faf7eb3,2023-08-15,Late,False,120.42,Cash,YGHNGBBS,AGT-1172,2.0,No,38.0
fbd13020-b51d-4b7a-b25b-1482f0fb4b12,2024-10-31,Paid,False,,UPI,WODCGBQ4,AGT-7122,14.0,No,3.0
de39fbe4-b18d-43cb-a7f3-7e2a6e1a54ad,2024-06-09,Pending,False,1404.93,NEFT,MIQWGBU5,AGT-9966,53.0,Yes,56.0
f40540fd-f0bb-4b4f-a36a-5993367b01d7,2023-08-28,Missed,True,1412.63,Credit Card,GLBFGBUG,AGT-7461,9.0,Yes,38.0
be9dac57-448f-4337-9758-943b3bf785f7,2025-03-06,Paid,False,283.81,Cash,XARNGB1O,AGT-9372,73.0,No,11.0
e42b3e19-ef60-4428-8be2-91dffbed8622,2024-12-16,Missed,True,756.5,NEFT,GBKGGB0G,AGT-2817,30.0,No,
4fd1ebdb-3bdc-4677-8c93-c06e1728cdde,2023-10-21,Late,False,1963.66,UPI,,,17.0,No,24.0
,2024-05-30,Pending,False,1089.05,NEFT,LFVSGB0R,AGT-0832,38.0,Yes,14.0
3a4892ba-e88e-46ba-8ef4-917b7fdf45e7,2025-02-22,Pending,False,269.99,UPI,HEDHGBS9,AGT-8283,50.0,Yes,46.0
f73c7590-0f3b-4836-b8a7-e4e9e99d3ea8,2024-07-21,Missed,True,458.19,Credit Card,XIMUGBPX,AGT-9076,88.0,Yes,2.0
064d4332-9c3f-4ebd-b521-e0f9af43a1d7,2025-06-26,Paid,False,770.35,UPI,RWOBGBXR,AGT-0227,9.0,No,12.0
e78309d5-2b77-4ce3-9f3f-8ec92a2737ee,2024-08-25,Pending,False,604.15,NEFT,PLYHGB1S,AGT-4737,46.0,No,31.0
d350178c-40dc-4246-b83c-94bffc826e15,2023-12-12,Late,False,1254.4,UPI,NHFQGB8T,,13.0,No,24.0
66193c5f-a523-4755-808b-b18333bf6012,2025-05-22,Pending,False,1894.38,Cash,JIIXGBKB,AGT-7190,19.0,Yes,50.0
c5a4acf6-faaf-4f90-9501-3af21ed893f0,2024-05-01,Pending,,1262.7,NEFT,WYGEGBTJ,AGT-4005,68.0,Yes,37.0
608d654f-5b17-4275-978b-13b9757ed4db,2023-11-29,Late,False,1452.6,NEFT,APIOGBRQ,AGT-7203,28.0,Yes,11.0
510e3158-0506-489d-b927-d3b9392ffa4f,2024-12-08,Paid,,1124.2,NEFT,IJCRGBO1,AGT-8578,26.0,No,15.0
8cbf34c5-3498-4eec-a556-cca65af64691,2024-06-08,Pending,False,1396.63,NEFT,OABCGB8L,AGT-0382,35.0,Yes,28.0
a20192c3-eb4e-4f9e-8b07-d889b3820441,2023-07-28,Pending,False,1375.42,Credit Card,XVJZGB2U,AGT-5591,7.0,No,
6b0e5b89-1686-4db6-b0ba-973294a98fa4,2023-12-11,Missed,True,622.74,Credit Card,TNQMGBNF,AGT-0876,61.0,No,12.0
9d6ff609-c134-4b17-89d5-90ed13ad3c14,2024-11-10,Missed,True,1972.36,Credit Card,ECIJGBIX,AGT-4932,61.0,No,3.0
6e5135c7-a929-4857-877a-62c4cb7ed3b3,2024-02-02,Missed,True,1370.29,Cash,KNVBGBB9,AGT-4623,52.0,Yes,47.0
347ca036-2e07-4c19-aba3-70bbbd84b1d2,2024-06-23,Pending,,1396.39,Cash,QTCGGBKA,AGT-9511,38.0,Yes,49.0
317c5369-0559-48cb-87d3-acdabd686c89,2024-03-24,Late,False,478.46,UPI,PVHCGBD6,AGT-0584,76.0,No,39.0
c829b7e9-2e7b-42ca-a427-f8cbffeef32b,2025-04-02,Late,False,1689.7,UPI,LEBYGBBH,AGT-9721,64.0,No,42.0
6c42c32c-324f-4584-b7ca-3b28194c9b7e,2025-01-20,Paid,False,1486.17,Cash,YJNQGB0O,AGT-0376,64.0,Yes,46.0
5cac77ad-37f7-4ef1-9d0f-1c13971e04b9,2025-07-02,Paid,False,1744.27,Credit Card,ZLTDGBTG,AGT-2925,5.0,No,41.0
93ca6a08-6ad3-4195-862a-c838bc933ebf,2023-10-21,Pending,False,1358.24,UPI,CBXRGBDP,AGT-1367,40.0,No,51.0
76cf0c04-cfd2-4b0a-a9d9-ccb33743d9c7,,Late,False,1216.09,Credit Card,HHSUGB22,AGT-5543,21.0,No,54.0
25053b73-9690-4ada-87ac-e2b1f1d1b1c7,2024-05-16,Missed,True,585.33,,IQQGGBB5,AGT-9819,24.0,Yes,21.0
37dfb556-418f-409b-8188-c16377ebb6a6,2025-01-03,Pending,False,1812.85,NEFT,CGQKGB4A,AGT-6057,26.0,Yes,45.0
a5520b39-6c82-47d4-8c6e-a1af2239d72f,2023-12-07,,False,423.22,Cash,FCSXGBXD,AGT-5962,20.0,No,7.0
d33f1459-f919-4dee-88d9-987fec7ca425,2024-08-01,Missed,True,899.81,NEFT,XDHKGBKA,AGT-5262,26.0,Yes,48.0
0b592af8-57c4-475a-b590-79c0d77442d0,2024-10-06,Paid,False,,Credit Card,DAZWGBKD,AGT-5939,,Yes,22.0
01b544b8-7cd2-4dfe-9095-d84fa553a7a5,2024-11-07,Paid,False,965.38,NEFT,HOWPGB1G,AGT-3919,11.0,Yes,56.0
,2025-04-05,Paid,False,998.72,Cash,RAKCGBDA,,52.0,Yes,22.0
a490fc62-d874-4f1e-91bb-539a89a7a16b,2025-01-18,Missed,True,826.16,NEFT,BHZPGBC5,AGT-0305,,No,1.0
d4369f9b-1f10-49f3-a4f8-6bfd587ee8db,2023-12-22,Pending,False,1040.48,Credit Card,FHGSGBEO,AGT-8843,58.0,No,17.0
f14885c8-915f-4954-9de6-06ebfa1f23ed,2025-06-14,Missed,True,582.13,NEFT,JFUWGBUB,AGT-7870,,No,3.0
7a6efbd1-81bf-4d00-bb8a-d4e8deda5427,2025-02-02,Pending,False,449.16,NEFT,WULSGBL9,AGT-5696,65.0,No,2.0
c94c6c8b-642c-4436-877c-75a47af13383,2024-01-23,Late,False,264.68,Cash,SPNEGBMG,AGT-7796,7.0,No,23.0
b644d155-d88c-415f-85f6-0ed5de3e954c,2023-11-14,Paid,False,1567.01,Credit Card,WVLUGB3Z,AGT-5669,40.0,No,
618590f1-11c5-4902-b0b4-657d50486f45,2024-04-15,Paid,False,,NEFT,QZUIGB21,AGT-0981,10.0,Yes,51.0
14d80188-4233-4263-b00e-7844a65bb331,2024-04-12,Missed,True,252.79,UPI,PCHWGB43,AGT-9318,3.0,Yes,22.0
a44f69ac-337e-4015-ada5-07568ea126ee,2024-11-08,Pending,False,1931.79,Credit Card,QHXVGB85,AGT-6226,72.0,No,16.0
fa0f378d-5bd7-4ae1-82dd-d7414c5e3a00,2025-04-08,Late,False,1715.55,Credit Card,RHWCGBCU,AGT-8311,62.0,No,49.0
b1a64c71-bb73-4f26-a8df-a75957ae5b3a,2024-07-28,Missed,True,1644.84,NEFT,,AGT-5626,0.0,No,
89c589ee-8979-419b-8ccf-e72a9cf63c77,2025-04-27,,False,540.07,Credit Card,NNJQGB5B,AGT-9599,25.0,Yes,10.0
568ecaad-8206-4648-b3d6-70e413b078a2,2024-11-27,Missed,True,,NEFT,HBAUGBCH,,30.0,Yes,52.0
7412b7f4-3299-4b1e-895a-75c7ac7ebdc9,2024-07-05,Pending,False,1093.2,UPI,ECACGBVT,AGT-9928,32.0,No,11.0
72916b33-a4ff-40fc-b4e9-fddc947fcfbb,2024-10-27,Pending,False,1945.2,Credit Card,DJVJGB3C,AGT-3935,,No,18.0
c6728786-9817-45ec-8e58-5adba93a5cab,2023-07-27,Pending,False,1217.23,NEFT,UUDMGBOG,AGT-7077,89.0,Yes,33.0
a9a0b238-e8e2-42b7-a9cf-5f83767dc4d9,2024-05-31,Late,False,1899.07,,PFKMGBPJ,AGT-5348,62.0,No,6.0
856f321d-8de0-43f3-bd28-088958339482,2024-05-16,Paid,False,1031.62,Credit Card,ZTNNGB5C,AGT-9709,11.0,No,38.0
44641477-f843-4516-b81d-325874842dc6,2025-03-22,Paid,False,1239.68,NEFT,YBOCGBW9,AGT-0603,78.0,Yes,19.0
7330f1fb-a391-4968-ac12-0a6eb18cd89e,2025-04-29,Pending,False,1294.45,UPI,OBEHGB4F,AGT-6362,50.0,Yes,5.0
218d3611-f0d4-493e-974e-aa4a0ce7ae26,2023-08-31,Late,False,1577.53,Credit Card,EPKHGBEX,AGT-1928,69.0,Yes,12.0
ca040cff-1bb9-42f6-9532-3de8cefbdc54,2024-02-22,Pending,False,117.14,NEFT,MXWUGB8E,AGT-8305,73.0,Yes,41.0
0e382791-59c0-4443-a476-b27966f072b6,2024-03-22,Paid,False,156.27,UPI,ZSLZGBC2,,15.0,No,25.0
acc89463-2292-4300-9973-2747d369e8ef,2024-01-02,Late,False,609.09,Credit Card,OQAFGBJO,AGT-6930,5.0,Yes,
f5ab403a-0c28-4e4c-9a3e-3cb7b3dba9c3,2025-01-08,Missed,True,629.47,,HKKNGBJL,AGT-9359,29.0,No,9.0
e3d9072d-c380-4576-aa5f-d6fed0333fc3,2023-10-28,Paid,False,1340.41,NEFT,RKTIGBQR,AGT-2260,62.0,Yes,48.0
62bcf1f9-234b-482a-b7cc-60306adb3aa1,2024-04-22,Pending,False,1733.6,Credit Card,XREMGBBN,AGT-1155,64.0,Yes,48.0
f053dd1e-bac9-4111-a0ce-d1cb8c653e25,2024-10-27,Paid,False,,Cash,ZWEGGB1G,AGT-2990,,Yes,21.0
2a26b906-f2b4-49f1-822c-a0e3e2c88781,2024-11-22,Late,False,1294.31,NEFT,OVYJGBOH,,55.0,No,54.0
1c704791-a287-4b20-b14a-3bb7e7612aa7,2024-06-28,Late,,1742.63,UPI,BEAUGBTY,AGT-9541,59.0,Yes,31.0
72a97ba7-23e8-4d57-b505-2f0cd3260b8b,2024-07-16,Late,False,746.94,UPI,ARLLGBIY,AGT-4749,6.0,,21.0
b8282692-e4d6-4524-a42b-85e929f0fa8c,2024-06-27,Paid,False,1920.02,NEFT,XDHAGB3C,AGT-8045,58.0,Yes,41.0
b5ec0a02-5833-45a0-b698-f415de8deead,2024-11-01,Paid,,1538.04,,YXYFGBLG,,16.0,Yes,17.0
d626ed51-133d-406d-b345-b8378befaf3d,2024-01-26,Paid,False,1499.95,UPI,PGDYGBXI,AGT-8644,6.0,No,11.0
039eb345-677c-46d6-b5c5-33ad7dbbedb7,2024-07-17,Paid,False,1962.59,NEFT,MPUGGB42,AGT-4634,29.0,No,40.0
bee2ec76-8aca-4590-991d-623960b0d7b5,2025-06-20,Missed,True,189.17,UPI,PKVBGBY4,AGT-2881,76.0,Yes,28.0
0e339444-faa2-44dd-b99c-4e93c568b6d8,2024-09-16,Late,False,239.39,NEFT,MSKTGBY2,AGT-9752,28.0,No,30.0
7662ba1c-81b4-421a-88d2-6c58a5551f1c,2023-11-17,Pending,False,758.83,NEFT,KLOFGBD7,AGT-1467,53.0,Yes,44.0
85579570-d38f-4958-8d87-574f0cd7aa91,2024-07-30,Paid,False,1885.83,Credit Card,ITHBGBCC,AGT-4844,15.0,No,28.0
3e3dc80c-21d6-403e-8837-508fb0e8010f,2024-08-17,Pending,False,1405.85,NEFT,NTWVGBO4,AGT-2589,19.0,No,37.0
98990d94-e17e-44ad-921e-d9d69b8b8b25,2024-09-16,Missed,True,490.27,UPI,KOOMGBG8,AGT-2408,30.0,Yes,35.0
5683fb77-7620-4032-bbb6-c8d9130e752b,2024-09-01,Pending,,1260.89,Cash,,AGT-8884,21.0,No,8.0
23f1e07a-4e2e-4f50-9b88-89c6f0116bfe,2025-03-13,Late,False,945.59,Credit Card,KYACGBAR,AGT-2307,86.0,Yes,9.0
9215c0bc-11af-48f9-97ae-9c0046441e56,2024-09-24,Missed,True,127.41,Cash,OJILGBVH,AGT-2125,78.0,No,37.0
fb1ee37e-538c-449f-a997-27f4a58810b5,2024-04-12,Late,False,736.17,UPI,RAKXGBH2,AGT-0361,24.0,No,28.0
d1df12ca-a47d-4f6c-af9f-fb0ca283c2ab,2024-01-28,Missed,True,1136.94,Credit Card,YGACGBRT,AGT-4264,32.0,Yes,48.0
13b8b2c6-4b7c-499d-ae8b-18436c52f080,2024-09-21,Pending,False,1705.86,Cash,UWJBGBIJ,AGT-7955,30.0,No,40.0
,2024-05-26,Paid,False,809.49,Cash,NVEYGBF3,,27.0,No,53.0
,2024-03-17,Paid,False,1585.64,Cash,ALMJGBJE,AGT-8986,74.0,Yes,9.0
17d9c40e-3c9c-436e-b92e-5148ffdc1f32,2024-04-01,Paid,False,1937.25,Credit Card,PGTHGBSH,AGT-8192,17.0,No,22.0
fe303518-ac2b-4e78-8a2c-032b42fae79a,2025-01-04,Missed,True,150.13,Credit Card,LFDQGBD1,AGT-9507,39.0,Yes,56.0
72af5ca7-a2aa-4a34-9d52-d767307f25c2,2025-03-23,Missed,True,1160.18,NEFT,QOCBGBIM,AGT-7330,25.0,Yes,40.0
18072eb3-423a-4685-ab58-71cfe81188dd,2024-09-26,Late,False,1625.63,Credit Card,NKETGBD2,AGT-4673,84.0,No,2.0
428a9ced-7714-421b-bd47-e7f2ade35ca6,2025-07-06,Paid,False,1121.51,Cash,XYELGBG9,AGT-4568,55.0,No,15.0
8aad9b56-5514-4f65-ae81-af10eff4b01c,2024-08-04,Pending,False,429.72,UPI,EJMIGBHS,AGT-6358,15.0,No,6.0
c90d2c37-699f-406a-8a23-bc9faa049dd7,2024-06-05,Missed,True,1136.14,NEFT,VVYDGBGT,AGT-9862,22.0,No,50.0
3be98d1b-5fd0-4eb2-ba58-d6e727027cdb,2024-09-28,Late,False,1957.4,NEFT,EUPKGBS6,AGT-0177,61.0,Yes,
8fb15b6e-4087-450f-b176-db69320e3faf,2025-07-10,Pending,False,1823.42,Credit Card,BGURGB8M,AGT-6119,7.0,No,18.0
53977927-2f8b-429d-8772-6a758caf3f5c,2023-11-09,Pending,False,645.74,Cash,WLTCGBDI,AGT-4445,,Yes,52.0
59c0c9da-27fc-4b74-8943-6f917c8fab63,2024-11-09,Paid,False,1935.37,UPI,OYZZGBNG,AGT-3818,22.0,No,9.0
97e14255-df2f-42ed-911f-4cf2e5ff72ba,2024-06-27,,False,1197.69,,UDTDGBXJ,AGT-1647,49.0,No,14.0
b4a0df90-6ff8-4ae5-bfa3-00631c5cbffd,2024-09-13,Late,False,1459.58,NEFT,EUZSGBDD,AGT-8513,0.0,No,
10f67c90-2469-4cb8-9b99-5eeaf16cd3cc,2024-12-01,Pending,False,426.74,UPI,BVXHGB0J,AGT-4399,20.0,No,58.0
158bcc60-cbbd-4aeb-b3a0-b5950d60cd98,2025-06-26,Paid,False,1353.58,NEFT,NHGUGBW7,AGT-6560,26.0,No,
b6cc8e14-76a5-4581-9a28-3f6b1957556e,2024-03-29,Paid,False,741.6,Cash,ULGEGBBB,AGT-4091,75.0,No,44.0
0af423c8-155f-4fe4-a8cd-8f47db614895,,Pending,False,1985.47,Cash,,AGT-6432,,Yes,40.0
c5881bfb-9131-43ac-ac3f-4578f0d354e0,2023-07-28,Paid,False,501.33,Cash,GVCKGB3S,AGT-7868,60.0,No,55.0
aedb6372-0420-4140-b628-39274870c998,2024-12-11,Missed,True,1759.19,NEFT,XZJCGBKY,AGT-0778,87.0,No,9.0
7d82d2fc-311a-4723-94ab-9efa3e012dfa,2024-11-29,Pending,False,791.22,UPI,GOGZGBX0,AGT-0517,31.0,Yes,59.0
172497e0-7ee4-43ef-b553-301a697734ff,2024-12-29,Missed,True,1539.89,UPI,BLYCGBN8,AGT-9978,60.0,No,52.0
5dc65ae1-ec1e-4db7-b31a-e56584401dbb,2023-11-26,Missed,True,1738.15,Credit Card,ACMJGBQA,AGT-5731,10.0,Yes,14.0
2504a6b3-e3f6-4dca-a33a-619bbc6dffae,2024-11-12,Paid,False,280.51,Cash,BNAOGBBR,AGT-8461,84.0,No,10.0
6223e739-a4f6-4c61-b988-b4a216581829,2024-12-13,Missed,True,429.78,Credit Card,AXAPGBBY,AGT-9388,18.0,Yes,34.0
43493d14-c312-4520-9746-026dd1518836,2024-07-01,Pending,False,,UPI,PYSNGB9U,AGT-7512,89.0,Yes,23.0
,2024-09-27,Pending,False,804.74,Cash,PPHGGBR1,AGT-3397,57.0,Yes,53.0
85c076ae-d83e-4522-a2df-77eeb6829d2b,2024-09-04,Pending,False,1472.02,Credit Card,IZCLGBAT,AGT-4129,29.0,No,9.0
3f9ea630-e7fe-47cb-9218-dc0ea8be9642,2025-01-12,Missed,True,652.84,NEFT,XBUEGBBV,AGT-3488,60.0,Yes,13.0
b9459402-f046-49e9-917a-d0d1580b21f7,2024-08-03,Pending,False,653.88,UPI,GCJPGBX5,AGT-7415,17.0,No,52.0
769bd582-bcc6-43ef-8385-d0fd93cf22c8,2023-12-11,Pending,False,1591.51,Credit Card,AVGQGBUG,AGT-4031,55.0,No,10.0
7f9ae3b2-6e41-4f61-ae3d-2135cae98c3c,2024-01-28,Late,False,216.44,UPI,MEWUGBM0,AGT-1479,14.0,Yes,
71345c84-3a1c-4b3d-a574-b5339bbf3665,2024-12-06,Paid,False,1763.45,UPI,HHZHGBJN,AGT-0526,87.0,No,19.0
c3b2fe56-9716-4c46-83d0-17425f1d67e2,2024-05-30,Missed,True,1548.31,Credit Card,QFIDGBYK,AGT-8871,,No,35.0
28b66873-d694-4908-9ae1-6be8d10aa267,2024-01-22,Missed,True,780.66,Credit Card,UYGWGBGM,,65.0,Yes,36.0
e3876bb7-599f-4e5b-988d-d915abb3c4a7,2024-10-27,Missed,True,1407.75,Credit Card,QMTBGBQW,AGT-4389,29.0,Yes,53.0
1c653f9f-6b61-4843-95d5-db427c9e7619,2023-10-28,Paid,False,1795.93,NEFT,RGGGGB8B,AGT-8188,19.0,No,42.0
959ceae0-abd5-4e20-8c36-b6109034464d,2023-10-18,Late,False,1840.94,Credit Card,PRMEGBM0,AGT-0843,86.0,No,59.0
48c99321-0002-4a70-9c8f-7ea40bd0554c,2024-03-11,Pending,False,,NEFT,OUBMGBSW,AGT-8625,34.0,No,7.0
330a78eb-eebb-43aa-9dda-46cb95cf21b5,2025-05-04,Missed,True,1952.31,Credit Card,SNAUGB92,AGT-9384,23.0,Yes,43.0
8bc40a30-83f5-4cd2-b32e-f8dd52d4d1a2,,Late,False,1305.58,UPI,CWCEGBJE,AGT-5796,48.0,No,25.0
90e57f36-c2c1-4b3f-9300-f2a1aafb0853,2023-12-17,Pending,False,1520.32,Credit Card,,,3.0,Yes,51.0
ace9af13-f019-494c-86c7-7186df245f8c,2023-11-23,Missed,True,1043.59,UPI,OOXPGBDN,AGT-9420,1.0,Yes,5.0
22e91538-9084-44e5-bfd6-a01fab89e607,,Pending,False,1763.5,Credit Card,FCAWGB9H,AGT-5180,24.0,,45.0
b33f5b7a-54f3-4358-8519-b7f20efecb53,2025-04-17,Late,False,1268.01,Credit Card,ORXDGBYF,AGT-0968,6.0,Yes,17.0
f2265f3d-958a-429a-a61c-4b61223a3f86,2024-07-24,Pending,False,280.65,Credit Card,GIMSGBI1,AGT-4751,65.0,No,55.0
b740ad16-1bd4-4b09-8c2b-5abacbf11cdc,2024-09-01,Paid,,550.82,Credit Card,LCAOGBCM,AGT-8435,89.0,No,59.0
,2025-02-16,Paid,False,473.71,,,AGT-4678,36.0,No,51.0
f496ca17-5289-42c2-9573-da185cd1f722,2023-10-25,,False,1866.32,UPI,MYDQGBVO,AGT-3916,77.0,No,39.0
c557f9b6-cf89-4b35-99c7-de3042152bed,2023-11-04,Paid,False,209.15,NEFT,VTKAGBFI,AGT-1502,40.0,Yes,
3d2533a2-fef0-4526-8237-1d7925b510b7,2023-08-26,Pending,False,972.38,NEFT,LMYWGBVJ,AGT-0987,59.0,Yes,37.0
17cd9313-c376-45d1-a8a3-318f8e424ace,2023-11-06,Missed,True,166.78,UPI,,AGT-3684,58.0,Yes,6.0
1ba4c621-3629-4e8c-a46b-4472acd39cba,,Pending,False,,UPI,HFCNGBC5,AGT-0778,0.0,Yes,23.0
29de36f5-a042-43b1-b964-fe5afbe53591,2024-03-14,,True,1553.2,Cash,JEHYGBQ2,AGT-1180,84.0,No,44.0
34cf7fac-16d3-4fb8-b393-1ff51ae4c1bd,2024-05-09,Missed,True,363.29,UPI,,AGT-8362,,No,37.0
5113e338-089c-426f-b6f9-7072bc641b82,2024-04-12,Pending,False,1787.41,,VZOKGBNV,AGT-1007,88.0,,36.0
17d4369f-6982-4218-bc07-9c6c39394032,2023-11-05,Pending,False,948.97,Credit Card,,AGT-4428,79.0,No,37.0
ea9290fe-0aa2-473c-a4bc-fabaadf24ef2,2024-07-31,Paid,False,,Credit Card,SJUYGB0B,AGT-9213,76.0,No,5.0
9c44ee7e-6a39-4c45-9c80-c1941faccc51,2024-12-22,Missed,True,1777.07,Credit Card,BLDIGB5Y,AGT-7911,7.0,No,55.0
889663a7-e939-4109-af8f-b210e166b066,2023-09-08,Pending,False,1538.79,UPI,ABKSGBBL,AGT-0712,10.0,Yes,23.0
a859b779-e3ea-480d-a6cf-75e77588789e,2023-09-02,Missed,True,919.74,Credit Card,JWAOGBBQ,AGT-2973,28.0,No,
ba3da915-2328-4dbd-be30-96c019feab39,2025-01-17,Paid,False,799.96,Cash,TMYDGB0M,AGT-1392,6.0,Yes,42.0
cddc3bbb-8da9-4a02-ae3b-bdc8a14580ee,2024-05-09,Missed,True,1142.87,Credit Card,EFFZGB7V,AGT-0108,39.0,No,47.0
66671403-3c21-4b35-b439-2ce6b174bd91,2024-05-19,Paid,False,421.16,Cash,DYIDGBR0,AGT-5939,14.0,Yes,26.0
d54f9e34-725f-41d6-ad95-be9e8fd0ba58,2024-07-10,Paid,False,1402.55,NEFT,DLIZGBN5,AGT-4457,5.0,Yes,44.0
06508aa1-400a-4298-9fdb-16473e4205ec,2024-04-10,Pending,False,1681.83,UPI,JZAQGBCH,AGT-6344,47.0,Yes,18.0
6a65ae32-416c-4249-99db-a66665a9275f,2023-10-07,Late,False,1581.24,Credit Card,NXORGBCA,AGT-0231,81.0,No,32.0
3dab7017-01db-4be8-9356-02d2eaa0a5c2,2025-03-22,Paid,False,851.26,Cash,CGYFGB7P,AGT-3636,49.0,,8.0
,,Paid,False,1257.89,NEFT,JENVGB6C,AGT-6609,61.0,No,56.0
bbb7fd78-684b-40e8-a8de-08d326c61390,2024-05-28,,False,730.39,NEFT,GCJUGB2P,AGT-0182,16.0,Yes,55.0
25c21784-5d9d-4a88-b236-f7f30a4e56ee,2023-11-22,Missed,True,1255.54,Cash,XUJJGBFB,AGT-2003,16.0,Yes,27.0
5b159475-3fae-431e-81f3-b43ebec865ff,2024-10-19,Missed,True,1139.89,Credit Card,,AGT-4154,51.0,Yes,6.0
f5034f68-ce7b-48e6-8a34-b00bb2c5d2fa,2023-08-04,,False,1950.83,NEFT,WBYUGBFL,AGT-4552,2.0,No,28.0
8ea1c308-118b-4e53-a410-127016b88f47,2024-07-14,Late,False,,Cash,YPAUGB8T,AGT-8151,66.0,No,44.0
974c8904-2f29-47b7-bfc5-e640e18f2b4f,2024-05-19,Pending,False,699.11,,NLXZGBQ8,AGT-5730,40.0,No,38.0
e88a2f77-9c0e-4518-8ae7-dd8511ca852e,2024-04-14,Missed,True,1215.53,Cash,MQTXGBGT,AGT-6520,17.0,Yes,53.0
65c89c79-0c2d-4c7a-8d8b-bdd2ce05977e,2025-03-26,Paid,False,1591.14,NEFT,OGJEGB59,AGT-9691,64.0,No,14.0
b78081e3-c406-40e5-ae00-b077ef417588,2024-05-22,Late,False,447.6,Cash,EEXSGB50,AGT-3081,6.0,Yes,38.0
abc1037a-843f-4781-8d74-525acdc3ea00,2024-06-22,Pending,False,,Credit Card,NHTGGBZC,AGT-6446,50.0,No,
6544d15b-1dc0-46b1-b790-8ee40f510be6,2024-04-08,Late,False,1498.28,Credit Card,HXSOGB7V,AGT-6053,77.0,Yes,42.0
ce10cbf6-f42c-4a98-b2d5-5490a1ed04d4,2024-01-20,Missed,True,1941.79,Credit Card,HGMMGBN3,AGT-5648,63.0,Yes,49.0
a689b2f4-d5d9-4aa5-bc48-069546201ef2,2023-09-02,Paid,False,1293.4,NEFT,MMIRGBLL,AGT-4776,84.0,No,52.0
20698a69-608a-4e27-9a95-ce4a09bff86c,2024-02-05,Pending,False,633.03,Credit Card,TDJQGBYF,AGT-1510,88.0,No,30.0
d6c17446-8994-48a6-b67f-5ab1ee6a946b,2024-01-22,Late,False,1035.92,Credit Card,JXXJGBRR,AGT-3173,12.0,No,21.0
01cf8864-4214-4f2b-a56c-b8988d3f845a,2024-12-20,Missed,True,858.27,NEFT,RGGQGBVU,,,No,21.0
249e4db1-380b-4da2-a7f5-436ceb583adb,2024-03-19,Paid,False,126.51,UPI,DMSYGBH5,AGT-8260,68.0,Yes,50.0
46aead02-9497-48bc-87e0-b82c9c47a02f,2025-02-07,Late,False,1899.63,UPI,XLATGB9Q,AGT-6575,27.0,No,3.0
a435e533-64f1-47af-9a7e-5db17ea334b3,2024-06-23,Paid,False,1864.22,Credit Card,YWSHGBZZ,AGT-2300,13.0,Yes,30.0
27b36666-c0c7-4759-913e-0cfbcefc8c31,2025-04-26,Pending,False,792.3,Cash,,AGT-4896,48.0,Yes,30.0
c72f6913-30b5-4c04-b56c-d2258a57ab4d,2024-07-03,Paid,False,739.48,Credit Card,NCMNGBQV,AGT-4261,51.0,,57.0
61a5732e-5250-452b-a03b-a9bf68219f1e,2024-05-02,Missed,True,546.37,Credit Card,VLJYGBJ6,,37.0,No,48.0
f18d5d1b-fed4-4510-a15c-e5eb6c67ba1f,2025-06-21,Paid,False,313.28,NEFT,DIYTGBXP,AGT-4753,53.0,No,52.0
11756e72-be14-4341-9b4f-07a7ab260c54,2023-07-19,Missed,True,573.08,Cash,MRMRGBCQ,AGT-4723,27.0,Yes,13.0
9850f110-fdea-470f-bba7-5a32462f0dae,2024-12-28,Paid,False,936.5,,GLFCGBXC,AGT-4158,7.0,No,19.0
,2023-11-15,Late,,1799.78,,YNLBGB77,AGT-0218,64.0,No,31.0
cec9f93d-f80e-4a97-8804-aab29ed265c3,2025-06-02,Late,False,1443.22,Cash,SHLIGBJ3,AGT-9677,46.0,No,
c35783fe-85f1-41d9-b5a9-90412d667b8d,2023-07-21,Missed,True,1364.5,Credit Card,,AGT-6400,41.0,,4.0
9b2ff04c-a313-40b2-a7cd-08e529c76446,2024-04-17,Late,False,867.82,Cash,YTGCGBS5,AGT-3393,40.0,No,22.0
446064a5-c26b-4573-bbbc-6ed6b0ff949a,2025-04-30,Late,False,726.91,NEFT,KZWOGBH4,AGT-7984,46.0,No,
00a80813-9b0c-4a10-9f92-6705b963f11e,2025-07-01,Missed,True,703.08,UPI,KMHUGBM1,AGT-9080,13.0,Yes,58.0
cc76e571-fbde-47f6-8b74-d762bce81611,2024-07-30,Late,False,1768.04,NEFT,PAIGGBF3,AGT-2042,75.0,Yes,3.0
00e14d10-6278-4205-b47a-b8a018d5d3cd,2025-02-28,Missed,True,1407.26,Credit Card,BZTYGBTG,AGT-6972,81.0,Yes,41.0
f84ab851-7cc0-4566-ad1e-6cf53ee7af7f,2023-08-26,,False,134.12,Credit Card,WYTJGBHQ,AGT-3609,43.0,No,33.0
,2023-12-31,,False,1567.46,UPI,BGIFGBD2,AGT-3155,,No,52.0
12723a70-4584-47c7-9f21-d06425980488,2025-01-29,Pending,False,843.66,UPI,NMZBGBU4,AGT-5907,85.0,Yes,38.0
67604d86-38c0-48e1-acd3-6089107b04b1,2024-09-14,Paid,False,829.8,Credit Card,IOUNGB69,AGT-9277,70.0,No,26.0
8a079d6b-c2c8-4e2c-be17-31692964ed2c,2024-08-08,Late,False,1416.29,Credit Card,SZEQGBQG,AGT-2299,34.0,No,41.0
bf769b8a-317f-4b88-8cca-b9bed02a482a,2024-07-18,Paid,False,1030.37,UPI,QCQAGBKS,AGT-8741,0.0,No,9.0
c7c39c56-b588-4746-8fcb-0609f1ba5597,2025-06-24,Paid,False,1583.5,NEFT,WCSSGBVE,,60.0,No,14.0
a357b93c-1943-447d-8ebc-4d9208f708df,2025-01-27,Late,False,613.33,Cash,XMBXGBGV,AGT-1155,67.0,Yes,
568cb5a3-f3a1-416e-9af6-e15215807289,2024-11-21,Paid,,1935.8,UPI,PVLYGB5R,AGT-8841,60.0,No,4.0
b8d34e59-bce8-43ab-a1b9-ddfd31db9d1d,2023-07-22,Pending,False,202.99,,AXTQGBBG,AGT-9833,89.0,No,35.0
c3717e7d-251b-4a5d-bbc7-929e05cecc21,2024-09-30,Pending,False,1412.55,Credit Card,GUKBGBSV,AGT-0940,38.0,No,20.0
f358ebd9-95a1-4bc4-8c5d-11b23419f50f,2024-11-27,Missed,,737.14,UPI,LMLOGBMA,AGT-6763,30.0,Yes,52.0
ff6d99aa-2ab8-4721-8615-3d6140b12c64,2024-09-16,Pending,False,518.12,UPI,OOOSGBB9,AGT-8370,64.0,Yes,57.0
d2c3f186-d223-42f1-abfc-17b0c5c991be,2024-09-04,Late,False,397.56,NEFT,UIDKGBMZ,AGT-4211,7.0,Yes,34.0
7cc6efe8-3514-4753-8779-cf187f1749f9,2023-11-02,Paid,False,1307.11,Credit Card,ZUCAGBGV,AGT-5775,83.0,Yes,52.0
331754dc-f039-41b7-9ad6-328b01288073,2024-12-12,Missed,True,,Credit Card,GSULGBEX,AGT-4779,70.0,Yes,
7de7449f-fccf-4085-8399-61481fc6f054,2025-05-15,Missed,True,1432.36,Credit Card,FCOFGB02,AGT-8517,26.0,Yes,30.0
9af14bb3-bb49-47e4-a9c4-48aaa50ed4ea,2024-12-20,Paid,False,1533.45,Credit Card,STBHGB7F,AGT-7577,44.0,No,22.0
b2907ff3-3c7f-4fb9-b2be-3adeb4ef4d8b,2023-09-06,,True,1728.07,UPI,NQFFGB2S,AGT-8177,55.0,Yes,6.0
f6dc9599-6149-4876-abe7-52e19fbc28c9,2023-08-16,Pending,False,1540.43,NEFT,GLEEGB8F,AGT-9045,66.0,Yes,33.0
a1fc2d6a-b16f-4185-b731-af972425171a,2024-10-01,Paid,False,857.85,Credit Card,KMWWGB35,AGT-8654,14.0,No,9.0
03d04a52-9ccf-4c08-b2c1-2d7b72eefa1c,2024-07-24,Paid,False,1137.88,Credit Card,GOFHGBRC,AGT-7474,50.0,Yes,36.0
003c6d32-9a24-4329-97ce-a1ebf90e21f2,2024-04-03,Paid,False,944.41,Cash,MTAPGBEL,AGT-4840,38.0,No,5.0
,2024-04-29,Missed,True,335.46,UPI,INMVGB0T,AGT-2135,75.0,No,22.0
bcf89dd9-1783-49fa-a049-efebbee82e6b,2023-09-22,Missed,True,1959.27,Cash,OYXGGBO0,AGT-9396,6.0,No,56.0
5eed5f08-2797-4bca-be60-78854dce8a0c,2024-04-26,Paid,False,1972.49,UPI,HQFRGBQW,AGT-6349,62.0,Yes,44.0
,2024-07-29,Late,False,893.73,Credit Card,FPUGGBH8,,7.0,Yes,21.0
637d4604-40dc-4ecb-8021-40096c2de3ea,2023-09-02,Pending,False,1912.01,UPI,IDQPGB1R,AGT-5390,25.0,Yes,25.0
4598cc50-a44c-4f46-a99b-3a6d42cdf5fd,2024-03-05,Paid,False,226.63,UPI,VJXTGB3F,AGT-1587,14.0,No,8.0
bfc3532f-4832-47a4-b995-a07c41952d77,2024-11-10,Late,False,816.81,Cash,YDSEGBBJ,AGT-1824,20.0,Yes,13.0
82a53c9a-3cf7-4424-9eab-7ad51e0cb73e,2024-02-04,Paid,False,1795.05,Credit Card,SJVFGB5B,AGT-0297,32.0,Yes,15.0
e1d78902-add2-47f8-b5c5-ec94e2ce272f,2024-08-04,Paid,False,1782.41,Cash,LYKHGB8W,AGT-3455,7.0,Yes,51.0
0364e92a-5c5a-493c-9790-5972a95cf453,2024-09-28,Late,False,468.65,NEFT,RVTYGB1W,,33.0,Yes,11.0
282081e4-be63-4ba3-84fb-9252e340a047,2023-08-20,Missed,True,1470.1,Cash,DMIUGBCL,AGT-0462,65.0,No,19.0
80f382bc-2d37-43b6-ba0c-773db243f1ca,2024-03-12,Late,False,994.6,NEFT,YQTNGB56,AGT-5447,55.0,Yes,11.0
0605d8e3-16dc-45b2-a8c1-23b0f065ffcc,2024-06-08,Late,False,734.02,NEFT,AVUVGBAK,AGT-1051,52.0,Yes,12.0
7ff4de33-4b49-4393-a2ec-97d8012ef83b,,Missed,True,1536.11,UPI,DSCDGBEB,AGT-1556,83.0,Yes,2.0
977655a8-c460-4fb6-b52a-b37cd8a41982,2024-10-11,Late,False,1031.07,NEFT,VMSEGBSJ,AGT-7207,55.0,Yes,3.0
dbb44b3b-e106-4f56-a198-064651555322,2024-05-20,Missed,True,1615.97,Cash,MCQLGBXN,AGT-7607,11.0,Yes,56.0
8898a0f4-7f42-4047-9415-0e4fc91fa86e,2025-03-30,Missed,True,1120.8,UPI,MVTVGBCQ,AGT-3040,13.0,Yes,23.0
ae27d8c2-376f-4c8c-a392-eae906c1ea60,2023-10-18,Pending,False,1837.2,UPI,CTWLGBJF,AGT-8322,60.0,Yes,37.0
cca781a4-9131-4535-bc89-579a67db2f96,2024-03-13,Missed,True,630.47,NEFT,DDQHGBBI,AGT-6387,56.0,No,54.0
6db265f6-3d63-49db-84a9-49c7be34fe48,2024-12-28,Pending,False,1707.91,UPI,VGDGGBZ4,AGT-6766,36.0,No,10.0
08c693a4-fcbe-4948-9233-5f8140c96b64,2024-10-28,Pending,False,696.58,Cash,LBSUGBQ5,AGT-8730,8.0,No,40.0
6d1bc159-cf81-426a-86ec-633a6551cabd,2024-02-27,Pending,False,464.14,NEFT,QWTLGBD6,AGT-7668,50.0,Yes,
27d334c4-9d31-4260-bba3-af8f960b8e23,2023-08-26,Paid,False,190.27,,WJDPGB9J,AGT-7513,16.0,Yes,7.0
89e1e490-af4c-4e44-9c96-408761b25399,2024-11-08,Pending,False,832.76,UPI,NQXGGBAX,AGT-8114,59.0,No,19.0
61fa7536-c152-4f86-bf38-2d01df6936b6,2024-10-16,Pending,False,347.96,Credit Card,UWXZGB2O,AGT-9716,38.0,No,47.0
35d4213b-e811-4332-86e3-6b9d9215e85d,2024-11-25,Late,False,128.14,Cash,PGSAGBMZ,AGT-4019,20.0,Yes,25.0
7f52b035-6cec-4fb4-b0bb-98ab639efc71,2024-12-13,Missed,True,1956.34,Cash,BAAYGBPP,AGT-4321,42.0,Yes,35.0
0fb9954b-dd10-47fb-a31e-a48a6fc74cd7,2024-05-04,Missed,True,1384.03,Cash,SRXOGBGJ,AGT-9001,3.0,No,46.0
cfea9fa3-4824-492a-956c-2979be0b7a6d,2025-07-09,Late,False,1269.15,,GTGJGBUZ,AGT-2729,51.0,No,42.0
0aec61d4-5706-4a8f-9ab0-4462b2a445a0,2023-12-21,Paid,False,1416.45,,ILKSGB07,AGT-9649,47.0,Yes,13.0
49c8ff50-339a-45db-a38f-70e16b8c6afb,2023-07-28,Paid,False,132.74,NEFT,,AGT-8468,13.0,Yes,8.0
bb4c0d00-b3f5-4e4e-b8ee-e1a88fe83193,2025-05-08,Pending,False,222.8,UPI,GZGCGBUT,AGT-5662,16.0,Yes,28.0
0e0774e9-b694-4024-b145-f72c49286f5d,2024-09-13,Pending,,1941.54,NEFT,MGBTGB2R,AGT-7181,67.0,No,3.0
91d656fb-4efd-4dca-bc9b-db11a8d44214,2024-02-10,Late,False,1754.46,UPI,PGNZGBMQ,AGT-1526,82.0,No,41.0
1b61b0e9-47e5-401d-8e31-9a0aabb7bef7,2023-09-25,Paid,False,212.65,Cash,MWWNGBNM,AGT-7351,9.0,Yes,35.0
23ac17ea-396c-4a98-b4d5-b14a454aa341,2024-06-15,Missed,True,461.49,NEFT,RBOLGBIM,AGT-5108,20.0,No,33.0
7751d27e-fe58-4779-ab33-a11e99f78d15,2023-08-26,Paid,False,211.54,UPI,PGJJGBFL,,12.0,No,26.0
1a5261ad-3e78-4c52-a092-5e6bc66a0acf,2024-05-31,Missed,,807.6,Credit Card,KJUVGBTM,AGT-1540,76.0,No,18.0
ca748ed9-8f59-401c-a5d5-dab52263c507,2023-12-29,Late,False,1677.79,Credit Card,MFGHGBUC,AGT-6184,76.0,Yes,59.0
b5ffe826-123e-40b9-8f0f-df08937c42b0,,Pending,False,372.85,NEFT,,AGT-6532,18.0,No,12.0
e73de618-c6f7-4121-a4c7-0b3f47fd006e,2023-12-28,Missed,True,274.56,UPI,KVAVGBWK,,32.0,Yes,33.0
27ea2be2-3048-42ff-b709-18d7f63d28bf,2023-11-11,Late,False,421.89,NEFT,FMRMGB92,AGT-1335,6.0,No,27.0
13291e94-8f3e-4068-9767-098e8c49f16d,2024-08-12,Paid,False,1036.81,NEFT,SRDNGBO9,AGT-9256,29.0,No,47.0
e123b1dc-2822-4923-a637-edb3264cce12,2023-09-19,Missed,True,1742.57,NEFT,JXMXGBBQ,,38.0,Yes,11.0
92f2ed60-8f45-4ecf-be4b-42c4a0b134ef,,Pending,False,903.16,NEFT,FIZMGBIL,AGT-0658,65.0,No,57.0
43151b30-92cd-471a-b827-b24d3d17e785,2023-09-27,Missed,True,542.12,Credit Card,CIPNGBNK,AGT-1076,55.0,Yes,9.0
,2025-04-17,Missed,True,513.67,NEFT,OZXQGBQV,AGT-8473,42.0,No,24.0
6f5e801d-aa32-4ab8-b16d-7a64bb80a5c5,2024-06-06,Paid,False,669.84,UPI,IDIZGB30,AGT-6935,15.0,No,4.0
,2024-07-02,Late,False,804.53,UPI,WDJKGBRU,AGT-7978,,Yes,14.0
1025e236-830a-4b04-a0ca-7ff4bec62386,,Paid,False,422.78,NEFT,JKBUGBBI,AGT-3281,46.0,,50.0
8fe2c820-a033-4c9e-ab0c-915dc86a6ecf,2025-01-07,Late,False,1346.57,UPI,OUNPGBAE,AGT-6838,,No,49.0
44abcd5f-5042-4f5c-8327-62d8633be99f,2024-04-23,Late,,,Credit Card,MIRYGB1D,AGT-9744,32.0,,33.0
e9eb2831-2765-4f23-bd09-7791fe749194,2024-08-25,Late,False,1309.54,Credit Card,HEUXGBY5,AGT-8060,88.0,No,20.0
b2709a93-20a2-4565-a335-1710169663c1,2025-06-03,Late,,801.11,UPI,SRHJGBOU,AGT-8792,10.0,No,42.0
b7dae5a9-bc53-4168-9f70-7645846befb8,2023-12-16,Paid,False,373.98,NEFT,OBWXGB4H,AGT-7989,73.0,Yes,28.0
e5af3029-c193-408c-b014-2c5bb2d656d2,,Missed,True,363.63,NEFT,SLOVGBE8,AGT-8650,60.0,Yes,29.0
12ec42af-4a1e-49af-97c9-05114b541819,2025-04-20,Late,False,821.63,Cash,TZWLGBAM,AGT-4921,37.0,Yes,28.0
232aebd4-9627-44cb-b0a2-135dad9b0474,2024-11-09,Missed,True,1377.08,UPI,CRPMGB95,AGT-9915,31.0,Yes,28.0
d5a20c03-e30b-48af-8fde-c46abbaf9f74,2024-03-23,,False,1727.31,NEFT,,AGT-5220,26.0,Yes,8.0
275c123d-2cf5-4a2a-bbde-d72b12d38590,2024-05-23,,True,1270.33,UPI,QYVQGBUT,AGT-6260,6.0,Yes,51.0
e9547382-0d9c-468e-b064-916792770ffe,2023-07-27,Missed,True,582.62,UPI,BUXRGBTO,AGT-6831,69.0,Yes,59.0
0b05c98f-8acb-456e-81be-5c75f71c5f3c,2025-05-06,Paid,False,,Cash,XOZHGBPQ,AGT-5497,68.0,Yes,48.0
5974a697-f730-420d-8d95-abe0ac3d24a9,2024-03-26,Late,False,1012.25,Credit Card,WVJGGB00,AGT-8982,79.0,Yes,12.0
9735b4f0-90a3-43c7-a71b-7f6f5e2d6e88,,Missed,True,1406.09,UPI,DMFCGB6T,AGT-9468,69.0,,45.0
fda18b32-497b-4b7e-84d1-9046e07a686e,,Missed,True,331.23,UPI,IFYBGBRP,AGT-3274,0.0,No,16.0
a4d83f7e-0ff6-44ba-b374-9f1b666b3706,2024-12-06,Pending,False,1122.06,NEFT,OXEPGB49,AGT-9061,87.0,Yes,54.0
86107732-1c2b-466c-938d-9fe74365d49e,2024-01-30,Missed,True,1594.31,UPI,VXBCGBB1,AGT-3279,57.0,No,48.0
0e9825ea-9b76-454a-8f3e-c772048fd1f7,2024-11-03,Late,False,1565.72,NEFT,LWQNGBTM,AGT-4904,64.0,Yes,8.0
f8f69992-85fa-4cee-a401-278de02171e3,2025-03-09,Paid,False,507.01,NEFT,KKUOGB75,AGT-6156,4.0,No,29.0
36882a9c-2d6d-44df-a3ef-e59448608eea,2025-02-06,Late,False,1312.17,Credit Card,NUBOGBQZ,AGT-9399,83.0,Yes,15.0
dbc756dd-4d00-4c2e-b4d9-3158d8a995e8,2023-10-20,Paid,False,777.57,Credit Card,ODSUGB4P,AGT-9757,71.0,Yes,51.0
2dcf0911-8cc2-416e-8a05-9b26a6caccf1,2024-03-14,Pending,False,346.8,NEFT,WATCGBZT,AGT-3632,86.0,Yes,13.0
0637d2dd-2f2e-4c7e-a4ea-cab28921f63c,2025-05-20,Paid,False,1073.3,,XLWBGBMF,AGT-1585,22.0,Yes,9.0
76d9ae85-3731-4d93-ac18-dc1b7fd1ab61,2023-11-28,Pending,False,1866.81,,NPVQGBYI,AGT-2239,45.0,No,5.0
81cc6bcb-0a78-4b9b-9722-88c0c660b1c6,2025-06-03,Missed,True,1039.61,Credit Card,VSXMGBDU,AGT-5512,7.0,Yes,33.0
62bfaf5b-8aab-4c8e-94ac-dd01e1843bc9,2024-11-28,Paid,False,1372.71,Cash,YSOUGB5L,AGT-1144,66.0,Yes,17.0
069a3273-3389-4ce4-bd01-4189a4a84434,2025-04-21,Late,False,1134.22,Credit Card,GDZQGBF3,AGT-3593,,Yes,12.0
d322f23c-2b07-4fc9-8523-ae45143f0a08,,Pending,False,1044.12,Credit Card,HJHWGB7R,AGT-6065,39.0,Yes,49.0
f81b2036-e53a-4675-b8bc-90b2f00b10da,2024-09-16,Paid,False,669.78,UPI,CHZLGBN5,AGT-1420,61.0,No,33.0
ef366e5f-4a25-4145-9d13-18e85fd6bc22,,Pending,False,1668.46,NEFT,NDJZGBSC,AGT-2190,34.0,Yes,43.0
ae834b83-82f7-418e-85dd-3f0ca6a01881,2023-11-05,Late,False,298.77,NEFT,CRJPGBJW,AGT-2995,,No,27.0
dafe5847-8633-408b-bc2e-8ef53f9353b2,2024-01-21,Missed,True,600.0,Credit Card,LYKBGBLO,AGT-2289,77.0,No,
670da895-180a-45fb-bebf-35b255fba870,2025-02-16,Pending,False,999.12,Cash,ORSJGB7P,AGT-0081,10.0,Yes,53.0
97956a03-1a23-4c28-a241-1a936da375b4,2024-04-28,,True,139.96,UPI,UBXMGBPQ,AGT-1130,84.0,No,1.0
,2023-10-11,Missed,True,384.86,UPI,DZXDGBY7,AGT-7505,70.0,Yes,44.0
1c8f51fb-002f-4f05-aab9-404acf57943b,2025-06-29,Pending,False,1797.28,Cash,NESZGB3I,AGT-2977,82.0,No,48.0
4cfe5f5f-044b-4dea-9e23-e61447dabbca,2024-06-22,Late,False,267.93,UPI,IIVRGBND,AGT-1226,71.0,,45.0
2f3d7e81-3470-412e-b787-88159413ff70,2024-08-05,Missed,True,247.21,UPI,QIMEGBTR,AGT-5235,43.0,No,24.0
1375d040-ac59-4c96-b31e-8324945b7fca,2025-05-29,Paid,False,1820.24,UPI,AAYEGBFD,AGT-4622,60.0,Yes,7.0
5816b72a-abab-4c32-b5dc-bfdcf9463b5e,2024-11-02,Pending,False,1869.35,Cash,PQHYGBS2,,75.0,Yes,53.0
,2023-09-14,Late,False,805.79,NEFT,RBQHGBLQ,AGT-9165,61.0,Yes,51.0
fa6e1fa2-9c4e-4f85-974f-0feca33f54da,2025-02-01,,False,1593.43,UPI,CYJAGBWD,AGT-3423,14.0,No,50.0
4dbf1441-b500-4c78-9950-dca87922c011,2023-11-17,Missed,True,1140.36,Cash,NOHNGBRN,,43.0,Yes,
19620f09-0743-4f9f-8fc1-b4da4f473fdb,2024-05-06,Late,False,,Credit Card,DPAKGB1C,AGT-0051,23.0,Yes,32.0
4d82355c-e18e-4543-bb5f-ca0e017ea164,,Paid,,1508.86,NEFT,KMXIGBIY,AGT-2402,26.0,No,27.0
655e6e5b-dda0-4503-b9cd-e0d6eede1124,2025-07-14,Missed,True,1321.58,UPI,SQYYGBYL,AGT-7849,51.0,Yes,15.0
9a4af5cd-65a5-407f-aa9d-009c0c6790ee,2023-08-09,Paid,False,660.95,UPI,JISBGBOD,AGT-8236,80.0,No,46.0
3d35d97b-2f34-48e7-a381-fa446dd25b55,2024-03-18,Paid,False,683.48,Credit Card,EHUZGBDP,AGT-6041,46.0,No,27.0
f4af0db4-d74b-4724-8bca-7b0d2232fa9d,2024-02-10,Late,False,1455.58,UPI,VOFXGBN8,AGT-6806,45.0,No,23.0
0ec8307a-c98b-4360-a991-78d154de9cc1,,Late,False,286.51,Credit Card,LYKPGBNW,AGT-2723,57.0,No,18.0
969f441a-cfdb-486d-9fe6-b4c827e3a9aa,2024-02-01,Pending,,600.86,UPI,IRIJGB57,AGT-3602,33.0,Yes,29.0
d1e3f721-af21-4f04-b28c-b86956920b62,2024-04-14,Missed,True,406.96,UPI,OZUJGB16,AGT-6989,88.0,No,20.0
80301ba7-ff61-4a98-93a0-64c1b0eb8bad,,Paid,False,1513.27,NEFT,WQPXGBLE,AGT-3049,10.0,No,11.0
af55bf64-9535-43cb-9352-174fc8b8b7ce,2023-11-27,Paid,False,470.46,Cash,GLAAGBV5,AGT-3648,49.0,Yes,50.0
5057bd89-d162-4b97-baa5-421df71ea9f5,2024-07-11,Missed,True,1982.7,Cash,OYNLGB48,AGT-7107,55.0,No,53.0
c5b9ec59-4e50-4dba-a62e-6c4ef68c6a8a,2025-04-09,,False,1319.47,,YJTJGBCC,AGT-0053,8.0,Yes,38.0
03dc5c7c-033c-4b3c-9e20-13fbea2be505,2024-07-01,Pending,False,829.82,UPI,ORXVGB0A,,67.0,No,48.0
18ed5e6b-4110-4da3-8399-6c21956ad897,,Paid,False,1337.02,NEFT,AQYQGB6F,AGT-0601,89.0,No,3.0
8e72f0aa-8b16-4220-b6b7-a4386917b8fe,2025-07-01,Pending,False,1468.62,NEFT,JPGRGBO5,AGT-9608,12.0,No,25.0
edcdbbf6-3216-41ba-a1e5-820094d0723f,2023-08-06,Missed,True,330.82,,AQOMGBWU,,45.0,No,28.0
6085b921-f7fc-4d5f-9330-125ba31fa3a2,2025-02-23,Late,False,377.99,Credit Card,ZPYBGBU7,AGT-7077,28.0,Yes,37.0
125e222c-a679-4a4c-8ac3-322c08ec86ad,2024-10-18,Pending,False,1722.96,Cash,CQDVGBE3,AGT-7410,56.0,No,4.0
a473419f-0795-40ca-8f63-9304c7d0fe54,2024-09-13,Pending,False,1181.07,UPI,YCNPGBAN,AGT-9567,65.0,No,9.0
919260e6-9a4b-4a5b-b2e2-92450dfc0f15,2025-07-12,Pending,False,1772.22,Credit Card,IQHMGBB4,AGT-0976,,Yes,33.0
cb47f74c-ed0a-4022-adf6-d432c56a7f3d,2025-05-21,Missed,True,253.79,Cash,HGTWGBAJ,AGT-3019,71.0,No,16.0
8889eaff-f291-4b5d-bb47-5504abb39742,2024-06-22,Paid,False,780.42,Credit Card,QJNFGBJN,AGT-0964,17.0,Yes,7.0
eebfda4d-a83d-46f8-a544-e4c5cd0589ac,2025-03-22,Pending,False,1213.62,Cash,GVYGGBID,AGT-0267,80.0,No,11.0
acb470cc-7c17-48f1-bf13-2498fcca4625,,Pending,False,1170.34,NEFT,DUSIGBCF,AGT-0500,42.0,No,31.0
6fa01efd-468e-4483-8072-ddf8d5f52cde,2024-12-13,Paid,False,1349.4,Cash,AOVHGB0S,AGT-3389,6.0,No,29.0
18209fb1-0423-47ae-b5b5-dc59e8874bd5,2024-04-22,Late,False,1963.99,Credit Card,OXXUGBYJ,AGT-5167,11.0,Yes,55.0
35f0f453-3880-4b5e-aa8e-d93ab3c1be01,2024-08-06,Pending,False,,NEFT,MZZFGBX6,AGT-0321,63.0,,28.0
aa81dbd4-a924-4092-a59b-12e6d55caf71,2024-04-02,Missed,True,1391.26,Credit Card,JRTOGBNZ,AGT-5114,78.0,Yes,52.0
5a361f58-57cb-47af-afd8-173118e6c15c,2024-01-23,Pending,False,1323.57,Cash,HAFJGBHT,AGT-8978,4.0,No,25.0
93cf3b17-908d-41d9-8a8c-949b5f9f339b,2024-09-29,Pending,False,,UPI,RYURGBNO,AGT-1779,62.0,No,25.0
990f97e3-704b-4202-ad6f-b585f0a774f5,2024-11-01,Pending,False,554.34,Cash,CEJWGBTU,AGT-6224,64.0,,35.0
5b1a68ce-fa67-4575-8d80-d85e1695f603,2023-08-20,Paid,False,584.39,NEFT,AGVGGB4D,AGT-6887,,No,59.0
80607549-dd79-47bd-b0d6-7a6426af1d73,2024-11-12,Paid,False,1257.69,NEFT,GEBVGBW0,AGT-4311,26.0,No,24.0
ae80fd15-b1b2-4864-bc74-b3f709a8ed50,2024-08-20,Paid,False,246.73,UPI,DFHQGBR0,AGT-6930,60.0,No,35.0
78dbf544-5cf9-48f6-b969-615900b5f3e7,2023-10-02,Paid,False,289.91,UPI,PYUBGB9M,AGT-3991,79.0,Yes,15.0
8f0fe2d1-a015-4633-87a4-e6e26be8c8bc,2024-11-09,Pending,False,650.75,Cash,TNWDGBEB,AGT-2050,57.0,Yes,51.0
d01a7d48-25cb-4eea-8073-22a9c4dda68f,2024-04-19,Missed,True,382.64,NEFT,PTHTGBKJ,AGT-7386,6.0,Yes,4.0
ac3ea4c8-7d61-4cac-9f97-a39a1b50e1ed,2025-03-21,,False,1082.13,Credit Card,BYKLGBB8,AGT-3288,5.0,Yes,49.0
af443d0c-d4d5-4df6-94d6-2f7d85d7a418,2024-02-20,Paid,False,158.52,UPI,PABIGBEO,AGT-8757,13.0,No,45.0
0a6442c5-11d2-4eab-bb6a-d900c97e0c26,2023-10-11,Late,,1113.97,Cash,SLLVGBTY,AGT-1852,36.0,No,43.0
43cab640-20b2-4492-aee6-68daac25d489,2023-12-03,Late,False,1733.72,Cash,GJXHGBTG,AGT-7284,36.0,Yes,23.0
207f6a90-cb7a-4fdb-be64-f39ef5ad73f2,2024-10-07,Paid,False,904.21,,OKBYGB5L,AGT-0907,37.0,No,8.0
e2748272-00ca-4586-ad8c-ad0f8b082f44,2025-07-02,Missed,True,1276.18,NEFT,DZLJGB1B,AGT-2293,36.0,No,40.0
e091d60e-a753-4c6f-9f90-a4b0bafde8d6,2023-08-29,Paid,False,1909.75,Credit Card,MHVLGBU1,AGT-8912,47.0,Yes,27.0
be522525-a5da-40e1-a4d7-ea83c63b0ece,2024-05-13,Missed,True,420.19,NEFT,CFEIGBD7,AGT-9418,54.0,Yes,54.0
2d2b4bdb-9998-4594-8719-3bde5ca48135,2025-03-15,Pending,False,303.96,NEFT,LNLAGB0E,AGT-1198,25.0,No,12.0
d061912c-6b2b-4a49-9098-c2c7c68fe8d8,2024-08-08,Missed,True,188.85,,ONIRGBIU,AGT-0217,85.0,No,22.0
03bd3bf4-49c1-4b09-b522-d53bb4188aa8,2025-01-26,Pending,False,1888.21,Credit Card,NDAJGBHM,AGT-4844,,Yes,13.0
f303cf1b-e0f2-4aad-8ea6-35cf23a812a2,2024-11-28,Missed,True,1460.07,Credit Card,WCRAGBN4,AGT-6652,4.0,No,2.0
86976ea3-810a-4a4f-a338-dfef542437c7,2024-05-01,Late,False,632.36,Credit Card,AIKXGB5V,AGT-8161,26.0,No,17.0
5c794a35-3ccc-47c9-89af-aa6e82aa55d3,2025-04-06,Pending,False,1456.56,Cash,DBKQGB58,AGT-5484,62.0,No,20.0
831c8665-4297-4323-9ec7-56f4be62b1db,2025-01-24,,False,298.61,NEFT,JLZGGBY1,,8.0,No,
295d036b-e765-48f0-888c-8cd1b3748326,2024-01-02,Pending,False,1378.35,Cash,NRTYGBG5,AGT-9757,48.0,No,16.0
ac6eb7be-0fef-43fb-8fa0-e299d15d3141,2025-04-19,Pending,False,916.39,UPI,VMHUGBKT,AGT-3295,21.0,Yes,4.0
ee0911b9-3a64-4b7e-ab6e-6929e5700643,2023-08-03,Pending,False,1042.99,NEFT,GPEOGBET,,87.0,No,24.0
fcc7e27f-c49c-4566-99a3-b8586a7ae9bf,2024-07-23,Paid,False,369.96,Credit Card,MZTNGBZ3,AGT-4991,18.0,Yes,30.0
1af86ba3-b0eb-4fb9-8970-676373e9719c,2025-05-30,Pending,False,654.96,NEFT,BACUGB6G,AGT-2542,20.0,Yes,32.0
c7900867-a441-4ad0-a122-399884548c56,2024-03-20,Pending,False,1221.62,Credit Card,JRCLGBEU,AGT-4415,52.0,No,19.0
6fa317f6-296c-49ff-a9ba-514f154fa170,2023-12-22,Pending,False,119.17,NEFT,CXIPGBVI,AGT-7128,12.0,No,5.0
6b2666ba-86b5-404e-b379-8fdcf704e53b,2023-12-22,Pending,False,109.68,NEFT,FWKCGB3W,AGT-9902,80.0,Yes,37.0
d30703d9-c8e3-45f5-89bc-c75f96484c0a,2025-01-18,Pending,False,1006.73,UPI,WNGJGBOR,AGT-6476,23.0,Yes,
f7de9166-98f5-4f71-a3b3-0931179c3686,2025-01-05,,False,1039.72,UPI,GRWGGBUL,AGT-7165,78.0,No,39.0
18a96752-06c1-484f-ad08-afe4e424a15b,2024-12-17,Missed,True,591.61,Credit Card,GXRZGB24,AGT-2769,10.0,No,28.0
aeadec44-a299-4229-b887-c162ac703b28,2024-03-27,Paid,False,1158.49,Credit Card,DGQNGBVA,AGT-6429,32.0,No,16.0
6db1ab32-6009-4dc7-a19b-d5db77117199,2024-06-26,Missed,True,1459.98,,QCJQGBA8,AGT-4372,13.0,Yes,54.0
c18e8224-9a0d-4a9e-823e-4a8df0b69754,2025-06-17,Missed,True,1514.21,UPI,HQVAGB99,AGT-7590,76.0,No,41.0
d940840d-ebf8-4d05-beeb-f48c9aa9ab98,2025-07-06,Late,False,717.43,Cash,BRBJGBPL,AGT-3435,42.0,No,12.0
723115fc-3992-4474-bd46-591929436099,2025-07-07,Missed,True,1349.13,Cash,,AGT-2190,62.0,Yes,57.0
15d8fdfe-4848-4888-9a1f-f7269f09b473,2025-04-20,Missed,True,,,WNUNGBPW,AGT-9061,78.0,No,2.0
ccd31c3e-b64b-4bb5-8344-8001a89729ed,2025-04-06,Late,False,1585.56,UPI,XVOAGBV5,AGT-2872,60.0,Yes,59.0
64f5b916-d787-4aee-b10d-a94b6d268e5f,2024-08-14,Missed,True,1025.01,UPI,TVWEGBBX,AGT-3545,37.0,No,32.0
c2f84cdf-08fb-4d37-b7ca-0ec791babc11,2023-10-20,Paid,False,609.0,Cash,BASYGB95,AGT-1810,26.0,Yes,16.0
b8b14c01-dcc9-424e-a200-9f7ea9fbef6f,2023-10-07,Paid,False,129.39,Cash,XSPWGBWX,AGT-9643,19.0,Yes,30.0
fbcef465-ed3a-481f-ab2c-f7118d873502,2023-11-20,Late,False,897.48,Cash,LMDSGBOD,AGT-3300,43.0,No,41.0
e17c8e7a-add1-4f43-a9c4-c99c42128df3,2024-11-05,Paid,False,1022.11,Cash,HYMIGBR5,AGT-8311,58.0,Yes,39.0
6195b040-85b2-4a4b-8d7d-afae0e173f80,2025-03-08,Late,False,477.64,NEFT,EXMIGBHA,AGT-3481,20.0,Yes,31.0
d4536145-0dd8-4ccf-b2a4-b0e9464f6e5a,2023-12-22,Late,False,1226.39,UPI,WGKPGBVO,AGT-6095,84.0,Yes,12.0
12fbe83e-dae2-452e-9ebb-51d1f4e92de4,2024-06-30,Pending,False,897.22,NEFT,YRDBGBIL,AGT-4626,51.0,Yes,54.0
f0e4da74-59ca-45f0-8a50-742c5a0d4021,2023-12-20,Late,False,991.41,UPI,GJJEGBIV,AGT-5291,67.0,Yes,28.0
696165ca-433c-49a1-aa63-896b61dd9357,2024-06-17,Missed,True,989.54,Cash,YVOFGBD1,AGT-7932,38.0,Yes,7.0
7cfef7db-905e-4e0e-aa9f-9d8fc4a75a13,2024-09-27,Late,False,,Cash,ZJRLGBHP,AGT-1256,24.0,Yes,33.0
08e10486-5876-4339-9ef2-bb988286597d,2024-07-13,,True,1188.06,Cash,FYIPGBXS,AGT-8072,56.0,No,9.0
0ca39338-6a1a-4f05-b2af-890a34387bcb,,Missed,True,777.52,NEFT,IWMGGBYY,AGT-5550,40.0,No,40.0
d0159c98-99b8-4e6d-80a1-01fca03d764e,2025-06-02,Missed,True,148.67,Credit Card,GRYDGBDK,AGT-2688,76.0,Yes,4.0
0320b106-fb10-4ffc-8d3e-bc908a599076,2023-08-27,Pending,False,913.45,UPI,ZYLZGBF0,AGT-5211,1.0,No,31.0
1da98c5b-2d02-4982-b8a2-7bf59bec4faf,2025-02-06,Pending,,1514.87,UPI,EYLHGB8P,AGT-4095,1.0,No,34.0
,2024-08-19,Pending,False,176.2,Credit Card,BLRHGBJA,AGT-7784,70.0,No,23.0
891e2326-d25b-490d-a970-4feff4d8a846,2023-12-14,Missed,True,585.19,NEFT,CUQCGBQK,AGT-5017,36.0,No,9.0
1516d8d9-87c0-4847-a199-bd665b8133a0,2025-04-03,Paid,False,1921.69,Credit Card,ILDRGBZF,AGT-5562,57.0,Yes,33.0
d821819e-4098-4e10-abe8-89ae3c211e1e,2024-09-15,Missed,True,1573.36,NEFT,WROGGBTD,AGT-9594,21.0,No,55.0
005ec296-f0c5-4e6f-9884-2e728b7e34b8,,Missed,True,1532.72,NEFT,VGMIGBHW,AGT-7565,62.0,Yes,36.0
9af872ea-da47-49f0-8749-e4a5d2bf0e6b,2025-02-14,Late,False,1403.87,UPI,TYOCGBM1,AGT-6237,71.0,No,18.0
3a413315-d2c1-4a02-8a58-7e9b2ae37531,2025-03-12,Pending,False,384.04,,QSASGB7K,AGT-2773,37.0,,53.0
8d02650a-9397-473f-84a8-b35cd81832e6,2024-02-04,Paid,False,1530.35,Credit Card,NPWFGBO7,AGT-1420,20.0,Yes,36.0
f17ae7bc-5b64-46d3-900f-fb96d29726d0,2024-01-06,Paid,False,1037.87,Cash,SGKHGB3K,AGT-0074,45.0,Yes,9.0
4e46209c-844e-4b21-af70-743a77564393,2024-10-01,Late,False,1202.38,Cash,IOKKGB3F,AGT-2435,72.0,No,27.0
1af06f94-0691-4cbf-81a4-b31a2232d019,,,False,,UPI,KDREGBH9,AGT-4154,17.0,Yes,45.0
fd18cfd2-558b-4b4c-bc49-7db3163366a3,2023-12-28,Missed,True,1632.66,Credit Card,VLFLGBPQ,AGT-6249,80.0,Yes,14.0
80619969-77a7-409e-8079-d013604e34e7,2024-11-01,,False,1341.13,NEFT,ZWMTGBKJ,AGT-3459,18.0,Yes,
da498ae5-e3be-4812-8bf7-751ff5ba19c8,2024-06-25,Late,False,456.8,UPI,DNBMGB4M,AGT-1952,18.0,Yes,
,2024-11-30,Pending,False,120.41,UPI,YPHOGBB5,AGT-6628,86.0,No,48.0
d95a47d0-b2a9-4b24-a1a7-678f29aeb6af,2024-09-16,Missed,,431.83,UPI,BFYPGBFP,AGT-1675,34.0,No,55.0
,,Missed,True,414.58,UPI,,AGT-7904,57.0,Yes,
5a064ef1-5546-4f7e-83aa-02b6505373cd,2023-07-22,Pending,False,1217.89,UPI,KAXOGBX9,AGT-9905,49.0,,6.0
60a86e71-11d1-49c4-b8ed-454f42734cb6,2024-06-21,Pending,False,1698.81,NEFT,NMMTGBHZ,AGT-5898,83.0,No,9.0
e310600a-cfe3-4374-a642-5b3ad90f2694,2025-05-08,Pending,False,1481.92,UPI,YOIKGBA0,AGT-3730,,No,3.0
e193d598-09b5-4251-9970-2c9f5717d85c,2023-12-21,Pending,False,,NEFT,ZJWNGBTM,AGT-1390,56.0,No,43.0
2968dec0-a37d-4836-8096-488d57badf4c,2023-09-30,Pending,False,1980.54,Cash,MBAZGBV2,AGT-9121,52.0,No,57.0
4b2abb83-66b9-4172-8500-e82b2017e317,2025-03-17,Late,,,UPI,ELMTGBUN,AGT-5146,49.0,No,23.0
bc3bdd4b-357d-4c64-995f-061115f5edd2,2024-03-13,Late,False,1152.58,Credit Card,OHMRGB4Q,AGT-1562,12.0,No,59.0
bd872ea9-9cef-4dcb-8349-1b9dacde1208,2024-12-26,Paid,False,1968.94,Credit Card,ZYDGGBL7,AGT-4230,41.0,Yes,35.0
980f53b0-bb33-4d05-b611-36a34b5486b2,2024-05-09,Late,False,1326.18,NEFT,IEYHGBHO,AGT-8992,49.0,No,22.0
58799c0c-cb9e-44b7-a5f6-f97d8a3ec906,2024-03-31,Pending,False,,Cash,XUOWGBSD,AGT-9589,29.0,Yes,44.0
caa40d29-360e-4ec0-a42d-139d99fe3f51,2024-10-17,,False,221.71,Credit Card,ZVRYGBXB,AGT-8067,16.0,Yes,16.0
38d30b3e-3e13-419e-9800-ec25ccd73355,,,False,713.79,NEFT,QMSUGB0M,AGT-5762,1.0,No,32.0
e51ac69a-c8a3-44ef-b3ce-1786a10cb2a9,2023-12-09,Missed,True,1147.53,Cash,BRTIGBKC,AGT-1295,51.0,No,51.0
810b767e-8a38-43b5-bfc3-48b07928335b,2025-05-29,Missed,True,1060.98,UPI,BCLJGBBQ,AGT-5108,4.0,Yes,40.0
3b21498e-17f0-49a1-83f4-53b8caefc0f5,2023-12-19,Missed,True,1933.53,UPI,TKBSGB20,AGT-9162,60.0,Yes,8.0
61e1a684-659e-4de1-834e-8d338c4d328c,2025-01-23,Missed,True,876.95,Credit Card,OLATGBWS,AGT-8637,7.0,Yes,40.0
acd17b19-84bf-4734-831a-c3de3454fdd0,2025-06-27,Pending,False,916.52,Cash,MRTGGB5T,AGT-1632,11.0,No,17.0
481f48cb-3f4c-475e-b330-eb6d22f4f6fd,,Late,,672.24,Credit Card,POLUGBJQ,AGT-6644,59.0,Yes,15.0
,2024-04-18,Paid,False,1241.95,Cash,YXSNGB3M,AGT-7924,61.0,No,18.0
e770d06d-e06a-4876-ad81-58638965f285,2024-09-26,Paid,False,1555.56,UPI,FROUGB2Y,AGT-9697,53.0,Yes,11.0
,2023-11-26,Paid,False,866.31,,HZHRGBRB,AGT-4915,66.0,Yes,31.0
c348a496-8a81-4411-92a0-bb231017d2a5,2025-07-14,Pending,False,921.72,UPI,KQJLGBG5,AGT-9123,5.0,No,35.0
7863391f-8ec0-4fb5-a131-c0cacfe4e749,2025-06-20,Paid,False,1499.2,Cash,VGBZGBON,AGT-3951,78.0,Yes,35.0
27027f49-ff48-48f8-8981-83a44da7deba,2024-11-25,Missed,True,494.81,Credit Card,WMOGGBIK,AGT-0860,56.0,No,59.0
5c9ce473-f88f-400f-9211-ac2a434595a9,2025-04-13,Pending,False,392.24,UPI,WHYCGB9R,AGT-3541,27.0,No,12.0
86efcc4d-0490-4a55-9e8d-fe68a1a3d44b,2024-11-25,Late,False,1459.57,Cash,SVZKGBS3,AGT-3732,55.0,Yes,17.0
bfcd5dd0-5ca8-411a-8407-19866c8563c0,2025-06-07,Missed,True,1425.0,UPI,AYGKGBR2,AGT-5643,61.0,No,42.0
2542053c-6ae0-4722-8f25-a36473310a4e,2024-05-09,Pending,False,1890.61,Credit Card,JSJRGBO1,AGT-4110,51.0,No,16.0
fbe22598-f8a7-44c3-8e75-a04db68db682,2023-09-23,Paid,False,1772.44,Cash,LSPSGB7S,AGT-8338,39.0,Yes,22.0
beae13ae-bd06-47cc-97a3-8dea1b14c09c,2025-03-02,Pending,False,1927.37,NEFT,XPTQGBKC,AGT-0259,4.0,No,29.0
ae3d00c7-a535-44f7-86e0-c8d7a5a8b6cb,2024-11-06,Paid,False,1724.05,UPI,QKGTGBN8,AGT-5327,89.0,No,44.0
1fbe5ed9-8ab3-4459-9b77-a9111abb63af,2024-01-05,Late,False,458.22,NEFT,ZEDUGBTI,AGT-7891,54.0,No,11.0
846ab24d-e210-4a55-b20c-ee90427e879c,2023-09-02,Missed,True,1465.47,Cash,SBIEGBI8,AGT-2709,8.0,No,48.0
72f6e45e-99f9-4e23-821c-adc7fe9ee117,2024-10-31,Late,False,768.01,UPI,OSZRGBJ9,AGT-0297,34.0,No,49.0
69010c26-271e-449b-97af-6c575b1c4506,2025-06-02,Paid,False,1135.17,Credit Card,,AGT-5278,26.0,No,
7699bed4-8a8f-47c8-8c0d-535045c31e0c,,Late,,,Cash,ZYIUGBDP,AGT-0699,87.0,No,1.0
8c5604f5-82a3-4456-ad51-ad699887d590,2024-06-22,Paid,,1873.75,NEFT,BHJLGBMO,AGT-4113,63.0,,25.0
dfb48bdf-18d7-41f2-a0ca-dcb2cda62ea5,2024-05-16,Late,False,156.4,NEFT,PBMSGBPS,AGT-5418,16.0,Yes,8.0
1f2c7601-aa19-4648-9e51-a65ab82c6f77,2024-03-10,Late,False,1784.69,Cash,ZRDPGB6H,AGT-0988,46.0,Yes,41.0
338568f1-40e3-4dc6-835b-b4d312b89388,2024-02-17,Pending,False,979.11,NEFT,OXGEGBW4,AGT-2604,46.0,No,36.0
6e2fe2ff-6ec5-484d-8b3d-78067f72dd30,2024-02-01,Missed,True,661.18,NEFT,ZVFMGBPY,AGT-1248,79.0,Yes,46.0
1251025c-dbc8-4359-9210-b5e2cfa51d30,,Pending,,561.13,UPI,XDDJGBDO,AGT-3852,49.0,No,2.0
c99cfa09-bb1a-406e-9327-3fcd9034b212,2025-05-09,Pending,False,517.15,UPI,KKAKGBGO,AGT-6851,13.0,No,22.0
534c7fbb-97f7-42aa-a851-2ed7ac44921b,2023-12-17,Missed,True,1619.07,UPI,OLPGGBMZ,AGT-2586,40.0,Yes,51.0
bf56b357-0c95-407d-81dd-06f803b4c145,2023-12-08,Paid,False,139.32,Credit Card,RNQFGBZ1,AGT-8420,52.0,Yes,29.0
42fae3c8-5aea-4495-8cd1-9e3d2e93ef68,2024-04-16,Paid,False,455.54,UPI,NPGJGBMM,,66.0,,24.0
05ad13ea-55e0-4be9-a2d4-67d397d555a0,2025-06-20,Late,False,859.32,UPI,TCPTGBXS,AGT-9906,7.0,No,55.0
173e33ee-a7d2-47e9-a89b-e105f155dfa0,2025-05-31,Pending,False,597.56,UPI,ZQPDGBX7,,55.0,No,14.0
dacc421f-4c2d-45ae-bf32-49bdc0e44fdc,2024-11-25,Paid,False,171.47,,TKIMGBJY,AGT-7491,41.0,No,20.0
ec9e705e-4da6-465d-b27c-c422ec6d4c2c,2024-05-05,Pending,False,1720.37,UPI,LDAKGBAF,AGT-5445,60.0,No,40.0
356880a9-554b-4916-aee4-0908eb10b806,2024-10-15,Paid,False,1171.6,Credit Card,PQVXGBQ7,AGT-0274,5.0,Yes,8.0
6800e7a1-4474-4e11-ba5f-28025ec0bf5a,2024-10-24,Missed,True,997.46,NEFT,OYHAGBED,AGT-7795,60.0,Yes,
e26cc80f-2c98-45b1-82da-d40410d6fcff,,Paid,False,884.46,,MBRXGBC7,AGT-0106,9.0,Yes,37.0
ce1ddd76-a2e6-42fa-a4a7-b4f0197fea6f,2024-04-18,Paid,False,1703.87,UPI,,AGT-0831,0.0,,41.0
549184aa-87e5-44a2-9ef4-233694074a36,2024-07-14,,False,369.46,NEFT,IXUIGBMN,AGT-4926,,Yes,55.0
5cd7e53a-1c1d-4e34-8f99-dd5a523a9db4,2025-02-17,Pending,False,749.69,Cash,TEKQGBZ7,AGT-0992,46.0,Yes,51.0
eded47f0-cf5d-45cc-9a4b-78a71b2024e4,2025-03-13,Late,False,160.75,Credit Card,NXVAGBC1,AGT-7985,27.0,Yes,15.0
ef9f770c-7508-47cc-a7f1-6eaaa4610c38,2024-12-22,Missed,True,1218.94,Credit Card,QOFKGB1J,AGT-5807,59.0,No,38.0
cde28f49-7a9b-42cf-b2ac-3f0be8008957,2024-02-17,Pending,False,542.08,UPI,UYHWGBEZ,AGT-3718,75.0,No,30.0
1fb36471-fe3d-4e53-b9ee-c4ce51166440,2024-08-31,Paid,False,1910.49,UPI,LVCEGB35,AGT-7911,29.0,No,36.0
e5aa139a-63e2-416c-b974-552af7593371,2023-12-17,Paid,False,1723.73,NEFT,APCGGBEG,,78.0,Yes,42.0
aada4240-545a-411b-b76f-f17af5f7f622,2024-08-07,Missed,True,1280.41,NEFT,VLCUGBU0,AGT-1325,45.0,Yes,35.0
5d9aa3b8-53b5-4ce6-971b-70f77650a7a6,2024-02-08,Missed,True,1020.79,NEFT,,AGT-5085,82.0,Yes,25.0
1823e577-e30c-446a-a8d1-50b59e1088d9,2023-09-13,Late,False,630.97,NEFT,WNXAGBKT,,55.0,No,1.0
53bb0c0f-12cc-4c80-8631-6908158b9ad7,2025-02-10,Late,False,901.02,Cash,CIQEGB2K,AGT-9511,41.0,No,11.0
b09bbeef-c395-4c8b-9796-4fa0b061e385,2024-10-31,Missed,True,803.67,Credit Card,KEUDGBLL,AGT-1114,19.0,Yes,8.0
0356a986-c4f5-4b28-adb6-37210ca4edcb,,Late,False,549.4,NEFT,UWXGGBY7,AGT-9916,31.0,No,31.0
5f2074a1-4dde-4396-98ca-3682b25f4684,2025-04-01,Paid,,1476.36,UPI,ZSGJGBY3,AGT-2236,26.0,,56.0
e967a8ab-4c08-4f20-aacf-5bddf5e812a3,2024-04-11,Missed,True,185.21,UPI,SEAJGBUR,AGT-6178,57.0,No,39.0
c2f1c7cf-586a-4607-9161-98f58fab1b7c,2025-04-25,Pending,False,184.22,Cash,IDBUGBWS,AGT-7513,57.0,No,17.0
68451f64-74eb-47ec-b6db-4a4b283b79f5,2025-01-11,Pending,False,1709.57,Credit Card,HCNKGBPO,AGT-8059,38.0,No,39.0
fee8df37-5c6d-40c9-94d5-fd7b415abb35,2025-01-02,Pending,False,365.17,Credit Card,ZHNTGBDW,AGT-2078,3.0,Yes,33.0
6f10d43e-4e64-460b-9bd9-cd29d83987ad,2025-06-19,,True,1752.82,UPI,VCCJGBHZ,AGT-6135,8.0,No,5.0
df09127d-6d3d-4015-9087-f9fb71a66648,2024-10-22,Missed,True,408.83,Credit Card,HJLCGBBI,,7.0,Yes,18.0
ebc495fc-016e-4eb9-a41e-231ea8dbae43,2024-12-27,Paid,False,1337.66,UPI,,AGT-9136,12.0,,11.0
6e664532-985b-4236-9a6a-2f1337a243a0,2024-03-26,Pending,False,1609.83,NEFT,,AGT-6845,83.0,Yes,5.0
4cfcc345-946b-4074-b668-34d72550a0fa,2023-12-03,Late,False,272.09,Credit Card,TACOGBMU,AGT-1685,45.0,No,29.0
,2024-02-05,Late,False,1995.8,Credit Card,,AGT-4285,60.0,No,46.0
31693ded-5c13-43dd-ad5b-af80742f8470,2023-10-24,Missed,True,804.72,Credit Card,CMHVGBGP,AGT-1612,49.0,No,6.0
8cfb9c81-cd4a-4af0-9731-aa2e3c33b025,2025-04-14,Paid,False,,Credit Card,NOSIGBUZ,AGT-2621,38.0,Yes,54.0
78ab5666-c22e-488e-b5a3-84a8acedb346,2023-12-31,Pending,False,633.29,Cash,UMEGGB7M,AGT-1031,33.0,Yes,22.0
3c47084e-fb3d-4b75-8882-73f65190544c,2024-07-04,Paid,False,1281.45,NEFT,NWEGGBGU,AGT-9257,,Yes,19.0
e2e23f42-fb75-4dd8-a899-945d68760d14,2024-07-03,Late,False,1566.66,UPI,ALBLGB1S,,87.0,No,47.0
edca260f-b1cb-4148-86c4-eb06b1572494,2024-04-05,Missed,True,1935.81,UPI,AVAXGBAW,AGT-0357,70.0,Yes,43.0
39da6d13-dbd9-436b-adac-329dd6150897,2025-04-24,Late,False,866.92,NEFT,YQEMGBPP,AGT-7047,15.0,Yes,43.0
260a7e07-5eff-4deb-8153-ac84e37c8e04,2025-03-09,Late,False,1703.37,UPI,,AGT-9332,26.0,Yes,18.0
46d70531-7b12-4719-931f-2293d313e3e0,2024-06-21,Late,False,1727.18,NEFT,QGSKGBTM,AGT-6191,19.0,No,14.0
3b521fd5-08fc-42a5-bbc3-6ee9e93948b2,,Missed,True,1514.32,Cash,EPHYGB1P,AGT-9055,30.0,No,19.0
6f5802ae-0a16-438a-a309-08e17d9591c3,2024-04-09,Late,False,784.81,NEFT,VBLWGB5W,AGT-6009,40.0,No,13.0
5b517973-61fc-44ae-8c4c-25ca90b2e841,2025-04-20,Late,False,,Credit Card,ULXBGBMU,AGT-1152,54.0,Yes,5.0
94c4d5cf-8650-4c8d-adf6-be818e0a5f58,2024-04-29,Late,False,1931.3,UPI,GSDJGBGB,AGT-9549,13.0,No,28.0
0d18a6fe-ff52-495d-8fc5-0cbf70c70d91,2024-04-02,Late,False,353.3,NEFT,KHUYGBTH,AGT-7701,,No,40.0
11d8a255-8786-4b3d-b2b8-c9c58598d664,2024-02-12,Pending,False,831.12,UPI,SPAOGBU0,AGT-8856,5.0,Yes,55.0
f947f0a8-4756-4284-ac9f-a9282127b171,2024-11-15,Missed,True,1806.24,NEFT,,AGT-7924,82.0,No,
ff298c73-1763-4d76-ae66-adf48542d019,2024-09-30,Pending,False,1810.4,UPI,WWCFGBXA,AGT-9411,58.0,No,25.0
d9595ba1-0c4f-4b7f-ba27-f3777ea6fe68,2025-05-15,Late,False,528.49,NEFT,OTHOGBGX,AGT-6687,24.0,No,12.0
36995b7a-a002-4822-9fb2-d272cfaa11bc,2025-01-10,Missed,True,794.11,Cash,NCCUGBS2,,31.0,No,
,2024-12-17,Missed,True,1362.38,Credit Card,TNCZGBYY,AGT-1329,21.0,Yes,
e6bb305b-1cbc-4493-b062-8c377c5a82ea,,Late,False,1867.61,NEFT,JOANGBHG,,31.0,No,7.0
b200f9b6-f15c-4920-94d6-211f1da9299c,2024-08-25,Paid,False,286.9,Cash,CFTUGBZ7,AGT-4693,11.0,Yes,56.0
07baf31f-cb83-40f1-aaed-520193bcbd6c,2024-12-03,Paid,False,1988.73,NEFT,KFKBGB1F,AGT-5769,14.0,,14.0
62646001-040c-4ed7-af5c-65ebbea45caf,2025-04-14,,False,262.81,Cash,HXMIGBPY,AGT-8934,71.0,Yes,14.0
b404cb51-7baa-48c8-87bb-17cc3bbf53b0,2023-07-20,Missed,True,,Cash,OQLKGBH7,AGT-4421,55.0,No,45.0
,2024-08-07,Late,False,1998.83,Credit Card,YTTRGBQN,AGT-1971,6.0,No,30.0
e3123b94-d5e8-4439-8437-468168f8a67a,2024-04-12,Missed,True,707.43,Cash,GFKVGBOI,AGT-1806,75.0,Yes,48.0
306d0b2b-7714-4900-96c4-cda2ba2d1f25,2025-07-14,Late,False,116.01,Cash,MFUAGB0J,AGT-6310,84.0,Yes,41.0
62c697f0-51a8-4c3d-af51-12e223909f2e,2025-01-17,Missed,True,1232.63,NEFT,UYEFGBGG,AGT-2684,48.0,No,6.0
be1955c5-a669-4c47-9fbb-ae1d60dc9f1d,2024-08-25,,False,511.81,NEFT,ALBHGBCS,,89.0,Yes,3.0
f6d40e3a-a0d4-472f-887b-2facc91fd21b,2024-07-22,Missed,True,1736.86,UPI,BUOQGBJ2,AGT-6200,41.0,Yes,5.0
50c8a565-0f38-4926-87db-e9774bbb6c80,2025-07-11,Pending,False,770.26,NEFT,AGDWGBKT,AGT-8770,32.0,No,6.0
,2024-07-17,Late,False,1445.73,NEFT,ENJXGB61,AGT-4140,16.0,Yes,49.0
b3f87cf7-6fbc-48be-9b30-61ea606c7db6,2023-12-23,Paid,False,1921.89,UPI,VZEAGBTA,AGT-1147,25.0,No,45.0
8a8c62ee-5429-4d3b-ace7-1bd4fc38d7e7,2024-06-21,Missed,True,1155.97,Cash,ZOBYGBQL,AGT-3655,73.0,Yes,30.0
14adcb7b-a3c0-4cad-a6b6-dc2b7a15d177,2024-04-22,Paid,False,1227.12,NEFT,VDBAGBZA,AGT-8445,60.0,Yes,55.0
c15f6814-7de2-46d1-a4c2-a1ba560af621,2024-03-08,Late,False,157.58,Credit Card,,AGT-4345,69.0,Yes,18.0
447f4d4f-3910-445c-83b8-368047d0f98d,2024-10-24,Late,False,621.96,Cash,NYXRGB9I,AGT-3394,64.0,,33.0
d1c73476-f71f-45cf-902a-63d8a03f4846,2024-07-30,Late,,917.14,,IJZEGBWI,AGT-3556,41.0,Yes,4.0
5b2fbdc9-2a41-48ae-a832-dbb9d30cdda1,2023-08-03,Late,False,331.71,NEFT,HRKLGBUX,AGT-1898,65.0,Yes,34.0
,,Missed,True,1817.73,Cash,BMPPGBDZ,AGT-3481,40.0,No,34.0
8a1dd2a3-ec7e-44fd-b113-875a2e12b44a,2025-05-31,Late,,1651.58,Cash,TSUQGB91,AGT-5493,48.0,No,18.0
2efdfd41-fe06-4259-8a67-cd0e304cec8f,2024-06-26,Missed,True,1436.67,NEFT,KZIQGBKL,AGT-8716,87.0,No,23.0
c095ded4-73fb-4c57-9e0b-8f42615efa27,2025-04-03,Late,False,1783.07,NEFT,VYDWGB4A,AGT-6439,23.0,No,16.0
6bfac72c-4c33-41c1-9082-debb06abae4c,2024-03-19,Paid,False,455.23,Cash,YCDCGBE7,AGT-3488,16.0,No,11.0
346434ba-85f3-4233-917a-bcc608336263,2023-08-01,,False,443.5,NEFT,OVTEGB2K,AGT-8288,20.0,No,53.0
180da517-12a2-426a-9236-03b3a38630b1,,Missed,True,752.84,Cash,JQFMGB9C,AGT-0400,5.0,Yes,52.0
c5bcfd24-125b-4b19-998c-227d77ebb4c5,2024-03-20,Late,False,1408.95,,QMDSGB4K,AGT-3806,84.0,No,21.0
772c9a67-bcbb-4772-a53f-fceceacfae6b,2025-06-15,Missed,True,447.84,Cash,WAFSGBYA,AGT-0724,14.0,No,
b0b18292-02f2-4e21-ac68-5e06cfd74e74,2025-01-06,Pending,False,1409.42,UPI,ESCXGB0F,AGT-3260,26.0,No,11.0
8a216fcd-2cba-4ac1-a72b-f971ea9efbf2,2023-11-04,Missed,True,1621.47,UPI,JROMGB47,AGT-4824,3.0,No,13.0
f640803b-335c-4516-bfc3-35578196b890,2025-05-15,Paid,False,1932.54,NEFT,EHOAGBF6,AGT-0700,63.0,No,49.0
c3d028b4-4b51-482e-bc08-4d24a314d63f,2025-03-05,Pending,False,1447.57,NEFT,QBOXGBLD,,17.0,No,
f91a04a5-e3f8-491e-a32b-8394a62baf3c,2024-09-04,Missed,True,264.26,Credit Card,RVGJGBD3,AGT-5196,50.0,Yes,51.0
3179a17d-8635-4960-93b1-ce1fd06a67cc,2024-07-22,Paid,False,1207.83,UPI,HCCDGB5G,AGT-5007,50.0,No,21.0
968f9677-b35c-4b57-8fb8-3512a93e399f,2024-11-07,Missed,True,1646.86,Credit Card,RHFNGBP8,AGT-1193,,No,58.0
e8a7a9de-477f-499e-bf3a-b701dbba9bb3,2024-01-12,Missed,True,882.38,Credit Card,JYVBGBIF,AGT-8565,71.0,No,22.0
892dee4a-4940-403c-9f71-77c0b8bd0734,,,False,1695.65,UPI,LUUUGBAG,AGT-3629,34.0,No,19.0
213be34a-03ed-4540-b941-155431851957,2024-07-08,Late,False,1184.53,Credit Card,PMXQGBXH,AGT-0585,26.0,Yes,23.0
c00d6030-6407-4427-99fe-03389711926f,2024-03-07,Late,False,520.79,NEFT,HHRMGBQV,AGT-4682,2.0,Yes,14.0
048ac2e1-e4dd-442c-9a0b-d9489ce3d4ce,2024-10-31,Late,False,249.21,Cash,QOPKGBEB,AGT-0330,,Yes,41.0
3c7e3152-2baa-4e57-8673-f6d4412df278,2024-12-01,Paid,False,1435.6,,MUUIGB1Z,AGT-1495,78.0,Yes,40.0
4e11221f-3895-4fd8-80d0-1340c65b62e9,2025-01-03,Late,False,,Cash,TBWQGB94,AGT-8330,85.0,No,1.0
2be6f583-2060-4712-8de3-43288ff49ce5,2024-04-29,Missed,True,618.38,Cash,CNPYGB4C,AGT-5767,71.0,No,33.0
d6ac9c7e-6d22-473c-a46d-12070b16f4ec,2024-06-20,Missed,True,1316.17,UPI,,AGT-0306,16.0,Yes,53.0
963b9d66-3f1c-4c88-bea5-7a87523407fc,2024-08-13,Paid,,329.48,NEFT,CZEKGBCX,AGT-0766,16.0,Yes,57.0
6a9c72a0-81c7-4ca8-84da-88998eecbc24,2024-01-04,Paid,False,1001.47,NEFT,COMUGBE0,AGT-9860,45.0,No,49.0
23e63024-957e-4346-8ec3-ac7098fe7299,2025-03-20,,True,868.1,Cash,SJWYGB8M,AGT-1444,81.0,No,40.0
9ead7f48-41aa-4fa7-a086-3de65f8d899b,2024-06-21,Paid,False,1491.53,Cash,LLBJGB8E,,32.0,Yes,30.0
1aab845b-8985-439d-8718-fcb6eae65734,2023-09-22,Missed,True,621.37,Cash,FXRRGB1T,AGT-0679,87.0,,45.0
2b66988b-b9c3-4289-aeee-09881838e39c,2024-11-17,Paid,False,815.76,Credit Card,QPTEGBE9,AGT-4868,5.0,No,54.0
ee0108ca-93c9-4f2f-af97-4b7668ccea18,2024-09-18,Pending,False,1561.67,Cash,FIHSGBHY,AGT-5364,14.0,Yes,24.0
4378ebdc-c263-4e51-a5da-c0022ff39acb,2024-08-03,Pending,False,150.35,UPI,,AGT-1037,59.0,Yes,44.0
84186507-1f8b-4bce-8846-a49e854e3105,2024-06-23,Missed,True,1085.12,Credit Card,SSAXGBMH,AGT-6530,9.0,Yes,27.0
5c1b5f8a-ff58-4fee-b0a8-cd9643d720ba,2024-03-03,,False,1259.54,Cash,DBCWGBM5,AGT-3761,22.0,No,44.0
99699219-ed29-45d6-b8ab-9381e29471db,2023-12-13,Paid,False,1530.29,UPI,LBFIGB0A,AGT-9387,21.0,Yes,27.0
d7bbde68-3fea-4294-8eb5-edbb378e609f,2025-04-13,Paid,False,1733.26,Cash,VPSNGB0Z,AGT-1478,2.0,No,7.0
7be6b4ba-ee08-47a8-8054-fa807ee090bb,2024-12-23,Late,False,1503.58,Cash,NGDLGBPI,AGT-1753,4.0,Yes,19.0
589d818d-25dc-4030-bbdb-4ea976bb056f,2024-02-06,Missed,True,,NEFT,FLGOGBQW,AGT-8938,20.0,Yes,28.0
9fa90e65-cb0b-4c5a-a650-b76776be18cf,2024-11-29,Paid,False,1956.73,Credit Card,IJTOGBBY,AGT-7803,67.0,Yes,47.0
b582c1a2-9ebd-4118-8b1d-3d47b77f343c,2024-05-21,Late,False,407.8,NEFT,WSURGB83,AGT-6136,71.0,No,13.0
7b99b5b2-7071-4ab9-a221-8419ae7c64f2,2024-07-02,Paid,False,685.52,UPI,,AGT-4718,84.0,Yes,
2d13b4a1-9910-4c04-aaa7-55a4102b810c,2025-01-14,Pending,False,131.39,Credit Card,LOXSGB1F,AGT-7827,30.0,,
cedcf812-c054-4c54-a4c3-3bb4d2433f63,2025-07-10,Late,False,1293.96,UPI,FSDDGBJX,AGT-7694,55.0,No,
82cc7677-7227-4cff-89d2-24b7118ff245,2024-03-13,Pending,False,800.35,UPI,YZFKGB6C,AGT-9965,6.0,Yes,37.0
f7e0483e-30ba-48d9-a85e-4e700ed44c4e,2024-09-12,Pending,False,1662.86,NEFT,KXIHGBA1,AGT-0767,34.0,Yes,1.0
103cff6a-54cf-4204-8551-3ac2c35903c5,2024-05-09,Late,False,176.53,UPI,,AGT-4239,35.0,Yes,56.0
d2340ba1-5696-4105-9d87-8ef5c116fe0e,2024-02-28,Pending,False,1480.65,Credit Card,FBJLGBZ9,AGT-6569,68.0,No,44.0
,2023-09-12,Paid,False,1175.7,Credit Card,ERVUGBUH,AGT-1815,19.0,No,2.0
509f46b8-9cfc-45b3-aff3-5fdecc19a489,2024-07-20,Paid,False,106.49,NEFT,SDDJGBMF,AGT-0633,37.0,Yes,58.0
da8a2ad2-ac98-4726-8548-ef49c190db4e,2024-05-24,Missed,True,,Credit Card,OLMMGBWS,AGT-0143,2.0,Yes,20.0
0697718b-1a01-42d4-8b81-33d930094ce9,,Late,False,1349.02,Cash,IHMDGB5Y,AGT-6369,51.0,No,25.0
43b65634-95a1-44d6-a921-5e101abb4cd7,2024-01-23,Paid,False,1248.99,Credit Card,PORUGBX0,AGT-8389,0.0,Yes,53.0
a8c4e2fc-68b9-4edd-b426-4cd02aedbf35,2024-04-24,Pending,False,1417.12,Credit Card,XUEXGB7H,AGT-3711,58.0,Yes,1.0
76e151ed-3c1c-4407-ab18-5a8f09e61f1e,2025-03-23,Late,False,1727.84,Credit Card,INIFGBL9,AGT-5196,73.0,No,41.0
1fcbf48f-91d5-41a8-a0cc-fd110932ef86,2025-02-21,Late,False,,NEFT,NYCOGBRM,AGT-3112,5.0,No,13.0
e4d58637-fbd3-4e21-b49d-6c28acb03222,2024-08-24,Missed,True,1893.91,NEFT,WINDGBEZ,AGT-9645,50.0,Yes,27.0
9d848447-b118-4941-af4e-1b0b08254a06,,Paid,False,1567.59,NEFT,LFKNGBCX,AGT-9200,39.0,No,53.0
ffd352a9-2d96-4e51-9529-83433b51e59e,2023-12-05,Missed,,1647.44,NEFT,WHDBGBNW,AGT-3770,,Yes,55.0
471863a1-860f-434b-802a-34cd5c568913,2024-03-25,Pending,False,744.5,UPI,JQKUGB8W,AGT-8700,40.0,Yes,18.0
01bfc8bd-7a15-45c9-bc96-7d8f2779feca,2025-05-16,Pending,False,1537.6,NEFT,CIAUGBGT,AGT-1995,43.0,No,44.0
8101f307-e30c-4d33-b1f0-1d7e61b7601b,2025-07-08,Late,False,972.21,Cash,RUPUGBEX,AGT-0622,89.0,No,33.0
e0a13550-3876-4c09-a446-73ae56a02597,2024-04-08,Paid,False,1702.73,Credit Card,XZRAGBUI,AGT-1493,53.0,No,48.0
cd6a1477-a686-4183-8504-7b34c861feea,2025-02-13,Paid,False,791.94,NEFT,EVJVGB97,AGT-5782,41.0,No,56.0
59073b03-92c0-46f7-9748-1a4eb3211e7d,,Paid,False,1396.85,NEFT,NMSMGBPH,AGT-7343,78.0,,30.0
b3e67ac2-a2ab-4b39-8527-5a6dad386bb0,2023-08-09,Paid,False,174.28,Cash,MRSQGBLD,AGT-9629,72.0,No,8.0
9cf6e63d-9bd5-41cb-a4fb-3bd42d7ed1bf,2025-03-28,Late,False,1407.81,NEFT,TZNXGB3N,AGT-9500,23.0,Yes,24.0
a4d1c749-4062-4824-88cc-ccfae7d13d1c,2023-08-03,Late,False,1230.61,UPI,,AGT-7540,88.0,Yes,6.0
07810262-8961-4fb4-858a-17784ca2507a,2023-07-31,Pending,False,1436.55,Cash,AYCZGB0A,AGT-4910,18.0,Yes,29.0
c9f84509-5a92-4271-af11-ec0d70b23988,2025-06-21,Missed,True,1903.38,UPI,MFBRGBWA,AGT-7252,55.0,Yes,24.0
d9c92cda-429e-4a64-9df7-163f8e9aae7e,2024-03-08,Pending,False,240.87,Cash,KGHXGB3Y,AGT-5166,80.0,No,26.0
215c5280-6a8b-44d9-b4ff-02d9c23d286b,,,False,1549.52,Cash,QEVHGBZM,AGT-8641,26.0,Yes,18.0
b87b131d-4ef7-46f6-bfda-34a70f8cac4b,,Pending,False,325.2,NEFT,,AGT-7586,69.0,Yes,11.0
902e14a1-9063-4cef-b49b-31674dc7cdab,2024-07-09,Late,False,1138.13,NEFT,CNRNGBUT,AGT-3912,,No,44.0
40238faf-6d01-48a9-8601-e0bae6acc00f,2024-08-27,Late,,678.65,Credit Card,BVEJGBUP,AGT-3295,2.0,Yes,46.0
87068ff9-8a20-46a2-b8e2-e5f0c5aa9a25,2024-12-25,Pending,False,779.85,NEFT,YVFJGB44,AGT-6642,,No,7.0
485bf4bd-660f-4cdd-986a-bad0fc28df96,2025-04-03,Paid,False,1685.66,NEFT,ECYOGBK6,AGT-0052,80.0,Yes,12.0
6f176c8d-454c-4ced-905f-1781667ea587,2024-02-17,Missed,True,1822.15,UPI,RCTIGBWJ,AGT-7630,20.0,Yes,57.0
71f88e9b-6847-4c68-b0e7-d46ed73aa192,2024-09-29,Paid,False,1770.01,Credit Card,FQIEGBY2,AGT-7934,4.0,Yes,16.0
bd967261-e435-496c-8881-1ad920465237,2025-01-13,Missed,True,1924.01,UPI,RAHVGBUA,AGT-5598,39.0,No,14.0
55c32580-4ba7-4d29-b4c8-a25a70241a78,,Missed,True,278.53,Cash,WMIFGBTN,AGT-3047,68.0,No,52.0
5a65a1d1-3679-480f-9823-913e0c3b9d5e,2023-11-28,Missed,True,1367.81,,PKBDGBV7,AGT-7675,65.0,Yes,
d96ab44f-3d27-4756-9841-923245e07e11,2025-05-24,,False,434.06,Credit Card,MSGSGBQ4,AGT-8604,,No,14.0
b72ef14b-fbe1-4805-9132-f2b16300ca92,2024-09-04,Pending,False,783.43,Cash,NFOIGB42,,19.0,Yes,23.0
478617e6-48eb-4fad-bce0-482b8173ecc2,2023-10-17,Missed,True,1549.1,NEFT,LGRAGB92,AGT-1945,14.0,No,17.0
eb21f46b-fc02-4306-a32c-6c9eb682d4fc,2025-03-27,Pending,False,1781.68,UPI,FUIAGBSA,AGT-2815,61.0,Yes,6.0
cafbee91-41e5-4d88-8c76-601c815741ef,2025-01-09,Missed,True,253.49,NEFT,GAJVGBPN,AGT-6675,35.0,Yes,43.0
c8760a16-4519-4acb-892f-308d4d8a436a,2025-01-23,Paid,False,1852.87,Credit Card,JJJSGBHN,AGT-3159,76.0,Yes,18.0
efb3cf1a-513f-402e-bca3-debb89addbfe,2024-07-23,Paid,False,425.9,Cash,ACFZGB29,AGT-7243,3.0,Yes,17.0
4ddc2819-b605-4301-b990-05bf38d13af7,2025-04-08,Missed,True,369.87,Cash,BPVWGBNI,AGT-5838,15.0,No,19.0
3d6c081a-e5bf-43e8-af0c-41abf342f787,2024-11-24,Paid,False,773.96,NEFT,ZHGMGBVN,AGT-4624,15.0,Yes,54.0
ad032f69-4b1a-4d18-aa77-e07e8899af20,2025-05-10,Pending,False,1066.76,NEFT,BPQQGBPA,AGT-0661,14.0,No,41.0
08f15d1c-63d8-4282-9c03-a22fd669fc62,2025-01-06,,True,706.32,Credit Card,PELSGBD0,,55.0,No,7.0
,2025-05-15,Pending,False,478.1,Credit Card,YZLQGBOP,AGT-3225,44.0,Yes,35.0
6d29a525-1661-4605-b630-87805dee1168,2025-03-24,Pending,False,1265.71,UPI,XECQGBLK,,68.0,Yes,2.0
26697f4d-b1d9-4398-91b0-8ef746488898,2024-12-05,Late,False,,Cash,GFVZGBZ3,AGT-0920,,No,
cc0a54b5-a717-405a-80ed-8a59cd40b39a,2024-01-22,Missed,True,979.45,UPI,ZCVSGBOJ,AGT-4475,42.0,No,31.0
3517b88a-f757-4de2-adb1-dadaa6140d7f,2024-12-30,Late,False,1332.83,Cash,,AGT-4119,86.0,Yes,17.0
ec1eca6a-5f66-4fc0-8234-827c75b1b315,2025-03-03,Pending,False,1143.22,Cash,XJTQGB8I,AGT-1325,21.0,Yes,35.0
80629603-fd56-46b8-8785-9b280e942fd9,2025-02-20,Paid,False,471.95,Credit Card,AVWKGBTB,AGT-2040,5.0,Yes,11.0
3ca1a98f-cf73-4aab-8225-680bb6b47556,2024-02-20,Late,False,1311.7,Credit Card,IIEIGB4N,AGT-7477,37.0,No,51.0
c94e4d9c-a053-4545-89a2-70e8157eccfc,2024-12-22,Late,False,1768.16,UPI,,AGT-1065,31.0,Yes,52.0
0d56699b-ecbc-43c5-ac95-ab83cee4a559,2025-06-17,Late,False,934.25,Cash,YEPKGB9U,AGT-8067,41.0,No,23.0
64881f43-acfb-4804-a8ad-e5a6b1a7bde7,2023-09-12,,False,821.04,Credit Card,CAYEGB9B,AGT-1620,46.0,No,56.0
acd47342-3e9b-46b6-8343-2562a09502bb,2025-02-09,Late,False,846.26,Credit Card,VMPOGBTR,AGT-3029,31.0,Yes,19.0
6f4eb56e-1bb2-441c-b4a0-13e2af7bf19f,2023-09-10,Missed,True,1608.22,,CHKHGBPP,AGT-8864,27.0,Yes,28.0
763d30aa-27cb-47ee-97da-9c48f153d4e8,2024-09-28,Pending,False,1942.31,Credit Card,SCSAGB8S,AGT-0783,58.0,No,47.0
08174ed0-96aa-4295-8536-d49b055dffea,2024-01-26,Paid,False,114.36,UPI,WQNSGBE7,AGT-2299,86.0,No,21.0
b9d603a8-d648-4251-baee-42caf8e72922,2024-11-08,Paid,False,1932.09,UPI,HFLQGBFU,,38.0,No,31.0
58032d20-7767-4576-94ff-9a835a4af3f9,2024-03-12,Late,False,120.96,UPI,,AGT-0789,88.0,Yes,45.0
bf0fc8dd-3638-4292-a471-74724a29ed78,2023-12-30,Pending,False,1997.18,UPI,ELVXGBEZ,AGT-4731,43.0,Yes,18.0
8645a503-a71b-40f5-b0f1-ee457743660b,2023-10-30,Missed,True,1882.85,UPI,IOVNGBML,AGT-3447,2.0,Yes,16.0
2acf9e37-cc85-4439-92e6-f4a6de0cee69,2024-05-14,Paid,False,,Cash,HGDFGBKL,AGT-4805,,No,10.0
a972aac0-ac52-4fe4-8140-a51356e60be2,2024-02-15,Pending,False,1408.98,Credit Card,JBMOGB6L,AGT-1239,70.0,,29.0
,2023-10-09,Late,False,489.6,NEFT,FUARGBTM,AGT-1160,52.0,Yes,16.0
3ae8195b-39d0-4da2-a126-87b9859c9607,2024-03-09,Pending,False,1698.77,NEFT,YIMCGBAW,AGT-5241,63.0,No,22.0
b1ad7709-e05a-4c0a-8808-d827280c1cf7,2024-05-22,Missed,True,1241.27,Cash,KLBBGBL5,AGT-3620,39.0,No,56.0
,2024-03-09,Late,False,1981.02,,JDTPGBW0,AGT-9498,22.0,Yes,58.0
,2023-12-28,Pending,False,1173.36,Credit Card,NZFLGBIG,AGT-4078,51.0,No,45.0
8eb51e12-f854-4e6b-b5e1-e719b988433d,2024-09-18,Late,False,338.99,Credit Card,ZCFSGBON,AGT-6198,36.0,Yes,27.0
2d325765-dc26-4a94-a5eb-b7b69676db99,2025-02-15,Late,False,153.04,Cash,YAFIGBM4,AGT-5284,39.0,Yes,37.0
7e035d98-5fd9-41f9-abc5-8b1e817d42cf,2025-04-10,Pending,False,921.89,Credit Card,,AGT-9604,62.0,No,
42a5042c-8e19-41a8-baff-1dccd3cf0c89,2025-05-24,Paid,False,246.96,Cash,SRYPGBRF,AGT-2109,0.0,Yes,22.0
ec83b487-09dd-41da-88dd-a2759b2d7667,2024-03-15,,False,1210.34,UPI,MFGBGBKS,AGT-7891,66.0,No,31.0
9d6bde8c-55bd-4076-ba66-cf4ccfee56a3,2025-04-14,Late,False,198.63,NEFT,,AGT-6684,4.0,Yes,53.0
eff91520-a1d4-40d0-b321-6af58c7976a5,2023-09-11,Paid,False,1097.33,NEFT,MCUGGBVV,AGT-7357,3.0,Yes,22.0
8446bcc2-b801-4fb9-a200-4007d49bf1a3,2024-03-08,Missed,True,1835.14,Credit Card,AHTBGB61,AGT-5329,28.0,Yes,36.0
216bcf7c-7bac-4ea5-83f2-67755e0c9849,2023-08-30,Pending,False,,,BAGBGB8W,AGT-9625,86.0,Yes,43.0
aa246a19-01d7-4851-b6a4-d66938fbf767,2024-05-26,,False,1270.83,Cash,WZVAGBM9,AGT-8432,63.0,No,52.0
615747a9-5bd8-47b5-9038-1dc255c54b69,2024-03-06,Missed,True,1713.96,NEFT,KFXYGB0J,AGT-4877,7.0,,45.0
3ea40d9d-320a-450b-ae2a-a583444635ef,,Missed,True,1249.08,NEFT,LAGLGB3U,AGT-8749,44.0,Yes,
ccd35835-a9d9-4654-960b-3bd26dab262f,2024-04-17,Late,False,468.6,NEFT,GEDRGBTQ,AGT-1210,18.0,Yes,25.0
038be12f-c007-4608-9423-370c241843ea,2024-06-09,Late,False,511.79,UPI,UPTPGB3H,AGT-3775,70.0,No,50.0
,2024-08-30,Missed,True,1624.77,Cash,DTZOGBWP,AGT-1284,36.0,Yes,
46265b12-24f9-486a-bb4b-a31eb1addabc,2025-05-18,Late,False,374.17,NEFT,QUYCGBZ1,AGT-6529,58.0,Yes,10.0
4f6c8155-74a0-4b0d-aaca-652e135225da,2024-03-24,Pending,False,687.47,UPI,BFYQGBLD,AGT-6462,63.0,No,10.0
90e60fb4-d24a-4da6-969c-93b44533265e,2024-06-24,Pending,False,1766.09,Credit Card,,AGT-1054,79.0,Yes,41.0
,2024-12-13,Paid,False,1109.51,NEFT,PUOWGB0G,AGT-0883,8.0,No,25.0
fe479036-0585-4a3c-9e50-4559e122d869,2023-10-26,Paid,False,1401.12,Cash,IUOQGBXE,AGT-1580,18.0,Yes,46.0
f5a858c8-c259-470d-8e87-2a652a7bfe62,2024-06-19,Missed,True,841.09,NEFT,KHBZGBVB,,33.0,Yes,40.0
2ab7b6c4-cc97-4806-90b0-db90a78c81bf,2024-07-11,Paid,False,400.8,NEFT,QVNLGBGY,AGT-8589,49.0,Yes,31.0
9a8f509a-08b9-462a-b884-3cdfc3d272b5,2024-03-06,Pending,False,1540.41,UPI,IOPVGB88,AGT-8635,10.0,No,14.0
80e477e0-b849-40e9-b16a-896c66b3eeba,2025-03-03,Pending,False,446.16,NEFT,KIAOGBEM,,,Yes,18.0
d729bc45-863a-4d0d-a055-ad2250d324dd,2024-08-03,Pending,False,1966.24,NEFT,ZKGCGBA8,AGT-7470,,Yes,3.0
bfdba477-2e39-4b1f-bcac-85966548db2c,2023-10-27,Paid,False,897.31,Cash,AZUOGBML,AGT-3922,47.0,No,30.0
f93c18b7-59d1-45a0-943c-7ae851b6b672,2025-02-02,Pending,False,1763.9,Credit Card,TJGLGB75,AGT-4596,54.0,Yes,49.0
8676e7c8-ca60-49a4-8f7e-1ed0a168a3cc,2023-08-16,Missed,True,994.05,Credit Card,,,19.0,,53.0
e1e02e35-6e81-4d7e-ba7f-98d856d29b6a,2024-07-31,Missed,True,1007.83,Credit Card,ZDHKGBCL,,50.0,Yes,35.0
8f530346-6459-47de-9870-30352bc10ca8,2025-02-12,Paid,False,1887.12,UPI,QTBNGBUL,AGT-1811,18.0,No,7.0
7ef553ac-a11f-476c-bdae-195ee914e611,2024-11-02,Paid,False,468.59,UPI,NFGJGBMC,AGT-9154,73.0,Yes,14.0
2f055bc1-d394-49d7-97ca-1b54285fb236,,Paid,False,132.34,NEFT,QRUAGBZ2,AGT-9780,74.0,No,
b954dec4-e15e-4630-bab1-7e3c9c205fab,2023-07-28,Late,False,770.72,NEFT,NSOFGB0Z,AGT-4495,28.0,No,57.0
27c24c94-d2a7-4582-8c63-480c4e091bd8,2023-12-04,Missed,True,1712.5,Cash,,AGT-1190,34.0,Yes,31.0
,2024-04-08,Late,False,1779.41,Cash,KGEQGBK9,AGT-6510,,No,46.0
9e13227a-3882-4654-bc57-dbb0c17b5dc7,2024-06-04,Late,False,999.28,Cash,ZKLIGB2P,AGT-5593,4.0,Yes,48.0
acefccdb-0615-4857-99cc-3ad94db85841,2025-02-04,Late,,1763.77,Credit Card,WLFJGBH8,AGT-4619,73.0,Yes,53.0
,2025-02-24,Missed,True,1966.91,NEFT,ITCRGBJ2,AGT-1013,15.0,Yes,7.0
22332bbb-a6e3-4d56-b260-9db299827aa5,2024-01-09,Paid,False,594.21,NEFT,,AGT-8355,68.0,Yes,19.0
0f3b66cb-eba7-4de3-98cf-41bb87979742,,Paid,False,1390.17,UPI,NQOFGBI9,AGT-7984,61.0,No,43.0
9ad771f3-bdbb-43e6-bcf7-807396d9d6fe,2024-02-05,Pending,False,1724.35,UPI,YWELGBQE,AGT-8902,20.0,Yes,9.0
fb11e320-0b90-4635-9a2b-f4fd7c0ec601,2024-07-06,Missed,True,1837.68,Credit Card,XGKHGBLF,AGT-3159,15.0,No,25.0
07acb6cd-5954-4ec6-9229-3ab7840678d4,2024-06-15,Paid,False,1364.75,Credit Card,UJNRGBVC,AGT-3721,10.0,No,16.0
ff617cfe-5db9-4ac1-af17-e72b419deb75,2023-09-28,Pending,False,349.16,Credit Card,XYXLGB8W,AGT-8726,66.0,No,35.0
4a592066-27b0-40c6-8389-1371b59787a6,2024-10-26,Pending,False,1912.36,Credit Card,,AGT-5957,67.0,No,9.0
a8a71f59-827d-4c09-b2fe-da1aaf6af1bc,2023-08-23,,False,1145.7,NEFT,BSKHGBYJ,AGT-1304,42.0,Yes,55.0
6b46e989-936f-440f-b3c9-2651c82dacea,2023-08-12,Pending,False,941.54,Credit Card,XVJQGBAG,AGT-6263,6.0,No,17.0
b829c1ec-779a-4e0e-89da-33b95a1f3873,2025-07-16,Late,False,1455.04,Cash,MJHMGBGU,AGT-1969,66.0,Yes,
6706fcf7-8451-4831-a972-81f685f4b8b7,,Late,False,300.67,Credit Card,DHPDGBS8,AGT-2336,,No,32.0
d18bcf78-07d8-4242-8ad9-690b668f3ffa,2025-01-08,Pending,False,,Cash,DILEGBVE,AGT-5405,14.0,Yes,26.0
98406129-5245-4c84-be95-a5f0ba8b883a,2023-12-10,Pending,False,916.3,Cash,ZSDZGBQ9,AGT-7241,13.0,Yes,45.0
ce8c56d4-53f7-4021-9a1f-ce64bd1d4873,2023-10-17,Late,False,1774.79,UPI,VKWMGBBN,AGT-3908,,Yes,14.0
1717c6f0-8775-4f46-a918-5df6ddf4afd1,2024-04-12,Missed,True,1112.43,UPI,GTXJGBE3,AGT-5317,27.0,Yes,
d2fa81f5-c69b-4073-9c72-17ca1ff54d92,2023-11-08,Paid,False,1977.22,NEFT,KNXFGBNX,AGT-9734,67.0,No,48.0
d7f2889d-a3f5-4b29-ada7-5ad8a0350d1d,2024-02-03,Late,False,1875.19,Cash,HYSZGBRL,AGT-8059,14.0,No,26.0
0dcc6fec-da4f-447d-9f3a-7e0d6bbc7799,2025-06-23,Late,False,1539.5,Credit Card,QDDJGBLV,AGT-5329,17.0,Yes,30.0
1d106da9-02ca-4df0-b42f-958bb73ca0c7,2023-11-13,Late,False,399.36,NEFT,VTRXGBKB,AGT-6337,33.0,No,8.0
23741f7a-f706-49ae-9e0b-7afeac464637,2024-06-17,Late,False,,UPI,GMVXGBR7,AGT-8345,59.0,No,59.0
e7545297-709f-490a-bb7b-ddda27919ca5,2024-01-09,Paid,False,1356.3,Cash,JZWPGBOM,AGT-1920,53.0,Yes,56.0
d54f846b-15c1-4831-be8a-9c1acd11e6cf,2024-11-12,Missed,,1941.45,UPI,,AGT-0249,26.0,Yes,50.0
be83e8b9-9c87-49ec-8fd2-16346dc26520,2024-08-13,,False,1738.17,Credit Card,NOYTGBX1,AGT-6699,59.0,No,38.0
a923b39d-5690-4484-acdc-e4e18e153e20,2025-01-27,Missed,True,1958.11,Credit Card,,AGT-9156,36.0,No,1.0
192663aa-5900-4bbe-9891-f2823b4f0da2,2024-06-18,Paid,False,1008.0,Cash,GHMPGBVO,AGT-3000,86.0,No,44.0
89c697ed-d56a-4bc8-8298-4b8422617676,2024-10-05,Pending,False,1460.45,Cash,NXKSGBWU,AGT-3014,76.0,No,34.0
fd781997-82d0-45ca-be18-cebca5368995,2025-01-19,Late,False,934.04,NEFT,ATCXGBN7,AGT-0494,53.0,Yes,23.0
d75f6b0d-a382-4110-9f0d-d3b7883f459b,2024-09-26,Missed,True,969.09,UPI,WYIYGBLK,AGT-0258,9.0,Yes,54.0
f9dabbb6-fe22-4910-8f12-fbb38defba77,2024-12-24,Missed,True,1478.82,Credit Card,HAQOGB6M,AGT-5939,59.0,No,37.0
53686901-47fc-4a4a-b405-4f4f04cbfe54,2024-11-21,Paid,False,871.97,NEFT,OATHGB8L,AGT-7989,84.0,No,3.0
388f0176-651b-432f-bcf0-f9a762d7199c,,Pending,,796.05,NEFT,HKVAGBL4,AGT-8056,73.0,Yes,25.0
16967bc6-c4af-40fb-858e-3561345d0254,2025-03-29,,,894.96,NEFT,LODZGBOT,AGT-2828,1.0,Yes,12.0
72093d7f-15df-43a6-9326-ca7576ce27c1,2024-09-16,Pending,False,1745.96,UPI,OLKPGB3U,,,Yes,41.0
772bcaae-2401-4ada-9de7-50c205c009f3,2024-06-10,,False,537.87,UPI,BEFGGBA5,AGT-0864,82.0,Yes,47.0
9bf753c7-0a08-4cef-b4bc-fec903cfc6d5,2025-01-13,Missed,True,1554.88,UPI,PRVTGBGH,AGT-4770,72.0,Yes,51.0
9223ba71-f1d6-4e4c-8336-340480d04776,2023-11-29,Missed,True,1790.75,NEFT,,AGT-9897,11.0,No,42.0
b82aa636-2b66-4bda-91ff-b657d64d87d1,2025-06-23,Pending,,,UPI,STWGGB5X,AGT-8518,22.0,No,
55ec87e0-2537-470c-ad78-0329d2b3fe39,2024-12-10,Late,False,1779.58,NEFT,,AGT-0469,44.0,No,15.0
307a3289-cf35-4364-9feb-43bc56a00c1c,2024-08-16,Paid,False,1801.58,UPI,,AGT-0536,40.0,No,50.0
fea92b4b-cdcb-44e5-8f87-e61c641582ab,2024-03-01,Late,False,195.23,NEFT,NZSFGBGW,AGT-5425,56.0,Yes,33.0
d66b53bb-8892-4de8-8ce6-d8690dbdc814,2025-02-17,,True,1485.98,UPI,,AGT-4661,23.0,No,18.0
805ecedd-82d0-4032-aebd-27515b7fc890,2024-11-06,Missed,True,578.45,UPI,HTWHGBY3,AGT-3733,26.0,Yes,22.0
92e738aa-1d3a-4ac8-b44f-d7d658da5fa9,2025-06-05,Missed,True,1059.89,Credit Card,,AGT-9651,,No,7.0
0b59cbd9-0689-4cf1-9a05-0cfb452b7ae9,2025-01-01,Pending,False,1610.51,UPI,PVGUGB1Q,AGT-1223,55.0,Yes,58.0
b2e10685-5a4a-4583-b50f-8defc6d10287,2024-01-22,Late,False,314.64,UPI,KOSLGBJ1,,73.0,No,46.0
e25aee89-a44b-457e-8953-6cebf493a033,2025-04-20,Paid,False,530.18,UPI,,AGT-6207,48.0,No,19.0
4f528a23-a395-49b4-840c-aa7f58afd97f,2024-02-14,Late,False,1602.49,Cash,QTLAGBHY,,22.0,Yes,11.0
bf9c0957-bf1a-42b3-8e77-9ce54818bc16,2024-06-22,Pending,False,1271.73,NEFT,FJWZGBMK,,66.0,No,39.0
31eb3a70-5f3c-4eb4-851c-0ab41c29b739,2025-02-21,Late,False,1571.13,UPI,LROZGB8V,AGT-0339,52.0,No,29.0
3d26ff1e-af2e-49c2-ad4f-1b601136f33c,2025-02-22,Missed,True,163.07,UPI,SYFBGB7U,AGT-7380,12.0,No,59.0
2fd32daa-b06b-48ef-9ffc-f129133fd1d4,2025-01-23,Late,False,1936.09,,ZJQLGBC3,AGT-2807,14.0,No,53.0
82af8576-5cf1-4551-a789-c9cbde4d99c9,2024-11-20,Pending,False,1949.74,Cash,,AGT-5788,13.0,Yes,36.0
e34b2496-cb89-463c-8299-4b03ab3ae744,2024-03-28,Late,,714.98,Credit Card,FUEZGBWB,AGT-1504,11.0,No,14.0
88bc5295-2909-437c-923a-8cdee25bae6a,2023-11-30,Paid,False,486.54,NEFT,ANOZGBL9,,22.0,No,18.0
7e5c33dd-992a-4c73-81c2-79bc28371169,2024-07-15,,False,334.16,Credit Card,,AGT-3422,32.0,No,28.0
3655066e-ca7e-4acb-aede-a6491bdd4dd2,2025-01-30,Pending,False,1248.6,NEFT,WSRIGBI7,AGT-5198,18.0,No,
f62478ba-81f0-4dd1-bfa9-3033eb1e66af,2025-02-04,Late,False,1088.69,NEFT,RKUSGBFA,AGT-2727,4.0,Yes,51.0
c81a0280-646f-48b6-900e-5915dedf49fa,2024-05-22,Paid,False,290.39,NEFT,UREPGB9K,AGT-8500,18.0,Yes,51.0
9feebfe4-7f88-4c05-8bdc-a5ea0b0b218a,2025-04-06,Pending,False,670.46,UPI,YHQEGBQW,AGT-4534,76.0,Yes,44.0
f431f0e3-9985-4eae-89c0-82590cddb49a,2024-05-15,,,1899.33,UPI,MJTSGBDZ,AGT-9294,86.0,,35.0
fe306c4b-586e-4b40-a002-108ed83f0480,2023-11-15,Paid,,,UPI,YTYKGBP2,AGT-0959,31.0,No,59.0
22708941-0b02-40aa-becb-57167dc418a8,2024-12-04,Paid,False,,Cash,CWCDGBYS,AGT-4123,2.0,Yes,1.0
6c806d1d-af72-46b8-8b49-c6e70fedf745,2025-04-28,,,1840.83,Credit Card,TSXCGB2G,AGT-4522,43.0,No,18.0
dc7b8587-d53f-4e37-8a40-dbe4884c4532,2025-02-27,Missed,True,1015.32,Credit Card,TMVOGBQ2,,12.0,No,5.0
a864f3f4-519f-4050-bbb1-61fe0e177bbe,2025-02-04,Paid,False,201.1,Cash,DCJLGB0C,AGT-0330,12.0,Yes,18.0
57c22f20-92ef-4c7f-9125-f38c705bef4e,2023-12-20,Paid,False,854.7,Credit Card,VJKFGB52,AGT-0112,27.0,Yes,51.0
447802a9-2a53-4e97-9085-b19e5515523d,2024-04-13,Missed,True,1250.13,UPI,TBWHGBWB,AGT-4560,34.0,No,47.0
6bf01066-6098-40cf-a965-32255d68b59a,2024-09-03,Missed,True,1157.36,,CTEAGBRQ,AGT-9291,84.0,Yes,42.0
c719afca-00e2-420b-8a79-27c402e283f2,,Paid,False,221.2,Credit Card,COGIGB39,AGT-4831,28.0,,44.0
1db51527-3c9c-4bd7-a18b-6e6a6afd2834,2025-04-14,Paid,False,1076.07,Credit Card,QYATGBPX,AGT-9551,28.0,Yes,31.0
a7601056-2aab-4391-a6a4-42270bb964de,2024-01-14,Late,False,308.76,UPI,HOYMGB5K,AGT-8873,30.0,Yes,19.0
901bdafa-0d0a-4db7-b223-538fb0a35c46,2024-04-10,Pending,False,906.62,Credit Card,AKMRGBS1,AGT-3667,75.0,Yes,54.0
89e85825-7ff7-4b96-8c7d-885e8ac0e305,2025-04-13,Pending,False,1649.52,Credit Card,RTVEGB1F,AGT-3231,,No,29.0
0b619661-fd3f-43b8-a9e6-2caa61507715,2025-05-04,Pending,False,1978.19,Cash,XBBZGB9C,AGT-7468,76.0,Yes,11.0
5313913f-eba1-42f9-a47c-193b282684dc,2024-02-17,Pending,False,478.69,Credit Card,QWCOGB0Q,AGT-7231,76.0,Yes,53.0
14627457-bdf9-4d90-ac30-7978464d85d1,2024-01-26,Pending,False,407.47,,XRMQGBT5,AGT-6289,30.0,No,5.0
f667463c-629e-4d02-b2f4-8c89f699e6de,2023-10-07,Late,False,480.65,Cash,OFIDGBVY,AGT-7079,45.0,No,23.0
003a7126-92d9-45ea-b52d-afb2d4f2d0d3,2024-08-01,Missed,True,1206.53,Cash,NMEQGBNS,AGT-1645,21.0,No,27.0
6305056d-c450-4d20-ade4-c3fbb4a25cd6,2025-04-28,Paid,False,481.59,Cash,NGDLGBEF,AGT-9524,89.0,No,45.0
,2025-04-01,Late,False,885.67,Cash,CLMVGBRI,AGT-3424,31.0,Yes,4.0
fc2920ef-cb72-41a0-9410-1361768c5171,,Pending,False,427.99,Cash,,AGT-7720,25.0,No,45.0
d28a4143-5666-4577-a3d4-e6f68836fa5f,2024-02-29,Paid,,1796.63,NEFT,KNYBGB6S,AGT-1890,48.0,No,
abf2f2ba-8233-4f20-a5e1-3c60759c7102,2024-01-12,Late,False,128.12,NEFT,VFSGGBBM,AGT-9655,38.0,No,58.0
b0073bd4-7c96-4ef5-af51-3503b92a153d,2024-04-01,Pending,False,1554.65,Credit Card,HDEUGBIA,AGT-2114,45.0,No,39.0
9afe47b1-67c1-4255-a75c-fe4d0ee0cf65,2024-11-15,,True,572.53,UPI,WMNGGBZN,AGT-6944,17.0,No,15.0
9f2603fc-7c56-4b96-836b-9c8e12b41f29,,Late,False,1503.78,NEFT,LWQIGBIN,AGT-6983,72.0,No,15.0
faf226d8-b9c3-45cb-8704-aed1af58e4f7,2024-11-24,Late,False,1482.93,UPI,UMDOGBHN,AGT-2832,82.0,No,53.0
a1ca0d3a-9064-4124-95cb-16482d0e4147,2024-07-28,Missed,True,1214.78,NEFT,TOGFGBHI,AGT-7821,35.0,Yes,58.0
021a3bb9-d2e0-43f8-a589-dc5a0f4d9837,2025-02-08,Paid,False,,NEFT,PMGIGB8Y,AGT-3696,68.0,No,37.0
923de9f7-118e-4e19-beb7-7c464314e4c8,2024-01-03,Paid,False,437.56,Credit Card,VEVLGBLI,AGT-0911,89.0,No,53.0
dedfa29f-1b4b-4c34-921e-7a19dd178262,2023-10-06,Paid,False,1160.23,Credit Card,LYLFGBRO,AGT-9499,7.0,Yes,
6632a28b-2048-47d5-99e8-197a68125957,2024-05-30,Late,False,1854.4,Cash,HDHTGBV9,AGT-0711,10.0,No,52.0
effadabe-da87-40c0-9025-8f1adefb2902,2024-12-02,Pending,False,770.25,Credit Card,HIBDGB9H,AGT-2263,,No,33.0
383e4d3b-1d96-4ec8-8e17-4db1b67e87be,2024-01-28,Paid,False,679.55,UPI,XBQYGBA6,AGT-6700,11.0,No,29.0
d3701192-84d7-4602-bd67-aef6e2edaa9e,2025-05-09,Late,False,183.92,Credit Card,ITLEGBBR,AGT-1370,81.0,Yes,52.0
c59e489f-4add-4f4a-99b0-ad17c49847fa,2024-12-01,Pending,False,1802.51,NEFT,,AGT-8314,6.0,,51.0
88302a97-8981-4896-a075-4396e5791d56,2023-10-22,,True,483.49,Cash,FYIMGBGD,AGT-1315,81.0,Yes,31.0
8ad902e9-a2f5-4cd9-b2e6-60f38da02d65,2024-12-06,,True,1582.21,Cash,DIBNGBLF,AGT-4956,63.0,Yes,30.0
,2025-01-16,Pending,False,1471.15,,JKSPGBW9,AGT-0821,69.0,Yes,38.0
0e6743bc-8590-421c-bf22-267a658a1e72,2025-01-06,Late,False,,NEFT,QYLKGBN9,AGT-3038,3.0,No,26.0
83fadd5c-b25f-405a-9f36-7c7e8e2947d0,2023-10-03,Paid,False,1814.46,NEFT,LAOGGBSF,AGT-5872,39.0,No,1.0
1848ed2b-c6d4-416d-ad60-7c8b16bdeef3,2024-01-21,Missed,True,1683.38,Credit Card,FBVMGBB2,AGT-7147,52.0,Yes,18.0
687faf28-b115-49bc-96d5-79e71f874e37,2024-11-05,Late,False,,Credit Card,OHSVGBKH,AGT-0846,13.0,Yes,29.0
50917571-ea64-4397-bb2e-5c1de831d514,2024-03-09,Missed,True,280.47,UPI,TCGEGB73,AGT-6807,3.0,Yes,12.0
4c98e453-4d45-4a83-8f2a-cb6205ab25a5,2024-05-28,Late,False,838.37,UPI,IZPFGBPX,,10.0,No,20.0
0102a5c9-5d0a-4075-9eac-8ac10a57ff32,2025-02-18,Pending,False,391.19,Cash,SDZSGBXS,AGT-6797,12.0,Yes,2.0
898de5a8-4bf8-426d-ad23-f179ad1e9fbe,2024-09-21,Pending,False,,UPI,RVPLGB1N,AGT-2957,59.0,No,55.0
,2023-10-02,Late,False,203.75,Credit Card,NPSEGBII,AGT-3920,76.0,Yes,40.0
d0606298-0d4a-4afa-96ad-7b052b1f7bf8,2025-06-01,Missed,True,1773.6,UPI,IWPYGBSV,AGT-2381,23.0,No,13.0
0702edc2-5a0e-495d-9da0-5f767a1843f0,2024-07-20,,True,1807.16,Credit Card,IYPEGBH7,AGT-2478,70.0,No,33.0
ce15c782-6102-46e7-b785-25d16ecd4b5c,2024-05-04,Pending,False,1799.95,NEFT,VKSFGBQD,AGT-5617,,Yes,59.0
f8e25821-d455-4d4f-8d9b-9b85c2c596cb,2025-05-05,Missed,True,1091.32,UPI,RBOXGBE1,AGT-3027,25.0,Yes,5.0
62eb212f-0537-47a1-98da-e68cb14cfece,2024-11-22,Pending,False,1682.52,UPI,APNEGB39,AGT-2631,58.0,Yes,46.0
0cb37b32-9617-4808-befb-82936176dda0,2024-08-27,Missed,True,486.63,Credit Card,ADZBGBTB,AGT-3201,52.0,No,
f808a061-b62b-4ba3-8d6c-2cdd615c356f,2024-06-23,Missed,True,386.85,Credit Card,ZVAXGB43,AGT-1057,46.0,No,3.0
74ce26db-13ca-4753-99ec-b4475d62c303,2025-04-23,Paid,False,393.19,NEFT,YXFQGBGV,AGT-6239,56.0,Yes,19.0
73536b80-b827-4696-be22-3f0b2d871501,2025-06-22,Missed,True,1223.97,Cash,VLRAGBKO,AGT-0816,0.0,Yes,28.0
2022d49d-acb4-48fb-98e2-fe690c44a388,2023-10-05,Missed,True,262.46,Cash,YRYRGBYU,AGT-3018,25.0,No,57.0
756e2208-d062-4e9a-b6a3-c9c049e29938,2024-08-17,Late,False,205.99,Credit Card,QPTRGBBR,AGT-3382,4.0,Yes,3.0
221bd075-b38b-46b5-a1fa-bf6d04c9be64,2025-06-17,Missed,True,1197.51,Cash,HEYWGBJY,AGT-5969,83.0,No,24.0
c0df7ede-8267-460d-875c-56c2d24e5307,2024-01-08,Paid,False,148.6,Credit Card,YHEKGBLF,AGT-9123,48.0,No,55.0
7e7674a4-e5c1-435a-94a0-09a275aed1f1,2024-06-30,Paid,False,411.73,,JZGPGBMX,,35.0,Yes,55.0
32addab1-2d51-4b06-a7d4-fd16e699fc38,2025-03-11,Late,False,1478.69,Cash,SYGDGBQZ,AGT-2033,2.0,No,42.0
ded3a6b0-c461-4ffd-8e2b-61c08db5c0fa,,Pending,False,1156.08,UPI,AJLVGBV1,AGT-8002,,Yes,6.0
c1c452e3-9d33-4f41-ad42-a5491e4e4402,2025-05-28,Pending,False,1565.16,UPI,ZAIYGBBI,AGT-6894,25.0,No,21.0
788f16a0-e923-4407-9e67-15ccc3791a1b,2023-09-25,Pending,False,145.12,Cash,EOXYGBT0,AGT-2230,17.0,Yes,50.0
82853f27-03e3-4ed3-802b-a8881995f478,2025-06-23,Paid,False,1569.06,Cash,FGCIGBL6,AGT-8320,39.0,Yes,6.0
145693fe-ecf0-4774-a53a-465c58d47de8,2024-06-15,Late,False,839.21,NEFT,HQBQGBJY,AGT-5142,62.0,No,59.0
46f76529-8c9b-47dc-8f7b-ef01ce327958,2024-08-31,Late,False,853.35,,,AGT-4740,,No,11.0
9b686e06-bd0f-476c-ac89-ff1631f68c0a,2024-03-09,Missed,True,247.9,NEFT,KKILGBAM,AGT-7263,13.0,Yes,48.0
1aa9cad0-6001-4764-a456-a6241a525e7f,2024-07-09,Late,,802.68,Credit Card,YXSMGB4E,AGT-3050,,Yes,47.0
388466ae-1841-43ba-b594-9a336a59154f,2024-05-27,Pending,False,1907.22,Credit Card,RARDGBWW,AGT-8682,73.0,No,19.0
d4f5130a-1a54-4a2e-93bf-2b2cbd3687cf,2024-09-02,Missed,True,170.44,,KCWCGBWA,AGT-4715,78.0,No,31.0
494547c6-bd49-43a9-ad83-71855c9c2d19,2023-12-13,Paid,False,911.34,Cash,TPRKGBNQ,AGT-1833,3.0,No,
6be4f289-dbd9-42be-9539-ecd38f916a7a,2024-03-20,Pending,False,1497.95,NEFT,FIFNGBWA,AGT-3939,24.0,No,39.0
d50d5c33-4ee5-438e-a547-856d824a217b,2023-12-25,Pending,False,419.42,NEFT,BSQPGBQA,AGT-3204,45.0,Yes,54.0
d2118f22-b424-4a86-9350-e7d9c5725da5,2024-10-28,Missed,True,755.72,Credit Card,DUPHGB04,AGT-8936,65.0,No,39.0
b9cb17a9-84c1-4f61-82c0-18a44d1c4f3a,2024-08-24,Paid,False,1686.54,Cash,HBLWGBTM,AGT-2311,21.0,Yes,28.0
709b0abf-56e0-42b0-a78a-876d98e1db32,2023-09-01,Paid,False,381.92,Cash,ACATGBNE,AGT-4643,68.0,No,33.0
4b213dc2-19b4-49bb-a4c9-da5beed6d2a9,2024-12-05,Late,False,1139.9,UPI,ZQQYGBS2,AGT-7014,,No,3.0
a98ca8b2-e979-4292-b27b-b84171051366,2025-03-12,Paid,False,1553.37,Credit Card,XMOYGBBA,AGT-1987,29.0,Yes,25.0
f990b9a9-634a-42fc-82c8-cb96d3de185d,2023-12-22,Pending,False,851.27,UPI,DWTOGB2T,AGT-6404,6.0,No,19.0
92c40206-44c7-4981-9f8e-fdae87481f7d,2024-11-16,Pending,False,752.8,Cash,JDQCGBR0,AGT-0534,,Yes,31.0
b788d794-adec-4281-ba75-90bf70c41969,2024-04-29,Late,False,1719.55,Cash,CDKWGBWZ,AGT-8167,9.0,Yes,1.0
2c4dbe83-1e32-48d4-b08e-3815a1e79ddb,2023-12-23,,False,860.77,Credit Card,,AGT-1321,25.0,No,49.0
65f06470-43c6-4702-acee-6a7cbe2af1bf,2024-04-08,Missed,True,1662.56,UPI,DEVVGB3K,AGT-5996,7.0,Yes,22.0
a552b071-8889-479a-8598-359001a9f5e7,2023-12-15,Paid,False,138.42,UPI,TXYVGB2B,AGT-5143,70.0,Yes,52.0
d8fce1d5-fcbe-4202-9256-5d8d5622eb2c,2023-10-04,Late,False,610.43,Cash,WIGFGBD1,AGT-0910,70.0,No,18.0
05b71e2f-6695-489b-9c1b-61bedea5f810,2025-02-06,Missed,True,315.76,UPI,OIAGGBX2,AGT-5727,31.0,Yes,15.0
dc5d7c41-5984-4d18-8731-006670ea96c2,2024-04-01,Missed,True,,UPI,ZKOVGBYX,AGT-5682,11.0,No,6.0
fddc4e58-636b-4b20-9a66-8474c00a2eb2,2025-04-16,Late,False,,Credit Card,CQFXGBAC,AGT-7705,27.0,Yes,32.0
78b15151-913a-4914-91b3-5832784fc76e,2023-10-29,Missed,True,293.49,NEFT,ODZEGBM4,AGT-4684,16.0,Yes,50.0
3c6149ff-15a5-41c0-9955-bebfa1dd9097,2024-12-21,Pending,False,1862.86,Cash,WSZUGBOC,AGT-0519,64.0,Yes,8.0
1a0863dc-952c-437e-9ee7-c06df80413ea,2025-06-13,Pending,False,1172.66,Credit Card,LPKLGBB3,AGT-9152,50.0,,35.0
b889af26-6a9d-40ab-831c-08dc40183363,2025-01-29,Paid,False,1301.45,Credit Card,WNUOGB18,AGT-7962,14.0,,15.0
2a099beb-c4e1-4dca-808e-eb70d144c80f,2023-11-22,Paid,False,1681.11,Credit Card,OYCWGBEB,AGT-0361,41.0,Yes,20.0
b1c5993b-6c1a-421b-abcc-9cfcbc723a63,2024-09-16,Late,False,1603.39,NEFT,JSXQGB26,AGT-8479,76.0,,58.0
fee5d5e7-e960-4176-9610-4cfbe6029b8b,2023-11-27,Pending,False,511.75,UPI,BDODGB5O,AGT-3758,33.0,Yes,40.0
04de7299-93ab-4310-bd26-350044b477d5,2023-12-27,Missed,True,856.78,Credit Card,CNVNGBHJ,AGT-2635,54.0,Yes,22.0
a8f167d1-ef6c-47b2-8c75-dd3f0652b333,2025-07-03,Pending,False,,Cash,KKKEGBX4,AGT-0284,9.0,Yes,17.0
5280a370-8ffa-4983-97b7-5ba5a52f40e0,2023-08-06,Late,False,632.74,NEFT,YWKGGB8P,AGT-7196,73.0,No,20.0
10695ac1-88d7-4234-826c-5ce791d10e71,2024-04-29,,False,,Credit Card,UCEUGBT1,AGT-3943,82.0,Yes,2.0
ba94f331-68f3-4437-8fe8-d4ac4bd39732,2023-12-16,Pending,False,1161.48,UPI,KZUMGB18,AGT-3208,10.0,No,16.0
0fdf725f-6705-476b-a6e2-12afa9feaa70,2023-11-21,Late,,568.9,Cash,NYAGGBYT,AGT-7787,40.0,Yes,54.0
62d60c52-d202-441d-be6c-43ec0c257660,2025-02-27,Paid,False,474.44,UPI,SSPRGB71,AGT-7612,,Yes,24.0
d1ea1ceb-8666-4a32-bae0-445e8594ba3a,2024-08-11,Pending,,1944.33,Credit Card,GTJCGBK8,AGT-3093,15.0,Yes,29.0
a411f91d-5395-49e6-8287-199850dc472a,2024-03-09,Missed,True,1541.91,Cash,ASMJGBOK,AGT-4669,53.0,No,2.0
abb108ad-7bec-4afc-8a86-c40055819e26,2023-09-04,,False,526.2,Cash,CQNXGBPO,AGT-9082,20.0,No,57.0
45a7c53a-a8c2-4ac1-8412-ca0d68a4f74e,2023-10-22,Pending,False,756.23,UPI,UJXYGBSK,AGT-9378,84.0,Yes,16.0
2bf8e1af-194f-4369-816b-963cd91dbca2,2024-12-20,Paid,,1473.22,Credit Card,CJQBGBIK,,27.0,Yes,29.0
ade2aa9d-c4c1-48e3-aca6-b6f4d54aab88,2025-03-07,Late,False,932.62,Cash,NTRUGBY4,AGT-7248,59.0,No,56.0
58fb8f15-8189-446c-bd83-43a6135da0f6,2023-12-03,Paid,False,849.78,UPI,ISIBGB3X,AGT-8241,15.0,No,31.0
5a200de1-6e71-440e-a774-c07bea1e8689,2024-04-17,Pending,,1941.62,,GYFKGBI9,AGT-4244,84.0,Yes,22.0
7c3b29cc-2e20-42ff-b53a-2b2719c61fb8,2024-10-14,Pending,,310.35,Credit Card,GLFGGBSB,AGT-8386,73.0,No,7.0
83a6833a-6a80-4a9f-97e0-d4969145f85c,2025-04-04,Pending,False,771.68,Cash,FTRSGBZO,AGT-2896,28.0,No,28.0
dbcb6950-2d90-4810-ab4f-45d2d4d3124f,2024-07-24,Missed,True,220.84,Cash,QXSAGBQ5,AGT-1917,33.0,No,5.0
2dceb95d-2c54-4954-8770-8ab8e58ae6bf,2024-05-19,Missed,True,1404.59,NEFT,VNPAGBXX,AGT-3965,48.0,No,51.0
a3c10723-edba-4060-94b1-3f608910168f,2024-01-12,Pending,False,337.14,Cash,JADQGBFY,AGT-8961,55.0,No,36.0
eeeec55d-e103-4517-9d9d-36485c08ebcb,,Pending,,1413.54,UPI,HGWCGBZQ,AGT-0568,3.0,Yes,25.0
8fec5960-5272-4c31-83c9-a09f1bb84427,2023-09-02,Missed,True,528.06,NEFT,TWDRGBAC,AGT-5340,32.0,Yes,28.0
984ec8a3-7ac9-440f-b0df-5a10d948b852,2025-04-19,Pending,False,,Credit Card,,AGT-7539,27.0,No,51.0
67f77e25-f6a7-4d91-8864-f981690ef9bf,2024-02-12,Pending,False,135.9,Cash,HOVMGBF4,AGT-3130,84.0,Yes,55.0
af585c6d-031d-46ab-a1db-855446f0ba22,2024-07-17,Paid,False,1627.22,Credit Card,ZMVJGBB8,AGT-2830,32.0,No,31.0
a1728825-ec9e-484a-829f-bbf4f8f11615,2024-02-07,Late,False,443.23,Credit Card,SWWLGBU7,AGT-4283,83.0,Yes,23.0
8f9dcfc4-62c1-437d-b6b1-5bb404a3e330,2024-05-22,Pending,False,587.77,Cash,IIDNGBY3,AGT-8962,21.0,Yes,21.0
49eded28-ffb7-4147-b860-79f9dc77cb6a,2023-10-27,Missed,True,1138.05,NEFT,ZXTMGBV6,AGT-6536,12.0,No,46.0
6e8f2040-7653-4c22-aac7-d38ca2cfbff2,2024-08-31,Paid,False,1600.05,NEFT,PHFYGBPM,AGT-5245,8.0,Yes,10.0
878e5f94-6143-462b-aa9c-48ab2b5a09c2,2024-02-28,,False,1734.24,,FIMFGBN9,AGT-8857,82.0,No,32.0
0858f26f-d272-4411-8459-16056769fe1d,2023-12-05,Paid,False,1546.04,NEFT,IMLSGBF6,AGT-2956,16.0,No,1.0
16a271ec-6b0c-4d63-bcd5-02ee6b430016,2025-06-04,Late,False,445.09,NEFT,OYYSGB3E,AGT-7813,66.0,No,20.0
d2761443-63c2-4834-9813-07b7f5b9af62,2025-05-04,Pending,False,1717.52,Cash,CQVUGB8T,AGT-1302,12.0,No,15.0
,2025-03-19,Late,False,1836.62,NEFT,RWNIGBSJ,AGT-8629,13.0,Yes,2.0
0d8ca999-ab12-4136-9307-2a4ab0e745ea,2024-02-05,Pending,False,675.39,UPI,JMRRGBTM,AGT-3855,39.0,Yes,42.0
e7245459-5b54-4b35-aa35-1019871b4f03,2023-12-21,Late,False,329.31,Credit Card,XBBWGBPM,AGT-5680,9.0,Yes,16.0
ca9f7b97-d610-496f-8042-e50c27676f5a,2024-11-17,Missed,True,355.84,NEFT,RJLHGBR0,AGT-9729,22.0,No,13.0
78c9e163-e05d-425e-9182-3a6134419cd4,2024-02-03,Pending,False,1344.66,Credit Card,DJLGGBDB,AGT-1934,78.0,Yes,27.0
f9235612-0750-4145-8f45-35917eb43c33,2025-02-07,Pending,False,150.66,NEFT,WMMXGBJ7,AGT-2464,,No,45.0
55641e2b-f3d0-43f8-b978-4bb6cfbfb398,2024-05-15,Paid,False,1537.78,UPI,YKKCGBZ2,AGT-2551,65.0,No,57.0
dfd93222-d613-4046-8550-8490b012a09a,2024-05-22,Missed,True,1959.93,NEFT,WBJQGBBR,AGT-2353,71.0,No,23.0
0b2e0b4e-9f7d-47a9-8a14-c137fd8dfbf0,2025-01-19,Paid,False,103.8,NEFT,GUGMGB4G,AGT-1171,33.0,No,40.0
b78591b6-c5a8-4caf-835d-02e85b48f73f,2025-05-13,Pending,False,1789.01,Cash,,AGT-2946,59.0,Yes,53.0
0edbd895-7b06-4c06-a4f4-a139a3f588e6,2023-10-01,Late,False,1307.68,NEFT,LLKIGBMD,AGT-5504,8.0,Yes,10.0
4f495fb6-00da-40b9-a241-878e4fc66048,2024-06-27,Late,False,1027.85,Credit Card,SFHGGB8H,AGT-7105,76.0,Yes,41.0
2877347d-8870-40d9-90cc-3b5633016c4e,2024-12-15,Pending,False,1332.27,NEFT,HMHYGBQH,AGT-5496,20.0,Yes,18.0
f8ac7f65-dfb3-4fab-bb60-374615fdeb57,2023-12-08,Paid,False,1443.7,Cash,HSXOGBQB,AGT-3075,47.0,No,23.0
481313c6-d0b8-4f1f-9cb1-84f1e7806bab,2024-09-24,Late,,1356.4,NEFT,FFKHGB8Y,AGT-8794,34.0,Yes,41.0
96ddec52-e2d0-4a9f-b3fd-cdd7de995846,2024-09-16,Pending,False,1188.15,UPI,FRGUGB6J,AGT-0303,0.0,Yes,
850f14cf-a907-4278-a864-396aee661d2d,2023-12-01,Pending,False,840.28,UPI,,AGT-8199,33.0,,5.0
574d63a8-1c28-41f9-98d6-95197ab07618,2025-06-12,Pending,False,856.11,Cash,GHALGBX3,AGT-4220,25.0,Yes,57.0
2be6a45e-e079-4d3b-ad1e-8154eeb02800,2025-06-04,Late,False,1308.15,UPI,PASQGBQ1,AGT-6306,9.0,No,39.0
5d95d7b6-8a30-4762-85eb-1b357f3b9860,2023-10-15,Paid,False,1879.13,Credit Card,BPDNGBO1,AGT-5185,52.0,No,10.0
9d8fc8a1-6991-4b5d-9929-4bb45dc85e55,2024-06-29,Missed,True,1457.8,NEFT,DQQTGBSM,AGT-1044,49.0,Yes,54.0
4ecc6396-e8b6-43df-87a6-2f5ce0f059bd,2024-12-13,Paid,False,1107.74,Credit Card,FRRLGB20,AGT-0034,18.0,No,58.0
,2024-03-26,Paid,False,713.71,UPI,FKOSGBRT,AGT-3457,,Yes,45.0
f038bddd-7dbb-449e-a569-feb005116aaa,2024-01-18,Late,False,1858.1,Credit Card,GVJZGBXK,AGT-3485,79.0,No,10.0
3a2dd9c9-95bf-464a-a47c-9913af828ffa,2024-02-12,Pending,,1937.38,Credit Card,NINWGBR6,AGT-2928,85.0,Yes,
b32bf577-d9f4-4fe8-808a-2a4087bd0995,2024-11-10,Paid,False,1005.85,NEFT,LXBAGB3H,AGT-7031,12.0,Yes,59.0
8b579dad-9539-47ec-ae7c-429d66157625,2024-04-04,Paid,False,1837.53,NEFT,TCDSGBQU,AGT-9899,39.0,Yes,32.0
2cd6d937-0a7d-4c95-90ab-36d36e42ada6,2025-01-14,Late,False,1208.15,UPI,SFXAGB0J,AGT-6985,43.0,Yes,55.0
4f4500d0-7c1d-4045-8716-8f7262469081,2024-03-27,Pending,False,1344.81,NEFT,BXXFGBG1,AGT-9831,42.0,Yes,42.0
bd2a12b7-ff8c-4a1a-9676-300d1b95eb29,2023-08-13,Paid,False,1071.58,Cash,OGQUGB7L,AGT-6844,23.0,No,12.0
7ccf0963-3672-43cf-8206-a6a5827bf504,2024-12-09,Late,False,203.39,NEFT,KILSGBYD,AGT-0531,36.0,Yes,37.0
4b8979f4-5a97-4e2c-a70b-fed83cfa9a58,2024-12-09,Missed,True,1105.66,Cash,WKYAGBKK,AGT-2847,75.0,No,2.0
af9b5e31-8580-4325-9e4c-487d1ded3b0a,2024-03-27,Pending,False,1885.82,Cash,BRUDGB0K,AGT-9860,21.0,Yes,32.0
fcb0a7b0-9f24-4aad-97f2-bd5b7e64ed9a,2024-02-26,Paid,False,223.27,Cash,VUNEGBWT,AGT-2827,18.0,Yes,28.0
8f3ac2bc-fd39-4c30-a607-e5d282e9f4ac,,Late,False,1720.73,NEFT,OUOUGB00,AGT-1199,89.0,No,21.0
f691806d-ffc5-43aa-81cf-1ccb8f5e78c6,2024-01-09,Paid,False,1533.8,Cash,HTRSGBBZ,AGT-2391,85.0,Yes,54.0
c7e0df6a-5ec7-4803-ad12-8dc0d486b605,2023-08-22,Paid,False,1726.22,Cash,VQVAGBBY,AGT-9763,31.0,No,47.0
2eaff301-05bc-40e9-b76c-155398d7d92e,2023-08-20,Missed,True,561.37,Credit Card,OYEVGBUI,AGT-6093,6.0,Yes,30.0
77f1a062-6b6b-43ed-b413-8cbaa90cacbd,2025-01-01,Pending,False,1847.98,NEFT,PWZDGB3S,,45.0,,39.0
d2d5620e-44cb-4299-87e2-a6a9f01ddded,2023-11-10,Paid,False,1698.58,Cash,MXLNGB2M,AGT-3068,31.0,Yes,50.0
2075dd9b-8896-498f-9569-ee662bd74caf,2025-05-23,Missed,,,UPI,ECMTGBOO,,81.0,Yes,40.0
,,Late,False,357.28,Credit Card,YOZQGBOA,AGT-0630,1.0,Yes,56.0
0027ce32-32e1-415f-b970-9c5a4dd84955,2025-07-06,Missed,True,737.36,,VIOKGBES,AGT-2506,61.0,,56.0
068a3e89-01d9-4039-a8ce-4f2cd8e987c8,2024-04-19,Missed,True,1792.89,,,AGT-6281,1.0,Yes,35.0
2d6c4465-4f77-48ee-90aa-66d92237f1f3,2024-11-11,Missed,True,,NEFT,FUMHGB4U,AGT-9290,84.0,Yes,18.0
68d1f7f7-388a-427b-ad99-04fc2e9b7f88,2024-09-17,Paid,False,168.45,Credit Card,DIZVGB36,AGT-4611,0.0,No,16.0
,2024-01-26,Paid,False,1626.35,Credit Card,DRKIGBI1,AGT-3471,16.0,Yes,38.0
47e81b18-24dc-428e-bb6c-3a02c956bc3c,2023-10-09,Pending,False,748.49,UPI,GOQYGBDP,AGT-2931,22.0,No,5.0
209ab155-2ff1-4859-b6f1-4fed92bd36a2,2024-12-02,Late,False,1791.42,Cash,FCDOGBAN,,82.0,Yes,45.0
bf6916b4-28c7-497d-aa82-b9a4a5978c8e,2023-10-01,Late,False,1609.13,Cash,HJSOGBX7,AGT-0867,27.0,Yes,41.0
,2025-02-09,Missed,True,1701.86,NEFT,ZXTEGBIQ,AGT-6483,76.0,No,30.0
b3c6a927-0882-44a3-8f66-1eca1d13f3ef,,Missed,True,1129.96,UPI,HHRQGBP9,AGT-3155,64.0,No,58.0
76e061cb-39e1-499c-8cc3-7c248e968847,2024-05-12,Pending,False,1491.73,UPI,GCADGBA4,,80.0,Yes,39.0
9a30687e-1b3f-4866-b00a-c12d547847d4,2025-03-08,Missed,True,425.96,NEFT,DGVFGB7N,AGT-2006,6.0,No,33.0
0076f2dc-fd9a-4f8e-82ff-6505ff7d6df1,2024-07-14,Pending,False,1326.87,Cash,NHFEGBKS,AGT-3795,9.0,No,46.0
7bc42782-68af-4593-b363-0b7eb994c67b,2024-12-29,Pending,False,676.7,NEFT,DYIPGBQA,AGT-5238,85.0,No,52.0
6bd3eee5-b096-421d-846e-51077ec7bc99,2024-08-19,Paid,False,1048.86,Cash,CLBZGBKQ,AGT-6038,47.0,,49.0
389b5c39-9678-460b-83c3-b7b0d365d7b8,,,False,1919.43,NEFT,WUIGGBSW,AGT-5245,78.0,No,5.0
96b5c4d4-4960-4870-8b60-b90f60a94540,2023-09-19,Paid,False,1745.94,NEFT,WCYBGBVO,AGT-0902,52.0,No,44.0
5cfa9352-8820-4162-a1c8-1b3197d509f3,2025-04-28,Pending,False,901.31,Credit Card,OAWFGB2I,AGT-8437,,Yes,41.0
,2023-12-01,Pending,False,1581.91,Cash,,AGT-4220,3.0,Yes,56.0
e99e46f8-78df-45bb-b850-a92114bd28b5,2025-02-20,,,827.47,Credit Card,QHINGBDD,AGT-4360,5.0,No,54.0
8b8d93a2-a5db-4c72-8973-2f19d3f828e7,,Missed,True,1460.87,NEFT,KUJAGBAK,AGT-7036,64.0,No,21.0
4819ce72-d467-4b96-b2a0-212a890ef82b,2024-09-10,Missed,True,350.13,Cash,ZJCVGBV9,AGT-3104,86.0,,56.0
92ed984e-6ee8-4f5c-9109-7c0f96ecd5a4,2024-07-29,Pending,False,1265.25,NEFT,IGEIGBDE,AGT-8885,4.0,Yes,41.0
f78235ca-d1ca-4ec1-ba3d-12dccb5d2b6f,2023-08-14,Missed,True,1175.87,UPI,COMPGBJK,AGT-9600,73.0,Yes,35.0
094107fc-7400-48f8-a0b6-362328c1116c,2023-10-07,Late,False,1907.52,NEFT,DVZSGBY2,AGT-5050,1.0,Yes,39.0
d3750217-e0e5-4303-99c8-f41ed84b1ca6,2024-02-04,Paid,False,442.93,Cash,TVYKGBQS,AGT-3352,4.0,,7.0
8d06fe57-5107-460c-ad4c-464a902c03b3,2025-02-02,Paid,False,1187.92,Cash,NBAFGBLY,AGT-5569,3.0,No,30.0
2e42067e-3817-4b58-8122-dcb3ab7e3dc0,2024-05-31,Paid,False,448.51,NEFT,TDKLGBSQ,AGT-0312,,Yes,29.0
24c8c37c-3d34-4ea9-b635-ab467986af3e,2024-08-12,Missed,True,250.57,UPI,,AGT-6572,0.0,Yes,1.0
09edeeb5-0111-4734-badd-384c07810c8f,2023-11-23,Pending,False,1055.8,NEFT,JIYCGBHP,AGT-1423,43.0,No,27.0
66ac4308-2f5e-4861-a01d-fc2335834736,2024-12-08,Missed,True,1381.65,NEFT,MTRLGBAP,AGT-0292,12.0,No,22.0
6af4e4c5-8d57-4ad7-87e6-c3c94542ce19,2024-08-08,Missed,True,440.58,Cash,EKYHGBSR,AGT-2732,,Yes,10.0
3213ca0e-15b3-466c-9e78-6416d99f73a7,2023-09-25,Pending,False,,UPI,JYTXGBM4,,77.0,Yes,24.0
a108402f-de32-405d-961c-ea57a0c1fc52,2025-06-15,Late,False,1053.28,UPI,PBQZGBZQ,,66.0,No,42.0
ce02e55e-6bb2-49ef-8c59-cbc88edebd4a,,Pending,False,821.52,,RFTDGB45,AGT-6786,66.0,No,22.0
5d0a205c-6b0b-4ade-bba2-bbd2eac7266d,2025-03-30,Paid,False,801.42,UPI,,AGT-1931,34.0,Yes,27.0
566d3ec4-2ff0-4f07-9c87-8c59302969df,2023-07-24,Paid,False,1496.49,UPI,PHKMGBLL,AGT-9370,54.0,No,43.0
fa54f69f-ae41-41ec-993c-2d6f0d007aca,2024-07-26,Late,False,1077.1,,GVISGBOH,AGT-4456,75.0,No,42.0
b0509299-f35f-429c-8412-75cfd0626228,2024-08-22,Paid,False,179.44,NEFT,FAHLGBPP,AGT-4705,50.0,No,38.0
5cdb73ab-5136-4265-aac9-21943dc1a220,2024-01-01,Pending,False,258.26,NEFT,AHLBGBGS,AGT-9010,12.0,Yes,45.0
,2024-09-21,Paid,False,1547.98,UPI,DHTTGBB9,AGT-2072,3.0,No,34.0
ebbe73d1-e01c-42a0-8f03-c209ec0343f3,2025-01-21,Paid,False,1111.24,Cash,VUNZGB3Z,AGT-7042,5.0,Yes,9.0
8adc846e-cfb9-4f57-817b-7729c5b0d224,,Paid,False,1235.5,UPI,TOIYGB1X,AGT-7600,65.0,No,46.0
e2c81206-8a08-4314-b5bb-4e02c65d577d,2024-05-04,Missed,True,852.57,UPI,GSALGBSA,AGT-2255,11.0,Yes,22.0
d43cf964-8f97-4865-a35e-f237541f24ec,2025-06-22,Missed,True,1219.79,UPI,CRJHGBSH,AGT-8508,11.0,No,54.0
c3f494c8-cf74-4513-8f3f-e487a1407bfd,2023-09-10,Missed,True,1213.6,Cash,TXQMGB1H,AGT-8984,77.0,No,57.0
69a8a198-fcb0-4b88-90a2-e6b7946c363d,2025-03-24,Paid,False,449.86,Cash,FFGVGBP8,AGT-7138,27.0,Yes,
7087731f-6ebf-4725-b426-52a2a845dc93,2023-07-24,Paid,False,913.09,Credit Card,WKOLGBNY,AGT-2024,17.0,No,6.0
aebba042-f57a-4dbe-a23e-e159a43b6488,2023-08-23,Late,False,661.67,UPI,GVJDGBKS,AGT-3943,44.0,No,41.0
e615b911-c363-45a1-b29c-f3c9675b911c,2024-03-02,Paid,False,,Cash,YVQKGBF0,AGT-3674,54.0,,49.0
f9dfde51-2c08-406b-aaeb-1a9f498be4e1,2024-07-15,Late,False,221.09,Credit Card,ONWRGBZQ,AGT-9022,2.0,Yes,49.0
df2f8a4c-a069-479a-81d0-e15bebfb1def,2024-03-23,Paid,False,491.36,NEFT,MMKTGBU4,AGT-1697,56.0,,30.0
a8fa5e71-95f7-4fea-81c3-d5f05e7c5330,2023-09-12,Missed,,602.22,UPI,RVDIGBK6,AGT-4872,,No,6.0
c0099d59-06d0-4133-a747-75ab9fca3f38,2025-02-08,Missed,True,1299.9,NEFT,DGKFGBCD,AGT-4215,84.0,Yes,30.0
d5058904-d6ee-4348-8b02-555044928846,2023-11-16,Paid,,1454.38,Cash,TJJWGBKM,AGT-6492,44.0,Yes,
700df4c3-5a32-4d4e-875c-f69758a65513,2023-12-10,Missed,True,968.58,NEFT,BPPEGB6Y,AGT-2929,36.0,Yes,13.0
8174facc-f276-4975-be0c-27722f0e2093,2023-07-19,Missed,True,1396.1,Cash,DOUMGB4M,AGT-9734,27.0,No,19.0
5024f267-5941-4be2-b71a-bc9e7f15fcc8,2024-11-21,Missed,True,257.6,Cash,UIUJGBGP,AGT-0909,23.0,No,37.0
7fddb36c-cc16-47a9-9c0c-85df76a1f348,,Missed,True,1300.34,,JACOGBRX,AGT-1993,34.0,Yes,11.0
c3bebb1d-0696-479a-82e8-fa977bc2380c,2023-12-24,Late,False,1267.44,Credit Card,UIRYGBZB,AGT-2706,17.0,Yes,23.0
5d9cf211-e077-4c25-956a-1245619ad422,2024-05-18,Missed,True,323.54,UPI,SOVPGBKB,AGT-7871,78.0,No,5.0
ab93a2e3-0a1a-45fb-a42e-0569bdd1ec95,2024-01-04,Late,False,146.93,NEFT,RYFCGBSF,AGT-6439,84.0,No,32.0
c9ad03f6-c7c4-443d-8817-19789cb24af4,2025-07-13,Pending,False,1522.26,NEFT,JMFVGBAX,AGT-5445,75.0,Yes,34.0
f3897e22-64a2-43c0-8811-58ed0c473427,2025-07-16,Pending,False,1322.0,NEFT,GUQCGBJI,AGT-4481,16.0,No,20.0
b955d8c0-aa04-4e20-aa52-fdde162eaa32,2025-01-29,Paid,False,1608.47,NEFT,OHJPGB7V,AGT-0792,32.0,No,21.0
80421510-0eb3-433c-8b11-9bbdcf536ef5,2023-11-19,Late,False,1921.53,UPI,SBSBGBJU,AGT-7756,54.0,Yes,13.0
1cf9f53d-8ab6-4ecb-92f9-bdc9089abe91,2024-03-12,Missed,True,1613.94,,ISIHGB7I,AGT-0439,64.0,No,
6afee1b6-4d30-4f21-8a80-6d368e997857,2023-10-18,,False,1527.54,Credit Card,EUKBGBV3,AGT-3059,53.0,No,3.0
42deef2b-db2d-4659-b2c0-5e04c5bfdb99,2024-03-27,Pending,False,146.21,Credit Card,BQHCGBQK,AGT-6784,37.0,,59.0
,2023-08-08,Late,False,269.45,UPI,CYZJGB15,AGT-1077,20.0,No,17.0
cdb95ca8-2e3b-4bf0-8409-c5bd70b21dbc,2023-09-09,Missed,True,,Credit Card,HLBJGBDD,AGT-6519,6.0,No,51.0
8bc8be6b-9d92-49bd-b890-36657c21d7ba,2025-03-31,Late,,1586.42,NEFT,SVDOGBL2,AGT-3092,6.0,Yes,41.0
092c028a-0495-44fd-916b-e08b98c74903,2024-01-08,Paid,False,1842.61,NEFT,PYQXGBWK,AGT-8299,29.0,Yes,1.0
fffb53c8-26a4-4974-b9f4-42d6f6eec8d6,2023-07-19,Pending,,667.42,Cash,YSEUGBHF,AGT-6816,28.0,No,45.0
2c92b96e-fdc1-4c32-8770-174de7685aa6,2025-03-08,Pending,False,1958.22,Cash,QTAZGBGM,AGT-7935,43.0,No,45.0
8a43f6dd-d394-4a32-8fc0-5bf9e8552b81,2024-04-07,Paid,False,1662.95,Cash,JOQZGBU9,AGT-4011,84.0,Yes,8.0
,2023-09-03,Paid,False,1641.89,,EIAPGBYD,,21.0,Yes,7.0
cc1c1204-9c9c-4ab9-a4b3-e42301a4f2c6,2025-04-08,Late,False,804.63,UPI,,AGT-7408,2.0,Yes,59.0
60facd21-7ea6-4c3f-93a2-5f91f3decafd,2025-03-25,Missed,True,888.24,Cash,NYYVGB9D,AGT-4799,78.0,Yes,35.0
bea95e1e-ebc2-49fb-b3b3-c58a557d0b36,2025-02-06,,True,1040.0,UPI,UWNUGBM9,AGT-4058,58.0,Yes,58.0
7ee8eab5-0ce0-4aa6-8fee-bde89f6eb7e7,2024-01-25,Missed,True,306.26,NEFT,ZGUBGBO4,AGT-3172,34.0,No,22.0
0ef6f100-cc1e-4750-985c-35de393925df,,Missed,True,537.96,Credit Card,RQHKGBXY,AGT-8355,1.0,No,49.0
9490af74-b413-48c1-b5ad-cf6044a76a50,2024-09-13,Late,False,1114.72,Cash,ECQCGB3C,,47.0,No,23.0
898ef688-0dcb-4c5c-9508-89bb263681f1,2023-10-06,Pending,,464.63,,RLQBGBYA,AGT-8864,47.0,Yes,42.0
5f5f2b9d-ce80-4527-80e3-7bc3338b3b8f,2024-09-21,Paid,False,489.31,Credit Card,QEMTGB30,AGT-0924,31.0,No,17.0
db46e4aa-6329-4b2e-bb48-275cff77c9e4,2023-12-12,Late,,1175.46,UPI,WIASGBW6,AGT-6362,54.0,No,3.0
7df5543b-9651-4060-81d6-c0e00f14f834,2024-07-08,Late,False,1647.17,UPI,WWJQGBYW,AGT-0244,75.0,No,57.0
07328ac6-da5e-4f3f-ba9b-b42b2920ed3c,2023-10-13,Pending,False,1103.26,Cash,RAKYGBV9,AGT-8237,2.0,No,23.0
17eb0ea3-4de5-4476-b5b9-6956c65eec8d,2025-07-08,Pending,False,1594.66,Cash,NZOKGB48,AGT-3469,28.0,Yes,37.0
56afb225-7391-4a5e-a11f-aee3e0e7b061,2024-11-05,Late,False,803.33,Credit Card,,AGT-2976,82.0,Yes,18.0
7bd11611-3ed7-44cd-9974-ee626b3b9de4,2023-09-25,Pending,False,878.68,NEFT,JVJHGBAK,AGT-1417,50.0,Yes,42.0
dc48435d-435b-4462-af7a-0a2f171f01d4,2025-02-10,Paid,False,1739.36,UPI,URJQGB1M,AGT-6855,48.0,,28.0
8e4eb74e-1dd8-4215-b74a-65969f2eb4c4,2024-03-16,Missed,True,139.04,Cash,CDHNGBDX,AGT-8028,56.0,Yes,43.0
0191ff93-1394-497e-a088-40ed1c7e55df,,Late,False,842.04,Cash,INOIGBT7,AGT-2680,15.0,No,8.0
e59af3b5-a213-4e95-a93d-b938a049e731,2024-11-09,Late,False,1560.86,UPI,JTKSGB9P,AGT-0781,61.0,No,6.0
94260620-b1bf-4d74-a0af-bb0b006bd3cd,2025-02-16,Late,False,1196.4,NEFT,QEUYGBM5,AGT-3345,27.0,Yes,57.0
3d8abab0-cdc6-4cbd-b770-a6324577929c,2023-08-30,Paid,False,272.48,NEFT,SODFGBWZ,AGT-1660,44.0,No,44.0
c1300003-46dc-4ff1-801f-a01216bf050c,2024-03-15,Late,False,1448.3,Cash,CQKPGBNI,AGT-3673,15.0,Yes,36.0
d7dc56e2-583b-4aab-afab-75931700b56e,,,False,383.95,UPI,CJRMGB0H,AGT-8004,39.0,Yes,33.0
934d81f7-f6b0-474e-9e56-63666583cb17,2023-11-30,Paid,False,1075.29,Cash,,AGT-1765,35.0,No,15.0
d9264fc2-3935-4f39-a594-2f3f3c61b452,2025-03-11,Pending,False,,Credit Card,GQBHGB11,AGT-4576,57.0,Yes,56.0
41fe535a-17a4-42ed-9f99-e173fd78a258,2023-12-29,Missed,True,566.88,Credit Card,QLULGBB9,AGT-1193,52.0,No,2.0
,2024-01-23,Pending,False,894.58,Cash,HWJBGBG0,AGT-6663,55.0,No,40.0
935ba8ac-d486-49c5-9837-6afec6eccc2a,2025-06-25,Missed,True,247.84,NEFT,ZQAFGBEG,AGT-3942,69.0,Yes,27.0
3e20f16d-e807-4869-ae02-a08c975423f0,2023-10-27,Pending,False,179.14,Credit Card,MFVDGBMV,,51.0,Yes,34.0
d3184b78-2966-430b-b648-775d7bddce7c,2024-01-10,Pending,False,272.86,Credit Card,OYPMGBD7,AGT-3443,39.0,No,38.0
d9581d55-1a84-47a4-8422-ffadcbf7fbef,2024-05-06,Missed,,1823.73,Cash,GQTUGB9T,AGT-9738,29.0,No,7.0
c396c247-144c-4464-a765-c4a563ab626b,2024-05-15,Pending,False,1068.59,NEFT,CRNRGBD3,AGT-0580,20.0,No,58.0
c05942b6-0fc4-40b5-b1f6-e157308568a9,2024-05-05,Pending,False,1579.38,NEFT,KXAWGBD3,AGT-8461,,Yes,6.0
c9da1776-8ff1-4fde-a74d-5f4d49775dbf,2025-04-28,Missed,True,1553.09,UPI,YDPVGBR3,AGT-4665,65.0,No,32.0
c1fda313-ad61-4062-8482-2b6890a02648,2025-04-11,Missed,True,1052.56,Credit Card,RCKAGB0Q,AGT-3839,50.0,Yes,
7ded9bdd-0f96-46e7-9a22-5174b93c8fe9,2025-07-07,Late,False,1920.91,Credit Card,,AGT-9249,45.0,No,27.0
c07814cd-3bce-4efa-a8f9-e2a96e5173bf,2025-02-22,Paid,,370.69,Cash,TXBOGB3T,AGT-7739,71.0,No,25.0
9e699dd7-847e-49e2-b43a-7e35f83542cb,2025-04-21,Late,False,1099.4,UPI,JDFCGB1C,AGT-7658,42.0,Yes,34.0
d8d05d27-6994-4501-aa20-a6d8c6773d66,2024-02-15,Paid,False,251.1,UPI,XTGOGBGW,AGT-9690,24.0,No,2.0
43ec9dbc-814d-4080-b5dd-597bda64c264,2024-11-02,Late,False,1874.22,Cash,DRJFGBG3,AGT-0504,78.0,No,59.0
,2023-07-21,Late,False,1187.55,UPI,WHSFGB0V,AGT-3907,73.0,Yes,51.0
8c15f0d6-2ed9-4b25-8dbc-101310a577f1,2024-06-16,Late,False,1203.1,Cash,FEGEGB7X,AGT-3902,9.0,No,30.0
a386f842-ab1e-40e3-894c-5fbcfd056e9f,2024-03-03,Missed,True,892.68,Credit Card,,AGT-0940,83.0,No,24.0
8e7fce02-cd97-4a6f-a27a-74f3b4f33ddf,2024-09-26,Paid,False,1162.17,UPI,GXTUGB2I,AGT-7596,36.0,Yes,12.0
94051c80-56f9-4e96-bccf-93ab5a62e41a,2025-07-02,Paid,False,1359.1,NEFT,NYSUGBB8,AGT-5475,78.0,Yes,20.0
808b6b38-6453-44d6-a66b-c960967759cc,2024-06-13,Pending,,981.53,UPI,CSNRGB3T,AGT-9047,33.0,No,50.0
6965778f-1398-4f9c-b9a1-77fb43d278e9,2025-04-29,Pending,False,380.5,UPI,IEBXGB1T,AGT-1631,52.0,No,36.0
53ecc4e4-2e9d-49fe-9b4e-af736fbf4914,2025-02-26,Missed,True,463.01,NEFT,GPDNGBMQ,AGT-2487,72.0,Yes,59.0
cb7e4745-c32c-4080-b033-53ed9224cecd,2024-05-10,Late,False,704.08,,JTZGGBLI,AGT-1876,46.0,Yes,45.0
,2024-02-05,Late,False,1004.71,Cash,GVLAGBCI,AGT-8150,6.0,No,56.0
f4c9a32f-3ac3-4a88-a3f8-b985ccdba0ec,2025-03-12,Missed,True,1451.53,NEFT,CQNUGB9W,AGT-1120,8.0,Yes,47.0
d3c71976-5b3a-4ba4-ac9c-57e177957fa3,2024-03-12,Missed,True,1421.9,NEFT,ZHOKGBYK,AGT-0367,38.0,Yes,47.0
bbd3dc68-4740-469a-b238-8d357d664b39,2024-04-13,Missed,True,,Credit Card,IJMQGB1G,AGT-7021,57.0,Yes,25.0
751cbd7c-9fc0-4e3e-ada4-19cdab18cbb2,2024-06-04,Paid,False,993.94,Credit Card,WUZLGBX4,AGT-1913,9.0,No,35.0
08398c65-d60c-4905-8256-13c1e3fb7e79,2025-05-08,Late,False,360.9,NEFT,RODRGB6Q,AGT-3507,9.0,No,57.0
3fd9d2ff-c532-4191-88d9-23a457991f13,2025-03-07,Missed,True,1997.63,,ROMPGBPL,AGT-6531,37.0,Yes,23.0
f657b3f4-7dd5-49f9-af78-5fd3233a6099,2023-10-22,Paid,,756.21,NEFT,EVUHGBDX,AGT-0608,74.0,No,23.0
290f02d1-ff1a-49be-acf3-02496b314905,2025-02-23,Missed,True,652.44,NEFT,BKLBGB6C,AGT-2110,74.0,No,31.0
3fea4015-674e-4780-82d0-f47d4237a14e,2024-07-11,Missed,True,1879.89,UPI,BVKYGBJ2,AGT-1954,29.0,No,48.0
4a605e26-2fdf-4698-953c-43a7ec6998c9,2024-12-01,,,270.06,Cash,PFRFGBMB,,71.0,No,44.0
6f958b25-29dd-4859-b244-2be996306c9f,2023-10-22,Pending,False,1632.47,Credit Card,LBKIGBJA,AGT-7683,17.0,Yes,16.0
291dbd95-0687-487e-869d-e88f89823bea,2025-01-26,Pending,False,1149.36,Cash,EYTTGBUV,AGT-3230,23.0,No,33.0
64bb8aa3-5616-40d0-843a-5ec5c84dce83,2024-03-30,Missed,True,1262.01,UPI,SKBXGBX3,AGT-5937,77.0,Yes,7.0
2eb15b44-d36e-4f37-9989-85074347f4da,2025-04-01,Missed,True,191.67,,XAXCGBMU,AGT-5201,21.0,No,3.0
f70c7d44-dbee-4300-a7ee-d4cca194c067,2025-06-10,Pending,False,189.0,Credit Card,FQOMGBRB,AGT-4648,62.0,Yes,37.0
af419807-afe3-47e8-bfba-a163f70ee50d,2025-05-14,Late,False,1091.55,Credit Card,IROGGBS2,AGT-7457,55.0,No,39.0
700878b7-1b67-4322-ba2d-b36f6feb642d,2023-12-24,Missed,True,1014.44,NEFT,XBSNGBF7,AGT-5021,33.0,Yes,58.0
c3de199f-9131-4941-8ee8-666a9907b71d,2024-09-14,Missed,True,1877.61,UPI,IYWIGBS2,,30.0,Yes,20.0
74cffd36-5b4a-4a6d-a04f-c230423ac3e6,2025-03-08,Pending,False,1507.19,UPI,CFFIGBVC,AGT-0636,13.0,Yes,32.0
a55223a0-c9a5-44df-a319-d6bf5f6a2d4b,2024-06-20,Missed,True,1274.04,NEFT,MDEVGBF4,AGT-5364,,No,20.0
24e90d5d-a7b7-4cdb-89c8-5a1148dfaf34,2023-11-04,Late,False,207.8,UPI,WSUAGB96,AGT-8057,70.0,Yes,2.0
94eaa975-6a8f-44d9-95b8-34ad524c8b74,2025-02-18,Paid,False,159.36,Credit Card,ZXBLGBLP,AGT-0432,68.0,No,43.0
918863f1-36bb-49a0-999c-ca26e16614ee,2024-04-19,Pending,False,,Cash,MXOPGBHG,AGT-2238,1.0,Yes,39.0
d500f0a8-9b16-469a-a448-751682db6cf5,,Late,False,,UPI,LMTSGBXA,AGT-7624,77.0,,52.0
5adbb9f7-a89d-4757-982b-216adf7a4155,2024-12-06,Late,False,1092.75,Credit Card,GEQDGBN2,AGT-3050,33.0,No,49.0
512ec8c4-9e02-496a-89ec-79ac95ecc7e9,2024-05-04,Late,False,574.29,UPI,CLAMGBW9,AGT-0801,75.0,No,30.0
8411f1e3-d908-41ad-9ef4-aade26c2a723,2024-08-03,Paid,False,1822.34,NEFT,ZMUVGBDP,AGT-8626,26.0,Yes,20.0
ecb3c61d-b043-4e7d-9a46-8b5c3d151ae1,2023-07-26,Pending,False,1553.59,Cash,PAPAGBC4,AGT-2419,8.0,No,54.0
a7e3cae2-6dcc-428a-b16b-acd5b358c144,2024-01-09,Missed,True,630.31,UPI,ONHWGBH1,AGT-2643,52.0,No,23.0
a751b8c5-c245-4e4e-ba24-a0ec573949b9,2023-12-22,Paid,False,1808.27,Cash,DUEDGB6Z,AGT-1129,73.0,Yes,4.0
14f00b50-7204-4a84-bf0f-95b2740961e4,2025-02-13,Pending,False,751.87,Credit Card,FADKGBTN,AGT-1231,10.0,Yes,17.0
6cac0326-7e28-4af8-8c8d-9c3530bd3e07,2024-10-08,Pending,False,1545.09,UPI,JHLSGBIC,AGT-8925,69.0,,46.0
3741dae6-7b31-4212-94b2-9d7ee333e1cf,2025-03-01,Late,False,825.02,Cash,,AGT-6467,41.0,Yes,
fe062d5c-400e-46bd-9d3c-0378c8a4125a,2023-11-29,,True,1032.51,UPI,MEAUGB1X,AGT-8799,,Yes,18.0
6933f102-9de7-40d7-8d22-a194e97c91d4,2023-10-12,Missed,True,644.68,Cash,BRBEGBST,AGT-8411,21.0,Yes,52.0
9dd50709-f165-43c3-86e0-ccab841fd2bd,2025-01-27,Late,False,501.82,Cash,VUKGGB7P,AGT-8968,,No,39.0
f27c6fea-83e1-4521-b26b-ccad8944e4f6,2025-06-28,Late,False,1711.79,NEFT,QKBOGBK4,AGT-5734,55.0,No,57.0
,2023-12-06,Missed,True,539.13,UPI,PFBJGBDI,AGT-6929,71.0,No,51.0
3475af3c-cbd2-4a2f-9447-326a7b103c1e,2023-12-25,Pending,False,581.0,UPI,WVRAGBQ2,AGT-1751,17.0,Yes,
60e1e0c4-b5b2-4bff-9a07-bcaa733c25ca,2024-05-12,Pending,False,480.38,Cash,KWITGBPH,AGT-5012,,Yes,47.0
,2023-07-29,Paid,False,1950.43,NEFT,OJAQGB38,AGT-9176,69.0,Yes,6.0
240d70fa-453e-492b-9df0-97202475ef91,2024-07-06,Late,False,310.88,Credit Card,FUWQGBVD,,72.0,Yes,11.0
c3d36170-dbf5-46ec-a678-4362dad95c1c,2023-11-26,Pending,False,438.88,Credit Card,DUKBGBRF,AGT-1143,,Yes,
716cb9ef-095c-48bf-8e7b-97c149ef10fa,2023-12-28,Pending,False,293.8,UPI,SFJLGBGC,AGT-0890,56.0,Yes,36.0
ec3526ae-b7dc-48df-8582-dc3dcfe43ee0,2024-12-26,Pending,False,1940.22,,YEPBGB6O,AGT-4052,0.0,Yes,58.0
11c08fa6-de89-4129-b5ad-fe2d2dc9a907,2025-06-26,Paid,False,1247.15,NEFT,DTFCGBOQ,AGT-3868,13.0,Yes,46.0
990be84f-66d3-4043-921e-295d20ac7d0c,2024-11-26,Missed,True,285.68,NEFT,SVESGB5S,AGT-5408,47.0,Yes,19.0
ba92ccf9-38f0-4877-9377-2a5dd7699a57,2025-02-07,Missed,True,450.69,NEFT,TPGPGBBO,AGT-5225,41.0,Yes,54.0
,2025-05-22,Late,False,1757.58,Cash,JLRSGBEL,AGT-2437,87.0,Yes,36.0
dd931de2-e478-4af9-b61c-e601f9fa7e48,2025-04-27,Missed,True,100.29,Credit Card,FVAUGBIM,AGT-8134,55.0,No,19.0
f2e5a678-75e6-407d-93ce-5778e56c04ae,2025-05-24,Late,False,980.19,NEFT,KWVYGB91,AGT-0803,26.0,No,12.0
d0cf3971-69d4-41b9-97bd-c64756ce18ce,2024-10-24,Late,False,1820.54,Credit Card,RCVFGBXK,AGT-5065,9.0,Yes,36.0
e5ba4b2b-7cbc-4199-82b2-dd525d24ca4b,2024-09-23,Missed,True,1477.72,Credit Card,OWSIGBWT,AGT-3240,59.0,No,5.0
385aae4e-eff1-46b4-acea-70474f5144b5,2024-12-27,Late,False,1351.97,UPI,LYSNGBM7,AGT-3296,23.0,Yes,56.0
cbe2aeaa-d8ef-4213-a44a-e2859954ff6d,2024-12-02,Paid,False,779.61,Credit Card,JFEGGBD0,AGT-2357,67.0,Yes,37.0
243c0e5a-dbbb-4a7a-ac00-4401f8bb6c24,2024-04-02,Missed,True,316.82,Cash,JPGHGBNX,AGT-9394,69.0,No,47.0
e7ca4bc6-fd7e-42e0-84e6-25603214e51b,2024-08-24,Pending,False,1744.62,NEFT,PMXTGBDF,AGT-5711,61.0,Yes,56.0
040fd1f8-203e-4121-88b1-807306f84b33,2024-02-01,Missed,True,1737.69,Credit Card,VXBAGBW8,AGT-3954,29.0,Yes,59.0
03e00af9-cf89-4ae9-b94e-c8ea05ce573a,,Late,False,1921.29,Cash,XUETGBST,AGT-7737,82.0,Yes,30.0
6023e694-6cc1-49a7-a603-363fc678a995,2025-06-26,Pending,False,121.7,UPI,CUBDGB1N,AGT-8280,38.0,No,39.0
e8e7fcdc-e1bb-4f9b-8363-a265e0797e83,2024-09-02,Paid,False,288.32,Credit Card,BBSVGB2Q,AGT-8308,23.0,Yes,41.0
51c18128-10c5-435d-9c3e-beacaa0a8ee9,2024-05-30,Paid,False,1388.13,UPI,ZWHFGBGD,,14.0,No,52.0
d4bf4b50-09a9-4339-921c-b621988795d7,2025-04-27,Paid,,1792.81,Cash,RZIEGBQ4,,76.0,Yes,19.0
8245471a-8f92-4ce4-ad87-388eb7121905,2024-01-15,Pending,False,357.74,UPI,HTERGBWI,AGT-3118,23.0,Yes,55.0
5b68173c-cdbd-4378-94b1-28e12c103c3d,2024-01-28,Paid,False,1846.97,Credit Card,ZMBPGBKU,,84.0,No,5.0
9f51d322-320a-4492-8a3d-417ca3f5a591,2024-03-07,,True,1394.28,Cash,YZLKGBMX,AGT-1927,43.0,No,1.0
26511c5e-fa52-4502-aa63-963ee37ec40b,2024-01-08,Paid,False,1302.19,Cash,YAFXGBS9,,31.0,Yes,23.0
ce816e92-38a7-44bc-ad9b-b748f7352fc0,2025-02-13,Missed,True,957.19,UPI,,AGT-6337,50.0,,29.0
acc3a04b-a57c-491b-81a7-359d97332255,2024-08-20,,True,828.3,Cash,,AGT-9273,6.0,Yes,55.0
0c85555c-b20a-4f93-9eaa-e0b5ab9b51ed,2024-04-03,Late,False,1111.82,NEFT,SRHVGB8Y,AGT-2685,0.0,No,24.0
00de4a98-c98f-4df3-b345-b6dd97c8315e,2024-12-05,Late,False,1419.48,UPI,BNYAGB1W,AGT-1155,89.0,Yes,50.0
49fe9890-7971-4819-aeba-406a4847ff14,2024-05-27,Late,False,1199.72,NEFT,GBKFGB0B,AGT-5195,78.0,Yes,58.0
ce9f5085-8f13-4e61-8587-eac3419da61c,2025-01-11,Paid,False,1438.38,Credit Card,FUXBGBDX,AGT-9168,72.0,No,54.0
1cecde2a-ce1f-405a-8267-491d45e222b4,2025-07-08,Pending,False,621.45,,JHAYGB8V,AGT-8979,22.0,No,17.0
4f778ebf-5ce7-4af7-bab3-d4443c1b8fa5,2024-01-03,Pending,False,868.07,Credit Card,,AGT-4481,11.0,Yes,47.0
,2024-12-16,,True,1723.04,Cash,IYSOGB1B,AGT-0308,86.0,No,46.0
f6cc99d8-9e17-4259-88f3-97345ae674c9,2024-10-09,Pending,False,179.21,Cash,DPWCGB3O,,75.0,Yes,19.0
cf6e2ba1-fa74-4202-94ea-e45dd6b8098e,2025-03-05,Pending,False,965.64,NEFT,XPXKGBTC,AGT-3915,29.0,No,15.0
3e32bd70-2710-4c0d-ab13-aa996f8012ea,2024-02-23,Paid,False,1007.2,UPI,ETNFGBGU,AGT-9837,14.0,Yes,17.0
78bbd22d-c455-40d1-9de1-c81cab5109b8,2024-10-08,Pending,False,861.59,Credit Card,GPFZGBYA,AGT-2710,66.0,,34.0
f91c6039-49a9-4fe9-81c0-f759cb8bdc57,2025-04-29,Paid,False,1706.25,UPI,WLBSGBNF,AGT-1240,10.0,No,16.0
65b5d09d-d43c-423c-bcb8-1c964fa96e3a,2025-03-31,Late,False,1897.81,Credit Card,ZWAHGBNY,AGT-6425,44.0,No,18.0
069d6d52-543d-4ed9-91d4-8595e8d47fb4,2024-03-05,Late,,889.17,NEFT,YWOTGBOT,AGT-1140,41.0,No,23.0
7167351d-ab44-4c3c-b293-49ab5ecfc58f,2025-07-06,Late,,745.56,Cash,PUJNGBO5,AGT-2835,,Yes,45.0
20c5d010-1e91-41fa-a8af-438316658414,2024-06-19,,True,1735.54,UPI,HBUJGB4M,AGT-4649,48.0,Yes,
f47ff807-3814-4362-9b3f-388d41d539d3,2024-08-04,Missed,True,1618.16,Cash,OCDNGB8E,AGT-7609,50.0,No,28.0
80c6d72a-93e9-4dd5-a3f1-0b019db94fb0,2024-05-04,Paid,False,1819.09,NEFT,PZNAGBMA,AGT-3063,70.0,No,40.0
18e67512-56a5-4610-aa94-a128a0f40e7f,2024-09-13,,False,280.84,UPI,SYHZGB76,AGT-2718,73.0,No,50.0
a1263817-16d2-4c7d-982f-001aac0191ab,2023-09-24,,True,450.44,Credit Card,EMIPGBYW,AGT-1718,6.0,Yes,11.0
c0cb70b2-60c9-47dc-97cb-9dc097faed84,2024-05-06,Pending,False,668.26,NEFT,OMWUGBH8,AGT-8394,41.0,Yes,14.0
,2023-10-30,Missed,True,1522.26,Credit Card,HFXZGB1K,AGT-2825,34.0,Yes,11.0
ea725a9d-eb2c-417d-9740-bf201a988183,2024-09-16,Pending,False,1779.44,Credit Card,XCDEGB2I,AGT-0766,13.0,,34.0
576c784f-767c-4f91-a0a9-4a75f72c4d09,2024-03-08,Missed,True,1703.6,NEFT,SIHHGBIN,AGT-9303,10.0,No,54.0
1cb6b944-7ab5-4660-96aa-40769d286cf0,2024-12-24,Missed,True,885.18,UPI,XCIKGBWF,AGT-0152,69.0,No,43.0
35cfa014-22e9-4b68-8e5a-d23fb4f4ec26,2025-03-20,Late,False,1457.89,UPI,PXTEGBYI,AGT-3567,64.0,Yes,52.0
00300c47-acd5-4ad2-a955-07c7f8188725,2024-08-14,Missed,True,1412.75,Cash,DUWMGB7C,AGT-2544,26.0,Yes,
d8492c7e-cc9a-49f7-b632-136746c279f3,2024-01-24,Late,False,1204.42,UPI,KCBSGB17,AGT-5343,8.0,Yes,47.0
617ccd74-f3fa-4d95-a646-8cab97c9b21b,2023-10-12,Late,False,901.47,UPI,VBXAGBVH,AGT-1184,33.0,No,46.0
f7e41356-cb97-4ba9-89b8-ff61a9524da3,2025-03-27,Pending,False,1058.06,UPI,IQMLGB1C,AGT-6493,72.0,No,33.0
ab252f26-bfc4-4f5d-8886-77953473cfe1,2024-04-09,Paid,False,1169.41,NEFT,QQIWGBSC,,78.0,No,7.0
1f362a1e-b6a9-4285-b43e-bad6e1abcc9d,2025-06-07,Pending,False,275.85,Credit Card,WDCGGBBR,AGT-5358,77.0,Yes,51.0
c9299028-7ea5-4f9f-a198-2c2cc43d26e0,2024-11-01,Pending,False,288.37,Cash,AQNBGBWB,AGT-4431,6.0,Yes,52.0
e5f25c51-52f8-46a4-bee5-d039da925f7d,2024-06-08,Late,False,1911.34,Credit Card,,AGT-4511,68.0,Yes,51.0
e25bb6f8-4859-4883-b900-e9fbac459315,2025-07-08,Late,False,1795.2,NEFT,PNIAGBEY,AGT-1111,45.0,Yes,38.0
425a5cfc-4b4a-4376-a426-7728f1d61415,2024-10-27,Pending,False,619.1,Credit Card,QZPSGBEA,AGT-5020,52.0,No,15.0
,2024-05-26,Pending,False,921.74,Credit Card,KFZGGBJM,AGT-7753,8.0,Yes,12.0
76f80b73-334c-4ffd-8f75-e83ad514cf52,2025-07-07,Late,False,208.88,Cash,RDVCGBLM,,85.0,Yes,35.0
,2024-07-14,Paid,False,1244.14,UPI,BTGGGBNA,AGT-2038,17.0,Yes,51.0
,2024-08-30,Missed,True,631.73,Credit Card,URISGBPB,AGT-8414,76.0,,33.0
621a61ef-9f8b-45db-961e-889ad1a0416b,2024-08-28,Paid,False,498.69,Cash,TEYYGB3O,AGT-0218,1.0,Yes,19.0
d9643395-f190-43db-8c4a-1e5b62d0eb3a,2024-08-26,Late,False,908.24,Cash,BINCGBFP,AGT-0545,64.0,Yes,5.0
4f31c57e-c63f-412c-b0d3-0fa8fa20d582,2024-08-11,Paid,False,185.96,Credit Card,NWUCGBM9,AGT-4830,54.0,Yes,48.0
b36c8e34-ac54-4bed-afe6-08cff97333a0,2024-07-18,Late,False,960.21,UPI,HARPGBAS,AGT-9798,65.0,Yes,50.0
feebdf3b-04a7-46ff-a3d4-1eceb2a80bdb,2025-05-03,Missed,True,1240.14,UPI,SYYFGBAV,AGT-3134,65.0,No,47.0
ccc15b2d-a9fa-4e4c-958b-646a28ad7588,2025-07-12,Missed,True,987.71,Cash,VPKBGBM6,AGT-0629,30.0,Yes,28.0
44f89188-8229-4643-93ed-da6120de7e46,,Missed,True,1650.08,NEFT,DJIVGBF9,AGT-5331,75.0,No,3.0
89c235c1-454a-49c8-af2f-f01cf3a287a6,2024-07-28,Paid,False,1050.32,Cash,,AGT-8064,37.0,Yes,36.0
99f18015-e80b-449b-b2f9-5a4add4d98cc,2025-05-29,Pending,False,1955.78,Cash,BBQSGBU6,AGT-0936,65.0,Yes,56.0
f21c26da-5a6b-4583-a02e-0fd878039c8e,2025-05-25,Missed,True,896.66,Cash,WFJTGBQJ,AGT-2691,84.0,Yes,47.0
3d86bf08-da2b-4abe-9cbb-6ef96c3997da,2024-02-20,Pending,False,263.32,NEFT,MEGTGBL9,AGT-9486,76.0,Yes,19.0
e1e9b431-cf04-4e6d-808a-5759e216d6de,2024-07-12,Missed,True,1133.55,Cash,RNWCGBUY,AGT-4536,50.0,Yes,43.0
b263a5e0-353a-415b-9aa4-3af377496d82,2024-12-20,Pending,False,860.44,Cash,DLUKGBKE,AGT-6565,73.0,No,33.0
dabeef5b-fe01-4877-80cb-660ccc3f86d1,2024-06-26,Paid,False,257.54,NEFT,ALKNGBZ4,AGT-3805,51.0,Yes,32.0
8ada72c0-503e-4c20-a740-48c38492501e,2024-05-16,Missed,True,1677.34,NEFT,JNWZGBU8,AGT-1471,31.0,,29.0
533a41a9-0daf-4d7a-b753-a89d889662f3,2023-11-26,Missed,True,1351.16,Credit Card,RJHSGBL8,AGT-9530,74.0,No,31.0
59572f38-cd56-4129-9b3d-fcf2005d6971,2025-02-12,Paid,False,334.52,NEFT,PLWUGBWS,AGT-9486,7.0,Yes,
0290aea7-859c-4ebc-af34-62668ba58ce6,2024-08-11,Paid,False,1355.83,UPI,MIZEGB5C,AGT-5203,88.0,No,13.0
00bd4f0c-4b2d-434e-9af2-453e0df261ee,2024-09-28,Late,False,1638.01,UPI,BFRFGBJO,AGT-2412,78.0,No,33.0
e6c686d3-35d9-4241-9d1a-27f08f6fed11,2024-02-22,Late,False,1765.64,NEFT,XXLBGBXZ,AGT-7707,59.0,,11.0
b4036876-5e4b-446a-84ff-84d4ae8c2023,2024-09-19,Late,False,1815.71,UPI,KDSOGBJW,AGT-9789,,Yes,38.0
ce8e5c2f-5202-410d-8c59-33354c5623e6,2023-08-28,Pending,False,1505.27,Credit Card,AEAGGBX3,AGT-3405,83.0,Yes,57.0
0d01976d-e7d3-4777-bcdf-4278f985172d,2023-10-18,Paid,False,341.82,UPI,WWZRGBZK,AGT-0948,74.0,No,1.0
01d0886d-151c-4660-a5e1-a7b51c675b00,2023-09-02,Missed,True,761.13,UPI,KOYOGBE3,AGT-0273,2.0,No,36.0
8f2e9ed7-4caf-46bf-a325-a148aa2f97ef,2025-05-04,Pending,False,729.3,UPI,RMRMGBX5,AGT-8229,20.0,No,19.0
d1a1d83e-1983-4e1a-9bbf-e887de214fee,2023-11-17,Pending,,232.14,NEFT,NMSRGBJZ,AGT-8916,58.0,No,40.0
703171d2-743b-40d5-8653-992cbbe4bfd0,2024-11-01,Paid,False,1572.14,,JMDIGBQK,AGT-6800,80.0,No,4.0
038283ec-fa41-44ac-834d-54c6be56abfe,2024-09-21,Missed,True,1821.32,UPI,BGGRGBRJ,AGT-1448,7.0,No,58.0
a518a5d3-6a47-4e67-8736-0609e9ce8897,2023-07-20,Missed,True,974.12,Credit Card,,AGT-0980,70.0,No,42.0
6092e0bc-775e-45ca-b79c-cb2ad9b63749,2024-11-30,Late,False,969.93,NEFT,QOYZGB9T,AGT-3811,66.0,Yes,40.0
8d921d43-1b18-4d78-ae7d-88f2ba6e50bd,2025-01-04,Late,False,1091.26,Cash,TSIWGBH2,,46.0,Yes,59.0
4605a52f-5a2e-4092-97a0-ead0e021dd50,2024-03-28,Late,False,1104.87,NEFT,XTWVGBEN,AGT-6775,74.0,Yes,43.0
7d5d5827-5af7-4f0f-8d50-fdfc093a5620,2024-01-13,Missed,True,855.0,Cash,YGMIGBI1,AGT-9817,2.0,Yes,26.0
34bb1937-6398-427c-8c29-385fe8e8c1e6,2025-07-04,Missed,True,255.43,Cash,ZQLTGBU9,AGT-1054,88.0,Yes,20.0
,2024-07-30,Pending,False,805.33,Cash,QZXEGB29,AGT-7112,59.0,No,14.0
80288ab9-d4e0-43d2-a01c-0c770184188b,2023-11-17,Missed,True,1523.28,NEFT,ZGDJGBXS,AGT-5209,36.0,Yes,37.0
0e836f0f-a89d-485b-80a5-9d61a32e1f16,2023-10-16,Missed,True,,Cash,LODYGB7B,AGT-8310,46.0,No,20.0
d369fdac-5211-4ef4-83a2-d5f9fc75362f,2024-12-09,Pending,False,504.27,UPI,AITMGBUD,AGT-6995,67.0,Yes,17.0
94effea2-9316-40c5-8347-3fb2c2f613f7,2024-02-14,Pending,False,661.21,UPI,OHKFGBM5,AGT-0959,53.0,No,
064b3894-3168-4d51-b070-516c70061a40,,Pending,False,1032.24,Cash,BPLSGB71,,27.0,No,33.0
3c34f241-69a8-427f-913b-4ebdef5cf628,2025-02-01,Late,False,1333.26,Credit Card,ITOKGB7N,AGT-1726,69.0,No,23.0
496ec3ea-85a5-4f58-91e7-aa8d557c4860,2024-07-23,Pending,False,530.94,NEFT,YIDLGB8H,AGT-1249,52.0,No,17.0
79b769cc-cc55-4aa3-b694-fbc247aeab2c,2024-04-30,Late,False,1234.59,Cash,ZIUWGBZS,AGT-1263,38.0,Yes,44.0
ddf6e000-4c5d-4758-8ede-c996bc9241ed,2023-12-17,Missed,True,1759.34,Credit Card,GFELGB1M,AGT-1075,,Yes,54.0
0a1ddf9d-1501-47d8-9fe1-0b72028947fd,2024-08-11,Paid,False,1940.83,UPI,WLCOGB0R,AGT-6626,42.0,Yes,19.0
00579f2f-c59b-49ec-8ad2-80995cf0fae2,2024-02-27,Pending,False,994.68,UPI,XWGOGBMI,AGT-5958,51.0,No,2.0
1f60132b-2ee7-4817-82a4-fb9c58645e9f,2025-05-18,Missed,True,156.83,Credit Card,ORLSGBKK,AGT-0621,47.0,Yes,44.0
716dded1-a1e4-44b6-8194-5f6429a40bf5,2024-09-13,Late,False,406.02,Cash,QFIRGBPC,AGT-6563,14.0,No,24.0
07c727f0-00fd-4d0f-8edf-b78f7d3ebbe0,2025-02-19,Late,False,708.62,Credit Card,OOALGB0V,AGT-9913,71.0,No,
4479bab0-8352-45b2-938f-958d1cf45e36,2024-03-21,Paid,,1467.45,Cash,BDXKGBVX,AGT-5940,41.0,No,3.0
bfdef134-4bea-4ba4-940c-9a95bdd51f8f,2024-01-30,Paid,False,140.95,Cash,KYWBGB91,AGT-7929,39.0,Yes,1.0
b316a3c3-1a8b-47ea-9bef-4bb8005e158a,2025-07-05,,True,829.38,Credit Card,PLJPGB2E,AGT-8394,61.0,Yes,15.0
bab61c26-f150-4ab2-a41f-8740b67b7ec6,2025-04-08,Late,False,334.69,Cash,AIABGBFB,AGT-5092,82.0,Yes,47.0
601f2d9f-c78e-4f29-a718-1796ef3cc637,2024-01-01,Late,False,1694.68,UPI,UMDVGBSF,AGT-0168,62.0,Yes,4.0
,2025-02-24,Missed,True,1732.79,NEFT,GQSIGB4D,AGT-5593,75.0,No,28.0
316dee49-2cb7-4eb1-b0bd-86585b7b32dc,2023-09-20,,False,1345.38,Cash,UQBGGBN8,AGT-5356,45.0,Yes,38.0
716b8ca2-69da-4f08-873e-03ffd9b4573f,2024-04-18,Paid,False,902.71,UPI,GMNZGBBF,AGT-5376,43.0,Yes,37.0
1172ba3b-b837-4640-96a1-1b7f3fbd0c4d,2025-01-07,Paid,False,435.62,UPI,AKLRGBZO,AGT-7607,41.0,No,53.0
b61f61c3-3846-46ff-9883-21e8371e15a2,2025-06-08,Paid,False,1094.94,Cash,PYNKGBDK,AGT-1626,45.0,No,
bc6cf27e-7a6a-4f2f-b59f-ae7e69d1fe3d,2023-08-04,Missed,True,212.2,UPI,NZRTGBOA,AGT-1356,12.0,No,58.0
e8bc8140-7af6-4a96-9fff-a7a978d9b92e,2024-05-25,Late,False,1976.9,Cash,OTDMGBJR,AGT-5669,42.0,Yes,57.0
b59ba049-8342-4408-a149-e53b75a6691b,2024-01-17,,False,1931.88,UPI,HFSPGB3Y,AGT-3966,77.0,No,37.0
8ea9890e-4564-4cd2-b9e4-56915a97d790,2025-02-16,,True,862.69,Cash,UWLOGBMS,AGT-5258,89.0,No,2.0
797fbc91-45c6-47cc-b4d2-28ed9892577d,2024-07-30,Paid,False,1483.58,Credit Card,SLXBGB8N,AGT-1342,66.0,Yes,54.0
,2024-01-03,Pending,False,956.8,NEFT,AQQKGB4B,AGT-9958,69.0,No,16.0
a174c263-ed9e-4b87-b7b9-7061aca53d16,2023-12-28,Late,False,1229.05,Cash,MEBKGBIG,AGT-0364,64.0,No,26.0
36e31908-5092-4372-8d2d-0c378248c9cf,2024-11-24,Pending,False,922.9,Cash,LLRWGBAY,AGT-8094,60.0,Yes,
1a1b038c-c079-4e4b-bf2e-a15192090f3e,,Late,False,516.17,Credit Card,FRZHGB0P,AGT-7341,36.0,No,7.0
4772e1dd-0804-484a-98cf-0b43dfe530fc,2025-04-04,Missed,True,829.79,,OTBGGBBB,AGT-3953,8.0,No,
bbef0da1-fae8-4f20-a495-49e176fe221c,,Late,False,951.48,Credit Card,MDNTGBCU,AGT-2003,,Yes,30.0
,2024-02-08,Missed,True,627.61,UPI,LWUCGBQU,AGT-3706,65.0,No,40.0
5033e8ef-a4c4-4cab-982d-8574c162eb38,2025-01-10,Paid,False,768.5,UPI,QCJPGBNQ,AGT-5011,86.0,Yes,19.0
dbdf8e9b-1096-4b3b-8e14-44a69cc8e4a4,2025-04-19,Pending,False,928.32,UPI,VJFRGBQ2,AGT-4135,36.0,Yes,26.0
a05a3247-bf04-4cbf-9eae-1ad2af044e02,2023-12-01,Missed,True,1515.88,Credit Card,SJENGBCH,AGT-9697,74.0,No,23.0
468e8c2e-3d4b-4427-a13f-d1e8ed40799e,2023-09-24,Pending,False,373.5,Credit Card,FRGZGBMQ,AGT-4182,28.0,No,30.0
c40ce545-c95e-4f14-aa4a-6f8448042b73,2024-10-11,Pending,False,370.79,Credit Card,YMNTGBC2,AGT-4037,56.0,Yes,40.0
18926092-89cf-4831-bb0c-083f123fc9ba,2024-07-05,Missed,True,851.9,UPI,MAFVGBVN,AGT-9555,5.0,Yes,53.0
5abd2e7e-593e-4f35-bf9c-6a541fd8c2fa,2024-11-30,Pending,False,461.93,Credit Card,NYQNGBPH,AGT-7142,44.0,Yes,59.0
5b30bdc6-38c3-4802-8709-171e4c0ba4ad,2024-01-09,Pending,False,1363.0,Credit Card,DEZRGB76,AGT-2839,18.0,No,42.0
28a717c1-2c03-4619-bcd8-d64cbd7576e4,2023-12-02,Late,False,689.31,Cash,QSIEGBEK,AGT-4737,51.0,No,33.0
7c897bef-3018-401a-bbe5-270162ac1d12,2023-08-03,,False,1324.29,NEFT,KXTQGBHS,AGT-6984,13.0,Yes,30.0
bb432c9d-1927-4c7e-bac2-2f1196f72bad,2025-05-27,Missed,True,1765.38,Credit Card,XADDGBHP,AGT-0972,31.0,No,14.0
5b5d039c-18b2-4d50-9392-8fe9cc55d21b,2024-06-16,Pending,False,961.97,UPI,YTFYGBIR,AGT-3231,73.0,Yes,15.0
a40f8f14-024d-4b9d-b8a0-aa5c9ec05da9,2025-03-12,Pending,False,1468.04,NEFT,GFEEGBKI,AGT-8581,58.0,,1.0
8f190aed-9852-4427-b04c-9cba200c911d,2023-08-30,Missed,True,1487.66,Cash,YEVYGBY3,AGT-0654,89.0,Yes,58.0
b68e1d91-4fe8-465e-af62-c66a874f6ed8,2023-08-29,Missed,True,,NEFT,XVOHGBS5,AGT-7308,54.0,No,36.0
ad5562f0-dedc-4930-9f1c-2318db9498c5,2024-02-01,Missed,True,696.79,UPI,ESEDGBHB,AGT-0565,55.0,No,25.0
2cdc97e4-1e56-4ef5-bcf1-8dd5b9f473f6,2024-04-03,Missed,True,1402.21,Credit Card,TTORGB7S,AGT-8257,86.0,No,45.0
8166b7e2-297b-47fa-ae4c-341212eb397a,2024-04-20,Missed,True,1551.0,Credit Card,YINAGB4L,AGT-8044,38.0,Yes,29.0
2e2eff00-1104-4ec5-a74d-d76d60554ca4,2024-05-09,Pending,False,812.99,Cash,DDDMGB82,AGT-6449,36.0,Yes,11.0
5f53b8ab-e10c-434c-94f9-e53de3df1786,2024-03-05,Missed,True,1783.18,UPI,IXVPGB66,AGT-6939,28.0,No,2.0
714e11f1-6e8f-44b2-b607-d9dfa079e48f,,Pending,False,1192.78,NEFT,GTKNGB8A,AGT-2518,12.0,Yes,26.0
c0490334-527d-4554-9011-e531a43a7d35,2025-02-16,Pending,False,1555.53,,CCMFGB7Y,,,Yes,
757e2d20-91e0-4046-94d1-a90ed56f0108,2024-09-01,Late,,720.23,Credit Card,GEXDGBPQ,AGT-5532,79.0,No,32.0
b447b085-f2f4-40d9-b51c-3623ec8bef86,2023-12-17,Late,,503.76,Cash,BMAJGBSH,AGT-0133,30.0,Yes,53.0
28f16e50-6d88-48f7-919a-9e1343c838c9,2025-05-01,Pending,False,621.09,Cash,LDGTGBGC,AGT-3139,66.0,No,56.0
8ea5218b-5194-4d31-b426-8c7c47590a40,2023-11-22,Missed,True,1591.57,NEFT,TXTKGBQD,AGT-8127,15.0,No,16.0
86bf142d-325f-4e2e-81c1-bd518de10125,2025-05-24,Paid,False,1266.4,UPI,JDJOGBS0,AGT-3200,59.0,Yes,36.0
203911d7-ef28-4c28-933e-56221d1c4dbb,2025-02-05,Missed,True,298.85,Credit Card,DNFMGBJU,AGT-4449,54.0,No,50.0
49e9cd89-50e9-4b9b-b489-2a565e1e89eb,2025-05-20,Pending,False,1032.2,NEFT,UJSOGB7A,AGT-7406,89.0,No,58.0
d2d973f1-84eb-4b58-a42a-0e4ee0ae75b3,2024-11-24,,False,1123.64,Credit Card,IVBMGBRU,AGT-7599,14.0,No,57.0
d4fb91eb-2f8c-4bec-a1d6-777173ecb93e,2023-11-28,Pending,False,1875.24,NEFT,GYVXGBHU,AGT-5632,,,11.0
5c6248e6-f946-4713-b648-1fcf862a03bc,2024-07-17,Pending,,371.18,Cash,ABLVGBW9,AGT-2701,2.0,No,38.0
55c164c5-3b04-4e52-afcc-af31e18b94ed,2023-09-03,Late,False,1778.97,UPI,RQMEGBXD,AGT-7819,72.0,No,20.0
495f7061-c9c2-4761-b2aa-8506012eeb81,2025-03-18,Late,False,1510.58,,BVJDGBE9,AGT-7544,36.0,Yes,30.0
19678cbc-23f3-492c-a96f-1887ba0eb4f6,2025-04-27,Pending,,1563.92,Cash,KOWDGB9X,AGT-5288,66.0,Yes,48.0
008bf0b8-08ae-4e48-a6ea-f6f02481ced4,2025-06-25,Paid,False,491.01,Credit Card,KEFFGBHA,AGT-3151,16.0,Yes,18.0
8927aa63-6bf8-473c-8527-5ce77ca8a9ed,2024-02-21,Late,False,760.38,Cash,YEGUGB0F,AGT-1293,36.0,No,7.0
b401d264-b593-4225-b8f9-c0ba585c509e,2024-02-18,Paid,False,475.06,Cash,ULKGGBFI,AGT-4264,47.0,No,5.0
f83836ad-f30a-4bb5-b560-6b29bac88bff,2025-01-31,Pending,False,1115.91,UPI,OOQLGBQQ,AGT-3162,77.0,Yes,14.0
041f30f2-86b9-4b83-b67e-7530fbc4712b,2025-06-09,Missed,True,1575.32,Credit Card,XJIOGB1O,AGT-5445,8.0,Yes,46.0
3a570d2a-43fc-4881-a789-dbd5ce3d305b,2024-03-01,Pending,False,233.99,NEFT,CYNEGBLZ,AGT-6862,65.0,No,23.0
d8d91ea4-d372-4709-ae24-7526d0bc6258,2024-05-23,Pending,False,1929.71,Credit Card,PVEBGBDL,AGT-5982,28.0,No,29.0
7e115aba-a40f-493d-addd-55abf13ec1df,2024-06-19,Pending,False,590.94,Cash,GMHQGBHB,AGT-3446,25.0,Yes,54.0
a495dafa-cece-4494-833a-3857967af7c1,2025-02-11,Pending,False,734.02,Cash,TXQLGB9O,AGT-7866,12.0,Yes,53.0
9c64bbae-81ae-4458-8bb6-f5a7e429acf9,2024-06-01,Paid,False,1635.11,Cash,OZHRGBLS,AGT-6012,83.0,No,36.0
f00222fa-16f8-4ed7-938d-7b5e701fff24,2023-09-22,Pending,False,1349.45,,FPDPGBEO,AGT-6653,72.0,No,15.0
ad15a91b-1654-4ebe-8b20-29ff5ed28b05,2025-03-29,Pending,False,1533.31,Cash,VLMRGBDJ,,10.0,Yes,1.0
34a1cf8e-db78-4d92-ab14-fbd4bcccedd0,2024-12-23,Pending,False,1068.38,Credit Card,ZOKMGBFB,AGT-7901,86.0,No,41.0
e04d0827-215d-4083-9cab-cbd728f43fd0,2024-04-02,Late,False,612.2,Cash,MUINGBB5,AGT-6928,4.0,No,55.0
f91fc97f-fbea-40f3-8b59-274d528d38b1,2024-01-02,Paid,False,676.62,Cash,ZUMSGB0W,AGT-9545,15.0,Yes,22.0
c602605d-b716-4942-b000-7c4379eb407e,2024-05-12,Pending,False,1950.46,UPI,IHDQGBM9,AGT-5626,10.0,Yes,15.0
,2025-05-14,Paid,False,355.42,Cash,HJLHGBHQ,AGT-9114,15.0,No,6.0
eda01f9d-0c63-44f1-86f2-6b1e2c07362e,2025-01-18,Missed,True,1632.33,Cash,TGAIGB5Z,AGT-1737,70.0,Yes,17.0
7a0d2fa7-1062-4ef4-9f7d-a1c78c816b51,2023-08-31,Late,False,1388.82,UPI,DQRWGB28,AGT-3650,64.0,Yes,36.0
2e1eed3c-4a81-47a5-9789-0b4ca74cc9a1,2025-02-17,Paid,False,,Credit Card,TRBGGBDX,,3.0,No,53.0
e18e206d-388f-4052-aabe-ff5178a780a0,2024-07-15,Paid,False,1383.3,Credit Card,KSQDGB44,AGT-8016,17.0,No,38.0
8fe74b60-7c7d-4242-a658-53bbfdd80ebf,2023-09-01,Paid,False,1046.56,NEFT,SDPTGB5E,AGT-2537,44.0,No,41.0
af75038d-73cb-4c11-a2af-7da40bbebfdc,2023-12-07,Late,False,1973.36,NEFT,VQLCGBP5,,87.0,Yes,34.0
7f8865bf-0ee2-4ae5-a5c3-064cfb62ac8f,2023-09-02,Paid,False,,Credit Card,BRPGGBN7,AGT-3878,80.0,Yes,55.0
596f6ae4-01bc-4ebf-8173-2ded9071a335,2024-12-16,Late,False,955.25,,XESEGBG2,AGT-3727,1.0,No,10.0
6cfcbcec-ce1f-4691-aecc-f49907b7bc0b,2023-09-27,Missed,True,1419.22,,HTQKGB5V,AGT-7750,84.0,No,11.0
66ed9409-ac4d-4fe8-9569-dcebe6fd9fed,2025-02-10,Missed,True,,UPI,VEWTGB1Q,AGT-9806,82.0,Yes,23.0
c7baff93-8400-4203-b84c-1ff5c1df7da5,2024-12-01,Paid,False,1977.89,NEFT,TRFWGBU6,AGT-2429,,Yes,49.0
a113172d-e5f7-480b-b26c-7bb401cc6fb8,2023-09-02,Paid,False,584.99,Cash,XWOHGBSV,AGT-3778,9.0,Yes,39.0
8b80b19d-2d64-4538-9d75-83ae9cd4aa43,2025-03-31,Paid,False,1868.11,UPI,LCRAGB4M,AGT-9986,26.0,Yes,45.0
cea0e614-f838-4ef3-b014-27f48e8b6aed,2025-05-06,Pending,False,1607.86,Cash,QTEHGB5U,AGT-9519,,Yes,56.0
e0b5becd-e5b0-44a4-91c0-f733fc1852ea,2024-04-12,Pending,False,1121.48,Cash,RUMFGBD8,AGT-6367,78.0,Yes,14.0
4d2b72d8-184d-4e2f-92a3-95ab415b6026,2025-04-12,Missed,True,466.68,Credit Card,UIEEGBBW,AGT-1592,81.0,Yes,4.0
a317856a-e7b7-4649-bc6e-3aed63f95bc7,2024-06-05,Paid,False,635.6,NEFT,HKKXGBCF,AGT-2393,,No,44.0
3118e9e6-fec7-4b0b-879b-cd9f62a0c5c4,2024-07-04,Pending,False,866.55,,MYDWGBW8,AGT-3644,23.0,No,3.0
7826f3c6-97c1-464a-b18f-faaab5ee1bde,2025-03-26,Pending,False,1225.08,UPI,ISMDGBCH,AGT-9017,58.0,No,21.0
ac503634-308a-4915-997c-6a1aad2f99eb,,Missed,True,462.54,UPI,SJIIGB4K,AGT-5824,22.0,No,48.0
92373cec-026d-4035-90f7-5496787fdf48,2023-09-01,Missed,True,1002.93,Cash,QLFAGB1T,AGT-9314,38.0,No,55.0
b6835bc4-a920-4fd6-a211-3b4700a4e965,2024-11-22,Missed,True,790.26,UPI,IHILGBD3,AGT-6720,89.0,Yes,58.0
a5dfbbca-eebe-4018-9496-323c8c77c30c,2024-06-01,Missed,True,453.66,Cash,,AGT-2856,74.0,Yes,4.0
e20dc068-2a50-4c3e-a40e-a05e41821e9f,2024-03-06,Pending,False,363.13,Cash,XELIGBTQ,AGT-2231,31.0,No,46.0
0c5f58fb-6510-4110-a9ed-4da7d5ed00e4,2023-08-24,Missed,True,1255.78,NEFT,FQELGBTN,AGT-0449,52.0,Yes,21.0
85e4e7b2-0027-42b5-ae77-7c12b2266deb,2024-01-12,Late,False,589.1,NEFT,LJOTGBWN,AGT-8939,66.0,No,43.0
8a98da42-76a3-411a-97d8-f90507fefbab,2023-08-07,Paid,False,1126.23,NEFT,ITHCGB0G,AGT-1516,6.0,,35.0
117a6af0-e8f6-4d2f-afc2-0ddd3a32fa72,2023-09-23,Missed,True,1253.93,Cash,YTUEGB8G,AGT-7660,89.0,Yes,28.0
93ad62e2-88b8-466c-b0c1-7be7cf57365b,2023-10-27,Late,False,719.59,Credit Card,GQANGBET,AGT-6577,29.0,Yes,24.0
,2024-04-03,Pending,False,321.48,UPI,CJVNGBFF,AGT-2547,12.0,No,21.0
ce1ad69c-5678-4f35-a5bb-3f033a94cb93,2025-02-12,Late,False,1656.73,Credit Card,OYTKGBDU,AGT-3608,37.0,No,20.0
c9ad1b8e-e84c-42e3-a82a-24ad5802e631,2024-11-19,Missed,True,1795.18,NEFT,PAICGBFC,AGT-7726,10.0,Yes,11.0
cc548926-75a2-4ed4-83b7-0359b24a4dd2,2024-07-03,Late,False,198.47,Cash,GWRMGBZ8,AGT-7435,64.0,Yes,29.0
09349f56-4ca6-4ae1-aff2-6a2783ee1f81,2024-06-23,Late,False,788.22,UPI,IZPXGB7P,AGT-8813,55.0,No,41.0
96b198d1-0b63-4252-92db-e9bcc03951e6,,Paid,False,766.64,UPI,SLLDGBBZ,AGT-5860,72.0,Yes,24.0
3728ec37-007a-4384-a88f-154b5961b4ad,2024-11-04,Missed,True,763.6,Cash,ONFSGBNC,AGT-5318,82.0,Yes,
c035b2b6-a52b-4ec5-b668-6eb886d4f453,2023-08-03,Late,False,1376.67,Credit Card,PLJDGBV8,AGT-7955,36.0,Yes,5.0
ad3018cc-6e00-4a2f-9e23-ea8bf13678e2,2024-05-13,Late,False,134.54,Cash,KHZIGBE2,AGT-5073,73.0,No,44.0
,2024-11-13,Pending,False,1133.94,Cash,FUJQGB5R,AGT-4251,72.0,No,7.0
d29571bd-749c-4955-a9db-f388fabaf730,2023-12-31,Late,False,709.03,Cash,OIOSGBJD,AGT-3054,14.0,No,57.0
c157f291-c65f-4d21-8c76-3616f312ba7e,2023-07-21,Pending,False,537.55,NEFT,VETTGB2O,AGT-9168,16.0,Yes,35.0
7f362bea-45fe-4a70-a155-3f644bfddc1c,2024-01-08,Pending,False,1306.8,NEFT,KCPUGB1F,AGT-9916,26.0,No,41.0
c7d2cae6-d2fe-4463-b499-1da7a7ae47ae,2024-10-08,Pending,False,1989.95,,FPTKGBH8,,15.0,Yes,27.0
74c46c8c-746a-4f3e-a72a-370c69b40889,2024-01-15,Pending,False,728.24,UPI,CATTGBUK,AGT-4321,3.0,Yes,11.0
6e9162ca-e16a-41cf-aa8c-5f082541190b,2024-05-22,Paid,False,777.96,Credit Card,UHSKGB8A,AGT-3452,77.0,No,51.0
6b671882-081e-4558-b75c-5d1cdad05cd5,2024-06-23,Paid,False,,Credit Card,WIJNGBUT,AGT-1398,16.0,No,14.0
,2025-02-10,Missed,True,813.3,NEFT,MONCGBB2,AGT-3376,21.0,No,52.0
3920139c-fcdc-40b5-9501-ecac5fdf30e4,2025-04-25,Late,False,697.52,UPI,,AGT-0019,31.0,No,41.0
84fe80ec-f079-4a46-91c6-66a53693b968,2023-11-09,Missed,True,1181.1,NEFT,,AGT-5918,22.0,No,21.0
22190a53-6135-4909-b5ca-664595cd7c08,2023-10-08,Late,False,454.67,UPI,OMCOGB09,AGT-3488,37.0,No,31.0
,2024-09-01,Late,,1162.1,Cash,IJHDGB3K,AGT-7411,25.0,Yes,15.0
561c73f5-3ac8-4a1a-934b-dd680b9c3771,2024-04-23,Paid,False,1136.04,NEFT,KLLPGBLC,AGT-5619,89.0,Yes,38.0
257810ff-fc80-4618-9824-ec7c481a856b,2023-11-10,,False,1773.38,UPI,,,77.0,Yes,45.0
2952820a-a398-47e3-a686-ccedd1bcb38f,2023-10-11,Paid,False,192.99,NEFT,JUGMGBJ0,AGT-7684,77.0,No,35.0
199aa96f-8b9f-4de0-bdce-a7a1b11d7e01,2025-02-13,Missed,True,1895.52,UPI,MKKCGBIB,AGT-8547,33.0,Yes,3.0
21f3adf9-8128-4c46-ad0f-6a549968d1be,2025-02-14,Paid,False,1061.08,,LDPCGBWS,AGT-1889,,No,26.0
d528c325-31f4-4240-856f-2f472abee84a,2024-06-27,Missed,True,1314.55,Cash,ZGCBGB1S,AGT-9193,13.0,Yes,39.0
fe64e183-227b-453e-9916-138c96b0d336,2025-06-04,Late,False,1046.37,UPI,IFWFGBY7,AGT-5493,79.0,Yes,35.0
5b4de0b1-b96c-423e-84d0-82c85759e0eb,2025-07-13,Paid,False,1584.16,Credit Card,FQFVGB5D,AGT-6149,24.0,Yes,6.0
34779891-8b83-4070-98fe-544a9ae88fb2,2023-07-27,Pending,False,1661.03,Credit Card,APMDGB3U,AGT-3820,62.0,Yes,29.0
487b0830-a39a-4c93-8ea3-b345ddffef15,2024-07-10,Pending,False,1943.4,NEFT,VWKKGBQB,AGT-8951,,No,10.0
57f64e8c-eca9-4afe-8cc3-8b2f05a6aa84,2025-02-27,Paid,False,733.99,NEFT,NOIAGB9E,AGT-6936,60.0,No,40.0
516200e1-3083-4979-96ad-260abe2cb9eb,2024-04-18,Late,False,1265.75,UPI,,AGT-3107,78.0,No,27.0
,2025-04-09,Missed,True,,UPI,OAHQGBDJ,AGT-4635,23.0,Yes,36.0
,2023-11-09,Late,False,778.87,Cash,KDPAGBU1,AGT-4940,20.0,No,18.0
3c5fee83-3586-418e-9a16-e9ad08668c78,2024-07-18,Late,False,,NEFT,MGOFGBFQ,AGT-0204,66.0,No,6.0
3f2cf06d-d3fe-4ad9-9acc-253933f4bc5a,2024-07-01,Late,False,842.65,NEFT,TMNAGBAF,AGT-7125,38.0,Yes,11.0
29f79775-d8cb-4322-a166-467854019c11,2024-09-01,Late,False,1882.99,Credit Card,WIKPGBLW,AGT-5278,45.0,No,15.0
c0b12880-6617-4b9a-bb12-462a071f4482,,Missed,True,,UPI,MAZTGBTT,AGT-9682,38.0,No,1.0
848aa7b5-c7b3-45e6-b10d-5729c784b0cd,2024-07-05,Missed,True,1986.03,UPI,ZXIPGBMX,AGT-6076,7.0,No,18.0
f86d58f7-34dc-4fd1-a638-189231fa407b,2023-09-30,Late,False,433.62,NEFT,GQKVGBXD,AGT-0543,24.0,Yes,55.0
f1b02984-c8f6-45fc-b9f9-f55ac1f2cdbb,2024-05-16,Missed,True,1725.68,NEFT,RIPSGB8U,AGT-2211,14.0,Yes,28.0
637c6c2d-c087-4b3e-bac1-9a51ef732f91,,Paid,False,612.44,NEFT,ESGOGBL3,AGT-8082,51.0,Yes,37.0
a83cf16e-34c0-4e9f-9d5c-7f73328c177a,2025-07-11,Paid,False,,NEFT,KWYHGBJ9,AGT-0846,86.0,No,23.0
7b17a56d-b6d3-4087-8d30-90b7be4d61ec,2024-08-29,,True,930.62,NEFT,JPOIGB4T,AGT-3254,,No,45.0
27d46741-eaa8-4a48-86c4-e7652a0a7e5a,2024-08-06,Pending,False,1788.66,NEFT,WFOSGB5W,AGT-8221,24.0,Yes,38.0
0d760dbb-dcf5-43dc-b8b8-5b00a35cdc80,2025-04-27,Late,False,1001.78,,SQOWGBSL,AGT-2036,0.0,Yes,26.0
4d6c9fa9-121c-417d-84c4-8c6fa1f9cd10,2024-02-24,Paid,False,559.19,Cash,WQTXGBPW,AGT-6239,4.0,Yes,55.0
acef196b-88a6-49cb-aadf-d3bcd6049daa,2024-03-03,Pending,False,,UPI,JUKPGB5V,AGT-9303,9.0,No,51.0
402acf56-35e1-4259-843d-d4279c5e12b4,2024-10-07,Pending,False,1877.19,,QYKZGBDY,AGT-3142,58.0,No,46.0
954eaeab-034b-4610-be1e-261879428ae9,2024-04-13,Missed,True,1027.46,Credit Card,OLANGBTS,AGT-8870,16.0,Yes,27.0
e81a0fad-bdb4-47f9-932e-3bedfad4476f,,Missed,True,158.89,Cash,,AGT-2303,24.0,No,29.0
737a2ea3-a5c0-49d0-9c92-8c227c903e14,2025-03-03,Missed,,718.24,UPI,JNBXGB04,AGT-8910,89.0,No,50.0
a97d7e75-84c0-4985-979c-3a34d97c3db6,2023-09-08,Late,False,336.31,Cash,ZRPGGBUE,AGT-7769,17.0,No,43.0
f5b6738a-1973-4417-9daf-787966e521ab,2024-12-02,Paid,False,109.62,Cash,QTUNGB27,AGT-1259,65.0,Yes,59.0
f4c5d46d-80e4-44c8-941e-b89c15744d59,2025-03-31,Late,False,882.6,Credit Card,,,14.0,Yes,15.0
f433a63d-58a6-4ad4-8053-ccf91cea9493,2024-05-30,Late,False,132.57,Credit Card,ODTNGBJG,AGT-1703,44.0,Yes,1.0
fb83801a-8704-4a7a-88e3-60787ccea6ec,2024-10-28,Pending,False,1892.79,UPI,VRNXGBKU,AGT-9938,57.0,Yes,41.0
bf9a6d7e-e2b8-4fe2-9f94-143a48ba0a52,2024-09-19,Pending,False,1551.11,Credit Card,KBNNGB1H,AGT-5056,10.0,Yes,28.0
22d75cbe-ee7a-4008-88cd-ba522b5c126f,2023-10-08,Paid,False,665.81,Credit Card,CPGVGB28,AGT-0925,10.0,No,54.0
0328b9a5-bf69-4f69-98a5-6dac03d3410e,2024-01-16,Late,False,812.78,,CJZTGBY7,AGT-3983,58.0,Yes,4.0
e2b7d6b7-982f-4360-b207-69b1d04358a3,2025-05-03,Pending,False,1234.57,Cash,TFMPGBYU,AGT-6424,77.0,Yes,48.0
1eaf37ce-823f-43a5-a814-b56627e769c6,2025-05-03,Paid,False,1758.56,NEFT,YWSBGBCR,AGT-0503,80.0,Yes,39.0
abce0638-97dd-4697-a859-b872cda64ea9,,Late,False,1148.1,Credit Card,,,51.0,No,16.0
baa05a6d-5767-42bc-a45e-f0ee391299d1,,Paid,False,1683.63,Cash,FKACGBKN,AGT-1320,,Yes,16.0
e6933bb4-6152-40df-8828-539a8e1c006b,2025-02-12,Pending,False,1573.11,,MOLRGBPG,AGT-1039,16.0,Yes,33.0
fbca9af5-16e1-483f-9af0-456c46df32f0,2024-11-07,Late,False,1963.93,NEFT,YMFHGBFF,,24.0,Yes,33.0
5f5460a7-9b08-4dd1-a54c-ccfb2b35c6d7,2024-07-22,Paid,False,1715.55,Cash,AEZCGB7U,AGT-0528,83.0,No,38.0
66df0366-44c6-492a-bdab-40fd70d0c4d5,2023-10-18,Missed,True,1093.51,Cash,CBDAGBAX,AGT-4263,16.0,Yes,23.0
a6905373-8ede-47e9-af3a-1edd02bc6040,2024-04-02,Missed,True,1343.03,Credit Card,EHCOGBK7,AGT-7320,,Yes,29.0
891dad8f-8e10-4429-ae82-f81631287940,2025-03-20,Missed,True,952.77,Cash,SBRDGBZV,AGT-6195,75.0,No,41.0
89b591e4-2085-4857-b5c0-1628a8522620,2023-11-10,Missed,True,1020.08,NEFT,ORKJGB77,AGT-7112,42.0,Yes,53.0
37aa5ffb-fc61-427f-9519-9413975d2e85,2023-09-14,Paid,False,1079.3,UPI,HQTKGBMM,AGT-7748,52.0,No,21.0
c0e661cb-86fa-4255-b492-4782afd7b2ea,2023-12-01,Pending,False,1015.04,Cash,GDEQGBG4,AGT-3853,9.0,No,31.0
,2023-12-31,Paid,False,1416.12,NEFT,WWATGBVO,AGT-0369,29.0,Yes,
29b35b36-be75-4bde-964d-7942bef7a597,2024-01-03,Paid,False,1107.51,Credit Card,RPZWGBCJ,AGT-8602,57.0,No,18.0
c54ff53d-c58b-447b-840b-1c6a33c79cf8,2024-07-17,Pending,False,512.31,UPI,COIZGBPO,AGT-8870,71.0,Yes,
c957bd28-affe-40c2-970e-cc4cff08367d,2024-03-03,Missed,True,1134.87,Cash,JKJXGBEM,AGT-9119,,No,
2757f296-999f-49e3-800e-51acd86ab0d3,2024-01-18,Pending,False,660.59,,JOEPGBCT,AGT-2861,74.0,No,12.0
88bf9925-1b10-45e2-8b65-affd391d5427,2024-05-29,Late,False,1507.78,Credit Card,AXHCGB6T,AGT-9084,27.0,,27.0
49393574-94da-439e-b60e-e546aa480736,2025-05-08,Pending,False,1177.21,UPI,BIUDGBJ8,AGT-8150,12.0,No,39.0
813b3990-9834-448b-b660-2ae88497b4a0,2024-09-08,Paid,,1323.5,UPI,YITQGBUO,AGT-2780,55.0,No,5.0
ca4df26e-a8e6-41d7-a9f9-be30f3230215,2024-09-02,Paid,False,1722.37,Cash,RFXJGB4U,AGT-0122,80.0,Yes,33.0
1f6bb018-2588-4109-b412-e78bbdf9e261,2024-03-05,Missed,True,1988.87,Cash,PFSIGBSQ,AGT-9141,74.0,Yes,44.0
f36cf0ca-12a7-49b5-8962-0a330dcb0973,,,,982.85,Credit Card,,AGT-8067,66.0,No,52.0
4a7f3f63-bf9e-446f-8440-1237f05aacff,2024-01-21,Paid,False,1809.67,UPI,ACEVGBYK,AGT-1904,31.0,No,34.0
e6c49f0b-00ed-4986-bf60-fe2e096479c8,2024-11-28,Paid,,1711.79,Credit Card,CYJIGBE7,AGT-6535,27.0,No,21.0
61b90c05-51d6-4bca-bbac-5face58a6d1c,2024-05-30,Pending,False,1788.22,UPI,USUSGB1V,AGT-1225,52.0,Yes,5.0
70fa8c66-90cf-4e07-bf1e-238100a93ab4,2024-08-11,Late,False,1033.43,Credit Card,AKPXGB95,AGT-8026,35.0,Yes,46.0
a1863117-e713-4fe7-8716-7ef729fc5125,2024-10-12,Paid,,414.15,NEFT,OWNJGBQF,AGT-6429,29.0,No,13.0
c36fe34d-3932-4185-8b2a-27281f3dadd7,2025-02-07,Missed,True,1599.47,Credit Card,GRWVGB1W,AGT-2759,46.0,No,50.0
44968381-9724-444d-963a-6a295e85d45f,2024-10-26,Pending,False,687.29,Cash,SCLTGB6O,AGT-5862,9.0,No,6.0
9c55e0fd-472f-41d1-a08b-e4b3a5a1d463,2024-08-18,,True,1434.0,,WEVDGBKS,AGT-4213,54.0,No,41.0
2481f8c5-60c2-49dc-a624-35ae1e6f9165,2023-10-26,Paid,False,1997.85,,ZQLKGBN7,AGT-0767,69.0,No,6.0
,2024-08-25,Pending,False,1268.75,Credit Card,LRANGBDA,AGT-1092,20.0,Yes,44.0
f2efacc2-2ba3-4065-ac64-0f9eff88db48,2025-01-06,Paid,False,170.19,NEFT,LUGQGBXT,AGT-4227,36.0,Yes,13.0
52d63375-5413-458c-bb66-bf31b6a1c5cd,,Late,False,1266.22,NEFT,ORXFGBBO,AGT-9826,48.0,Yes,33.0
c74c30b2-f8ae-4e3c-9dcd-45c59f101ed6,2025-04-25,Paid,False,,Credit Card,KRVGGB1I,AGT-2034,33.0,No,38.0
e9aa725d-89bd-4e17-a39f-d304fb5c75ae,2023-12-19,Pending,False,1152.04,UPI,QMLMGB8P,AGT-2014,50.0,No,1.0
8f5ca196-f859-457d-a93e-9f7d94bca1fb,2024-01-04,Paid,False,1049.81,NEFT,JJRJGB27,AGT-1023,33.0,,58.0
3449d01e-d5d2-4f65-9df0-8933357e4837,2023-09-04,Pending,False,1016.72,Cash,QLHMGBRF,AGT-0004,87.0,Yes,36.0
afe58ccd-f11a-4381-b149-f58017863904,2024-08-19,Paid,False,1349.78,Credit Card,CZNDGBS2,AGT-3315,13.0,Yes,42.0
7fb1ac8d-ef1d-4d55-bea7-b6839d9b15d2,2023-08-08,Late,False,1315.21,Cash,NUZFGBJ6,AGT-4788,74.0,Yes,45.0
8dec9f1e-0139-4ec3-9aa5-b13009ba26a4,2024-02-12,Missed,True,1391.5,Cash,TXIKGBLT,,51.0,Yes,44.0
2f1ad1ce-ef69-4b04-af62-6b72e738cbd0,2025-02-19,Pending,False,1482.16,Cash,MJQZGB2F,AGT-9151,22.0,,7.0
1483a5f2-aa4d-48c9-a693-86103d3121cf,2025-05-17,Pending,False,624.24,NEFT,RDCDGB9V,AGT-6011,4.0,Yes,3.0
9e860bf6-5614-493c-8949-9c0ec19b2177,,Paid,False,688.81,UPI,ZLHXGBA4,AGT-5352,1.0,Yes,38.0
e443bc0f-0209-42d5-acd0-63f2481a1fb8,2024-09-26,Pending,False,1755.89,Credit Card,PFFLGBN8,AGT-6389,1.0,No,57.0
96c2b44e-37c9-44f9-ad93-bebb3910a9e7,2025-05-09,Paid,False,345.03,NEFT,FDQPGBMP,AGT-5702,67.0,No,54.0
ac762828-69d5-4b8b-a828-018444586327,2025-05-11,Paid,False,1296.57,NEFT,KMEMGBMQ,AGT-2434,76.0,No,
495aae1c-bed3-49dd-a631-f15588cd50e4,2025-05-21,Paid,False,525.01,Cash,VSZIGB0Z,AGT-2219,4.0,No,12.0
,2024-11-12,Paid,False,1192.51,Cash,ERDAGBGB,AGT-0222,53.0,No,6.0
deff9fa8-32a9-49c0-a131-c83b6c2dc68b,2025-03-10,Paid,False,913.99,UPI,SQENGBOS,AGT-1179,65.0,Yes,56.0
84d5b83b-ff60-43f0-9cdf-a31b63e9f34a,2023-09-30,Missed,True,524.48,Cash,BIPAGBGS,AGT-9594,25.0,Yes,1.0
f9c4fdfc-3048-457c-a415-c0ee93b40942,2025-06-07,Paid,False,1890.88,UPI,RAWAGBJ0,AGT-6167,72.0,Yes,20.0
4d8b3195-6538-4c38-9bf5-cc423edfa089,2024-11-22,Missed,,1076.59,Cash,BYJCGB16,AGT-6326,79.0,No,5.0
2b2d9de6-f2da-40d0-a0d8-6bbef69c27fe,2024-10-13,Missed,True,,NEFT,UVUSGBH5,AGT-4502,72.0,Yes,59.0
bdfb77df-d9ab-4b8e-bb7c-bb1a7ad9abd6,2023-08-08,Pending,False,1660.68,Cash,YPGLGBGL,AGT-5076,17.0,Yes,26.0
0b547461-4bc8-4f9a-bbab-5018adb342e2,2024-10-29,Missed,True,1796.1,UPI,EMSSGBAP,AGT-4489,,No,56.0
42b0ce22-4d53-4d09-9deb-aab73017e1ff,2023-08-11,Late,False,,UPI,CUUPGBXW,AGT-6261,74.0,Yes,31.0
e596f861-d51f-4f49-8454-744b2f21d0b3,2025-03-04,Late,False,590.47,Credit Card,,AGT-9296,13.0,Yes,9.0
523d9673-3e15-4ebd-881d-aef44bee8f97,2024-07-26,Missed,True,211.05,Credit Card,UYGXGB7Y,AGT-5057,65.0,No,28.0
72caaa5e-56fd-4633-927c-5475afdf44a1,2023-10-24,Late,False,801.36,NEFT,IAMBGBFX,AGT-5937,2.0,No,5.0
ac9b8825-f23a-4918-ae64-edd83d3808ae,2024-11-10,Missed,True,1961.53,UPI,BDQXGBY5,AGT-7977,74.0,No,52.0
3697444b-f256-4391-86d4-f1c5a9ca4f0b,2024-03-24,Missed,True,1764.78,Credit Card,RUQMGBVT,AGT-9827,59.0,Yes,43.0
cbdcdcec-a940-42de-b543-160ebbb46191,2023-12-24,Late,False,459.13,UPI,FOCKGBGS,AGT-4246,80.0,No,55.0
c9732749-b3f7-44db-9de5-6fe7db3a0782,2023-12-06,Missed,True,1475.32,Credit Card,UXDXGB6M,AGT-1695,55.0,Yes,5.0
cd249358-8fb5-49e8-a633-a54edadb3926,2024-07-12,Missed,True,,,YOFXGB7B,AGT-9835,78.0,Yes,15.0
0dbc9f19-e81f-4a61-b9fb-8473438c7c75,2025-06-14,Late,False,1075.7,NEFT,GMTTGBLJ,AGT-5693,45.0,No,
849cfc97-a4f0-4b48-9473-588ce309e1d8,2024-01-01,Paid,False,830.72,Cash,,AGT-6866,16.0,Yes,4.0
eee3270f-61ee-4ace-865c-9dc6a3a63219,2025-05-11,Late,False,494.41,NEFT,CNUSGB0V,AGT-8656,22.0,Yes,59.0
ee25df1c-26c8-4eea-bb69-705ae9cbbae5,,Paid,,1457.66,NEFT,,AGT-6771,59.0,Yes,29.0
6128b410-f42a-4d56-9905-4921de101f89,2025-05-26,Missed,True,,NEFT,FZHOGBM9,AGT-9501,85.0,Yes,37.0
02f27786-b3bc-4100-ae4d-5e507cd13678,2025-03-13,Late,False,1441.83,Cash,RRRBGB9P,,17.0,No,47.0
7a67bff3-29ae-4ee4-b503-1a51bd45b685,2024-07-10,Pending,False,1039.21,UPI,GPIDGBNY,AGT-6224,,No,17.0
9882423e-8e6a-46d9-8e3d-b970ec9668fd,2025-05-03,,False,1514.75,NEFT,DEEPGB25,AGT-9254,63.0,Yes,23.0
4a270dff-356f-4cc0-acc1-ff8fbafe3fcd,2024-11-30,Missed,True,998.76,UPI,LYWIGBQ3,AGT-6010,11.0,Yes,31.0
a5112bc8-8db6-4a61-a0d1-fd191c280257,2024-04-08,Late,False,624.58,Cash,PWZAGB69,AGT-5550,54.0,No,13.0
0223197d-dde4-409a-a6d3-f98a1eb52246,2023-10-22,Missed,True,1784.82,NEFT,,AGT-3090,33.0,No,3.0
1d9d5c9f-2794-40cb-9ea6-364107fe2ebf,2025-07-05,Late,False,1776.91,NEFT,BKKVGB1P,AGT-6087,87.0,Yes,13.0
ecb69ebe-9e85-4e8f-93f5-cf67994ee67b,2024-02-02,Missed,True,1337.24,UPI,HFZRGBYA,AGT-2413,24.0,No,25.0
068d5dfd-43f1-4e4c-80e5-5c211623a434,2025-06-01,Paid,False,1747.37,UPI,RYMRGBBQ,AGT-9916,52.0,No,32.0
5d160c1e-b8d3-4ad7-838c-4c246fc47a89,2024-07-20,Paid,False,181.5,Cash,KXAZGBVY,AGT-0922,22.0,Yes,19.0
8802645d-f396-4271-9f37-60566ae043a3,2024-04-13,Paid,False,388.54,Credit Card,MUYGGBGT,AGT-6342,4.0,No,32.0
f4a847a2-8545-46f3-bddf-391b49cf4798,2024-11-06,Missed,,692.63,NEFT,QNMBGB64,AGT-6184,2.0,Yes,55.0
e922041c-6d1e-41d6-8f91-f6aca329f410,2023-08-21,Pending,False,907.16,NEFT,TZXCGB6B,AGT-0363,19.0,No,19.0
147ad91f-2d61-4639-9933-6e19bd4c3477,2025-05-14,,,910.69,UPI,LYKHGBZY,AGT-2089,40.0,No,59.0
f1680c93-e950-4820-b588-eaf11102b628,2023-08-01,Missed,True,931.36,Cash,XEGZGBAB,AGT-5686,21.0,Yes,58.0
207c19fd-51c4-451a-b873-17be9644426c,2023-07-24,Late,False,785.73,NEFT,NOEUGBDU,AGT-0416,84.0,No,20.0
b7765b37-42e2-4474-a6eb-f67748fa1b66,2024-09-29,Missed,True,440.51,Cash,LGCYGBVQ,AGT-2191,7.0,No,49.0
961b72ab-12dd-4a7b-88bd-f66f3c60ee34,2025-04-21,Pending,False,668.73,Cash,TYEXGBLW,AGT-6024,85.0,Yes,30.0
fe52794a-49a1-4e44-aa88-cc829c6952ee,2023-07-23,Late,False,721.61,Cash,UNXMGBG5,AGT-3829,3.0,Yes,28.0
2f97f72d-cbeb-40ff-8222-4b88c099a788,2025-03-15,Late,False,1768.14,Credit Card,XCWKGB4U,,4.0,Yes,58.0
af3d4559-2940-492f-9d0a-318c3cc69bf1,2024-09-26,Pending,False,,Cash,SSCUGBF2,AGT-0205,13.0,No,38.0
9c7caba5-440a-4b85-b4e6-a2d007336d68,2024-11-07,Late,False,1014.35,Credit Card,FBZAGB89,AGT-9175,39.0,Yes,43.0
0e1efe06-315c-4497-83be-8fed545d999f,2024-06-01,Pending,False,,UPI,OSLHGB3C,AGT-8622,35.0,Yes,55.0
a27ec342-24a7-43ce-a13e-7fbd19cfd7c2,2023-08-28,Pending,False,1431.16,,GCKAGBIG,AGT-5605,44.0,No,41.0
799cdb1f-68e4-4a30-b0ce-faf9f62f449d,2024-01-25,Paid,False,1691.09,NEFT,HIBNGB3B,AGT-9688,22.0,Yes,48.0
e7119988-af69-4b24-afb3-eb19da0bbf07,2024-03-29,Paid,False,1916.48,Credit Card,LFWLGB8B,AGT-0559,4.0,,40.0
9691f8c6-e547-4a50-91d5-601d788437ce,2025-01-06,Late,False,,UPI,DOIAGB55,AGT-5950,76.0,No,45.0
3893402c-a019-403b-be33-8748252edd01,2024-02-25,Paid,False,1292.59,NEFT,NIVVGBR9,AGT-2930,72.0,Yes,28.0
dfe7db76-2207-4653-8c1d-2d176718312a,2025-03-30,Pending,False,526.56,NEFT,VOWZGBNH,AGT-7498,,Yes,10.0
aee1df5b-fdc7-4865-b244-fc16c96adc91,2025-01-24,Pending,False,772.49,UPI,LGYEGBMY,AGT-6274,53.0,Yes,8.0
3192686b-a514-4b22-a74c-e67885e926c2,2024-09-24,Late,False,1749.26,Credit Card,XKXCGBWD,AGT-6202,79.0,No,13.0
70d5c731-f4bf-4b2b-8029-9ead62a48086,2024-10-26,Pending,False,158.39,Credit Card,NWGPGBAR,AGT-9622,87.0,No,23.0
158fc669-1b53-4865-9b51-ef09a361ded6,2025-06-05,Missed,,421.02,NEFT,NSIHGBJM,AGT-4424,56.0,No,1.0
65f327fb-1d24-4273-a734-a5a8c9b43e0f,2024-09-11,Late,False,109.57,UPI,MRSMGBL5,AGT-6202,40.0,No,42.0
6c4a1951-dda0-446e-b728-16e752bc9459,2024-09-23,Paid,False,612.65,Cash,OTDEGBUO,AGT-7853,51.0,No,13.0
b210fdfa-f6ef-4521-b23c-cc2e90500c41,2025-01-28,Late,False,758.28,Cash,XXCMGB4O,AGT-6125,,Yes,27.0
13688f5c-7373-488e-8b47-06d7e294790f,,Missed,True,1927.54,UPI,VZXFGB1U,AGT-8159,75.0,Yes,51.0
51a7d1e9-d7fa-4945-9047-a3979790241f,2024-02-02,Missed,True,1314.89,Cash,HQYCGB3S,AGT-4250,20.0,Yes,28.0
b6fa6ce6-2921-4b5a-b252-d739a306e7e5,2024-02-25,Paid,False,650.36,NEFT,GYISGBU2,AGT-7639,74.0,Yes,31.0
8a7a6579-3e40-4981-a370-e2e5c93b6703,2024-06-08,Missed,True,1258.83,UPI,KCIZGBL0,AGT-4292,28.0,,37.0
60b5f1eb-5711-4101-b26e-7ca79467b8fe,2024-12-17,Paid,False,196.98,UPI,ORBEGBII,AGT-9416,63.0,Yes,21.0
f3d1b8d4-e046-437d-8dcb-ba6866ea6a27,,Late,False,715.13,NEFT,IJRRGB2H,AGT-0847,57.0,No,32.0
1776c1a8-8c47-4663-93ba-44becb2dd6fa,2025-02-17,,False,861.32,Cash,RQAYGB83,AGT-4682,6.0,Yes,12.0
ba2e8d7a-ee58-4ec1-88cf-1aee7914520d,2025-04-19,Missed,True,1398.37,,HVOSGB53,AGT-0712,10.0,Yes,1.0
b54d94d1-639a-456b-b59b-72c30e80c5d5,2025-01-05,Paid,,1246.35,Cash,CJCJGBZ4,AGT-6694,84.0,,31.0
d19d9a6c-c1a1-4b7c-8aa0-b96290c5cb42,2024-04-12,Paid,False,909.95,UPI,BITGGBSP,AGT-5268,86.0,Yes,57.0
3eed9c59-8467-4d21-aa08-406d88450811,2024-07-07,Late,False,479.09,UPI,HOTOGBFJ,AGT-2158,72.0,,45.0
f584ff0a-33c6-47cc-8c43-cf93bb2161bd,2025-07-11,Pending,False,527.43,Cash,JUMIGBWU,AGT-4113,39.0,Yes,59.0
33954f59-7120-4597-83c8-4f9233e2906a,2024-12-02,Late,False,495.38,Credit Card,,AGT-8450,61.0,Yes,24.0
8c6e51d9-fd3f-4537-892a-f8bf8ef1c5bb,2024-05-26,Late,False,501.17,UPI,RGTPGBTY,AGT-0893,19.0,Yes,55.0
6cc787e7-3cf3-4352-b629-6bbade1566f4,2024-08-01,Paid,,1354.96,,XHNIGBTC,,12.0,No,52.0
f67525fc-150c-400a-85c5-df2c9c202b67,2023-10-21,Missed,,1289.58,Credit Card,RFZRGBJU,AGT-8948,30.0,Yes,28.0
40b16c67-8efb-4336-bdca-850564149220,,Pending,False,1937.3,NEFT,SWZIGBUJ,AGT-4522,13.0,Yes,21.0
2d903bb2-6b83-4071-b6ce-78b7f7843822,2025-01-14,Pending,False,1747.15,Cash,BQXGGB3I,AGT-1794,9.0,No,43.0
e86bd7cd-bfa9-4aa1-8cb8-2cc5197fe5df,,Pending,False,355.11,UPI,WSSAGBGC,AGT-6676,11.0,,34.0
3208ed30-e6ad-4132-b9d8-996010ac4d33,2025-06-29,Late,False,962.39,Cash,HMPKGBS1,AGT-0708,84.0,Yes,11.0
9d5a055b-c50b-4cb0-a3aa-57b64c3ab4f9,2023-09-10,Missed,True,350.9,Cash,HRVNGB0C,AGT-0929,22.0,No,19.0
fc6f599b-8e00-451d-8181-f93d267c4b50,2025-07-02,Pending,False,,Credit Card,PHDEGBUS,AGT-7423,82.0,Yes,45.0
02be572a-b83b-474c-a332-afc4348f5668,2024-03-04,Paid,False,1701.92,Credit Card,FCLZGBJO,,44.0,Yes,22.0
572a0980-41f2-4465-8af2-f93e5e2ea7fb,2024-02-07,Paid,False,948.76,Credit Card,EUHTGBMK,AGT-5650,16.0,No,48.0
,2023-08-03,Late,False,706.4,UPI,YWANGBQZ,AGT-7459,25.0,No,18.0
31c1f93a-6aea-40a5-9feb-33feaa5f3d40,2023-10-27,Late,False,1151.96,Credit Card,FOMHGB8N,AGT-1846,86.0,Yes,57.0
e95acd6b-0d7a-4454-b623-9bbe63386c1b,2023-12-30,Paid,False,164.35,Cash,PKVCGBJC,AGT-3646,60.0,Yes,26.0
14345049-4c5d-4cb2-9dfe-fd70446d3e37,2023-10-10,Late,False,1498.49,UPI,KVGBGBZ4,AGT-5519,68.0,No,42.0
,2024-01-28,,True,987.29,Cash,QYJBGBOK,AGT-3411,81.0,No,26.0
203c1ce6-7696-4acb-8531-5aaac835ebf4,,,False,1735.31,Credit Card,APVKGBYX,AGT-3518,88.0,No,21.0
f49d72bd-ec6e-4f79-ada8-4d765f767525,2025-05-07,Late,False,1367.11,NEFT,VXCJGB89,AGT-0939,50.0,,48.0
176eab6e-61b0-408e-9542-995632cfd6c8,2023-12-11,Late,False,662.05,Cash,IIVHGBSE,AGT-5202,31.0,No,6.0
366e889b-507d-4057-8c76-06771a025c20,2025-02-20,Pending,False,1521.83,Credit Card,EVSSGBMT,AGT-3809,58.0,No,3.0
56d78969-9737-40bd-8fc1-a5e8a051b028,2025-02-08,Paid,False,1700.81,Credit Card,UXZMGBQV,,,Yes,12.0
57af4f44-791d-4a68-868b-aa222ba72598,2023-08-27,Missed,True,1888.76,Cash,ATMDGBV6,AGT-6815,16.0,Yes,33.0
0d22f9de-2782-4501-b6f3-c732cda546c4,2025-06-27,Missed,True,860.9,Cash,VKOJGBJW,AGT-5725,49.0,,26.0
28764ea2-70ed-48f3-97be-974f399c5012,2025-05-18,Late,False,1175.89,UPI,IUKSGBI3,AGT-4292,23.0,Yes,1.0
29a70932-440a-43d8-8f97-312af8f2648e,2024-08-17,Missed,True,410.22,Credit Card,,AGT-5627,7.0,No,58.0
fe993425-4235-4db3-9235-5c5e5e192f4f,2025-04-19,Paid,False,1794.26,Credit Card,OCELGB5M,AGT-0904,44.0,,49.0
5c3fe9a7-1958-4707-866f-18af582618aa,2025-06-18,Pending,False,850.56,Cash,AUUWGBWN,AGT-7644,29.0,Yes,38.0
09d49519-3ce8-4036-86bd-05bb62a243cd,2025-04-16,Paid,False,984.16,Cash,USKZGBHT,AGT-3565,51.0,No,49.0
e8bf62b2-df6d-4eec-b096-163d88e3d630,2024-07-08,Pending,False,1243.82,UPI,XHECGBGH,AGT-9258,45.0,No,2.0
c3cfa6d3-2025-42f8-aa46-e2ef851cef34,2024-07-01,Missed,True,283.61,NEFT,YMSPGB7X,AGT-5722,2.0,Yes,9.0
3016546c-b1f1-4e2f-ad2a-9c7038c2e488,2024-08-23,Pending,False,835.49,,HMJWGBP8,AGT-9851,58.0,No,55.0
f5f87d5a-42b0-40a3-a187-8e08553576b1,2024-06-29,Late,False,571.96,Credit Card,VYXIGBRP,AGT-4702,73.0,Yes,40.0
681d7b01-8a24-4c6f-a506-088523bed405,2024-02-15,Missed,True,479.35,Cash,FELJGBD2,AGT-1962,36.0,No,44.0
,2025-02-15,Paid,False,929.43,NEFT,ASNWGB6O,AGT-2911,61.0,No,43.0
69cfa4e2-fd79-442a-879a-a452976caf43,2024-06-08,Pending,False,1382.65,UPI,OGNKGB2D,AGT-9664,88.0,No,5.0
d6536f4c-38bc-4744-8e75-b2793ae96324,2024-02-09,Pending,False,1725.64,UPI,WKJEGB9Y,AGT-0295,2.0,Yes,21.0
d7bee918-a276-402a-ac02-115957d731ca,2024-03-28,Paid,False,799.06,UPI,UYGSGBFV,AGT-8796,71.0,Yes,14.0
75f9dd74-a848-4ba6-b3e1-b64f910ed7eb,2025-05-25,Paid,False,1061.12,Credit Card,ATBQGB0I,AGT-8635,49.0,No,52.0
05a79b45-ef24-49ec-8682-f22a58b6758d,2025-01-08,Paid,False,415.48,NEFT,HJUQGBJG,AGT-1844,6.0,Yes,51.0
699f4fb6-9150-4043-97f9-9b96fd883fbf,2023-10-03,Pending,False,1573.22,Cash,,AGT-0639,50.0,Yes,27.0
92d2c58b-0ae6-47e2-b565-d785eb7bbbb0,2024-06-10,Paid,False,1383.03,NEFT,QTKXGBNA,AGT-0656,76.0,Yes,52.0
43aeda79-e0b9-4284-a2b0-b4447df0a931,2025-05-16,Paid,False,165.51,Cash,WXJRGB1I,AGT-8969,,,3.0
614b8f22-491b-46d4-96e2-4d0102eaae6b,2024-02-11,Missed,True,897.65,Cash,ERCWGBZ5,AGT-3735,63.0,No,32.0
64737e3c-f37a-40d8-879d-e5c9ec1eea84,2024-03-31,Missed,True,1176.89,NEFT,RUOSGB0I,AGT-3730,20.0,Yes,17.0
abad687c-12e8-4cc3-a0bd-d69efa90b186,2025-04-01,Pending,,479.37,Cash,GZLBGBOW,AGT-7360,3.0,Yes,42.0
571f332a-7198-4afa-aca2-dc392cd17001,2024-06-19,Paid,False,1529.32,Credit Card,LOGLGBKL,AGT-8870,51.0,No,5.0
3ca63b25-e308-4cdb-a4b9-1bd778cf031d,2025-01-01,Late,False,263.88,Credit Card,CIDSGBXR,AGT-4183,52.0,Yes,35.0
,2025-05-28,Missed,True,1815.14,Cash,VAYAGB8X,AGT-4001,62.0,No,32.0
8c551e74-7e7a-40f8-be3b-33b0e35abefe,,Missed,True,1081.35,Credit Card,LMSLGB97,AGT-3463,32.0,,27.0
354b79a9-c5c1-4287-89f7-6c2d761da460,2024-12-07,Paid,False,640.07,Credit Card,TJQUGB1C,AGT-0453,10.0,Yes,20.0
40d432dc-f1fc-4789-ad57-b9faf9a2b245,,Pending,False,571.04,NEFT,YZXGGB6I,AGT-2075,38.0,No,13.0
5a9ed402-f4b4-43ca-8010-ed1c59425cd7,2023-12-17,Missed,True,1044.48,NEFT,RDUWGB7F,AGT-5646,,No,39.0
4c1d5477-2ef4-4e08-a717-93c5b33a2e3b,2024-01-18,Late,False,1538.14,Credit Card,PJCBGBO7,AGT-1372,32.0,No,57.0
85356c59-c5c3-49fb-962b-4f4948021884,2024-06-10,Pending,False,1714.66,Cash,ZKERGB8P,AGT-4340,73.0,No,45.0
6a585e37-1295-441b-bb43-d6b2e26a114c,,Paid,False,1300.03,Cash,SYWMGBUC,AGT-7531,6.0,Yes,33.0
90cd259f-23b6-491c-8431-87777abd87a2,2024-02-08,Missed,True,1785.48,Credit Card,NYPJGB6Y,AGT-8645,59.0,Yes,48.0
61a3b852-49f6-4b0d-bfbb-54d05a1b2600,2023-07-27,Missed,True,787.02,Credit Card,LKBJGBT1,AGT-1724,16.0,Yes,26.0
,2024-07-06,Pending,,305.25,UPI,RYZVGB09,AGT-6894,22.0,No,22.0
3461243b-633d-4541-8126-699c74076847,2024-07-08,Late,False,1591.49,Credit Card,WGEDGBTG,AGT-4650,60.0,No,25.0
793770db-79cb-488b-817a-f8dc31a77fca,2024-05-01,Missed,True,126.42,Credit Card,OTZKGBDR,AGT-1649,47.0,No,39.0
5b6bad63-4d64-4da3-8a2a-d94ab2c0704e,2024-01-29,Missed,True,1189.89,NEFT,KUBNGBZR,AGT-6528,65.0,No,27.0
52e6e6c5-bc7d-43bc-b0f4-2763127cee9f,2025-01-25,Paid,False,830.6,Credit Card,BMICGBFB,AGT-0827,13.0,No,18.0
1c1da928-b90f-459d-bc63-f1e33246ee6f,2024-01-13,Paid,False,1106.71,Cash,EQFYGBCP,AGT-5792,79.0,Yes,43.0
0ce469ac-4d1e-4e74-b32e-d64bdad0c628,2024-10-14,Pending,False,1626.34,NEFT,KTEKGB6A,AGT-4155,69.0,No,44.0
17c8a87a-664e-45dc-9069-ba456617bf80,2025-04-24,Pending,False,310.34,Credit Card,CJWPGB8K,AGT-5921,23.0,Yes,11.0
ac3c620a-d3fa-4cca-be55-ebaac0ab69f3,2025-04-22,Late,False,,UPI,VSBBGBGQ,AGT-8834,,No,14.0
5b260001-3993-45d7-8dcc-0290cd2ba272,2025-04-21,Late,False,679.81,,CCRTGBFC,AGT-7952,53.0,No,49.0
9589fd10-93f5-49d1-81a7-4506110b967e,2024-03-26,Pending,False,679.01,UPI,HWNGGB75,AGT-2530,50.0,No,43.0
3cc32c4a-3227-45b0-9b28-c539977dcbd0,2024-03-11,Pending,False,1148.24,NEFT,EYYOGBQ8,AGT-6701,85.0,No,5.0
c0128fbd-2394-4335-a65d-b5b1b8f4238b,2024-03-30,Pending,False,992.51,Credit Card,JDHKGBBZ,AGT-0597,4.0,Yes,17.0
26f50a50-144c-498d-a98b-17510a3e35de,2024-08-17,Missed,True,1933.96,Cash,FWFNGBEI,AGT-9908,30.0,No,15.0
18c3dbdc-7d0b-4aa9-8b0d-17ab57c5cbe8,2024-12-27,Pending,False,374.49,Cash,VKCXGB7L,AGT-2819,41.0,No,13.0
c3fed299-bb31-4197-b21b-8c5dc35a6d31,2024-10-13,Late,,343.65,UPI,GUNQGBIR,AGT-0942,82.0,No,26.0
,2024-08-02,Pending,False,641.15,Cash,TOKYGB0S,AGT-6420,87.0,Yes,49.0
767f1a4c-1ab6-4a1f-ba08-01b89434457c,2023-09-16,Paid,False,1602.9,,HDYOGB5K,AGT-7823,76.0,Yes,29.0
d853ae69-6fd5-493b-a6f3-d306a5bcb8cc,2025-02-02,Paid,False,1803.36,Cash,ISXDGBNC,AGT-1972,6.0,Yes,32.0
a44dacfd-7c81-41ad-a2ce-992f6e6f0701,2025-05-28,Missed,True,1848.81,,CBOXGBGA,AGT-1644,61.0,Yes,9.0
b606f1b0-4a65-43a7-b79b-ef521a3233da,2025-05-03,Paid,False,608.51,Cash,SFJYGB4P,AGT-6174,45.0,Yes,23.0
34fabe37-c116-4f44-9502-5651cfc28c22,2024-01-13,Paid,False,888.72,Cash,OQCXGBWK,AGT-9147,66.0,No,1.0
8993a258-82ef-4084-a5ef-69835a008f62,2024-09-12,Late,False,794.03,Cash,TTBKGBEW,AGT-2542,37.0,Yes,59.0
1b7bbc41-3c6b-49d1-af41-1cbc493a6c0c,2024-01-04,Missed,True,,UPI,PFLYGBNG,AGT-7392,72.0,No,21.0
0e5966ec-ce2d-4d1f-8ef6-362063cd4a6f,2025-03-29,Pending,False,994.58,UPI,,AGT-1554,64.0,Yes,29.0
e094b14c-a934-48e6-8185-51afc0e2e6d4,2024-02-14,Pending,False,1808.76,Cash,OIMYGB3U,AGT-2246,89.0,Yes,40.0
55c74afa-2f7c-4c92-9177-f5f3b55a705f,2025-06-19,Late,False,251.69,UPI,IPOEGBA0,,43.0,No,26.0
6f43a9c3-e95a-4a57-b79b-f33c29c43d4e,2023-10-13,Pending,False,107.36,Cash,GIKSGB7H,AGT-9155,,No,7.0
56e17340-e4e8-4d1e-9e47-3699d08a57c7,2024-12-09,Pending,False,242.78,Credit Card,LGCBGB25,AGT-2113,61.0,Yes,13.0
feab28d8-7dd9-4a54-b6bc-3fb443fc9dad,2024-05-02,Pending,False,1925.16,Cash,KYWKGB99,AGT-9713,50.0,Yes,35.0
01e30552-1b11-4586-b7cb-900cd6af01b9,2023-08-02,Late,False,1293.0,UPI,XAPVGBTE,AGT-2358,,No,50.0
281137d5-818f-4bb6-82b6-58b19b07d5d1,2023-07-19,,False,1683.58,Credit Card,QLTRGBL7,AGT-6677,13.0,Yes,4.0
eeb3ec69-a359-4fd2-bf23-82c2e7cc717f,2023-12-29,Missed,True,1642.38,NEFT,UEDBGBD4,AGT-1657,43.0,,37.0
7b04b75b-6764-4530-9626-7576c8b29e48,2024-09-10,Pending,False,721.74,Cash,OXSOGBHZ,AGT-0005,86.0,No,25.0
18953b2d-54cb-4ca3-8f38-f72fd1e2bb66,2023-10-10,Paid,False,105.68,UPI,SPUBGBYE,AGT-9545,79.0,No,16.0
5b08c2cf-0661-499d-83cb-4d40a0c90fae,2024-05-01,Late,False,810.73,UPI,FFJWGBEM,AGT-4845,46.0,No,52.0
b300d9b7-2ca0-428c-9359-69d6114cb9f9,2025-07-15,Paid,False,1421.26,UPI,UEZSGBF6,AGT-8780,,No,
76d007ca-9aab-4fa8-9dc3-73b8e5b4ddff,2023-12-17,Paid,False,,NEFT,PDRXGBEE,AGT-6168,80.0,Yes,16.0
ebbd31a2-c58f-4151-bfc6-739802e0b7d7,2023-10-01,Pending,False,1375.12,Cash,DMCAGB8C,AGT-9518,28.0,Yes,57.0
6f91f9d7-95d0-4710-adde-d889ce484775,2025-06-26,Pending,False,567.03,NEFT,DSLMGBN0,AGT-3397,14.0,No,30.0
d0788603-63b2-4a8e-93db-036da813f44e,2024-07-31,Pending,False,1951.87,UPI,FAUEGBTH,AGT-6856,15.0,No,57.0
e5c5c768-af7f-4bc7-be50-74fdc82b1219,2025-04-22,Pending,False,416.99,Cash,XGMXGB0Y,AGT-3658,45.0,No,38.0
a3c54bea-1d2f-41c7-b08e-727fba566cc5,2024-04-17,Missed,True,1478.76,Cash,LAZPGBVH,AGT-5131,51.0,Yes,23.0
a40b9878-e465-4993-ad13-22f9fa7d9c21,2023-12-27,Late,False,1751.24,Credit Card,CPIRGBNA,AGT-6333,33.0,Yes,18.0
98795d4f-c97f-44a3-b8e9-d94be7fe5234,2025-06-17,Late,False,1429.39,UPI,JUJSGB3P,AGT-4504,39.0,Yes,20.0
a101b261-385e-49e6-bc2f-72c31afe7bde,2024-11-13,Pending,False,995.65,UPI,URXFGBF6,AGT-2635,38.0,No,22.0
,,Pending,False,477.49,UPI,NEGXGBQH,AGT-2815,12.0,Yes,13.0
20546ca9-9351-4035-88f8-a1fde5001eb8,2023-10-09,Missed,,517.72,UPI,QXCTGBUB,AGT-5077,11.0,Yes,34.0
c53d5bdb-0476-4299-89e4-ad47dc566e4b,2024-05-17,Late,False,136.88,UPI,TEXVGBYL,AGT-2531,44.0,Yes,34.0
af9d77ba-a027-4789-a432-9ad060b77348,2024-10-24,Missed,True,1567.06,Credit Card,PJKYGB59,AGT-1014,83.0,Yes,36.0
,2024-11-03,,False,1764.79,UPI,SFXDGB3L,AGT-7629,65.0,No,31.0
360c1bc7-652c-476e-97aa-7d1427ba2f6d,2023-07-25,Missed,True,1938.76,UPI,LCFFGBQG,AGT-7952,87.0,No,16.0
281f30e3-f343-4ee9-8f88-e669dd10e7f2,2025-02-20,Pending,False,409.93,Credit Card,LCMVGB6W,AGT-1696,75.0,No,27.0
70b0d877-2875-478f-ab98-4827e1979011,2025-06-22,,False,302.33,Credit Card,ZFVJGBUP,AGT-8079,79.0,Yes,10.0
c8365ac8-a258-428f-99a8-a4de1887322c,2024-11-17,Late,False,1608.45,Credit Card,NDQCGBP0,AGT-2259,42.0,No,16.0
39d75560-5b90-49ee-b86e-3ef2799698a0,2024-04-30,Missed,True,213.55,UPI,MPELGBFZ,AGT-8629,32.0,No,34.0
4e862bbd-3855-49e7-9793-24cf7519dfcc,2024-03-14,Paid,False,472.12,UPI,NPFVGBIB,AGT-3750,20.0,Yes,50.0
,2024-02-18,Paid,False,625.08,UPI,PCAPGBAF,AGT-1631,25.0,Yes,6.0
322a9907-742a-4cb3-ab38-ec618f9c7e6a,2025-05-17,Missed,True,394.12,,LLGOGBJ8,AGT-1670,39.0,Yes,5.0
2b72b159-73fa-4f98-a709-4288f93548f8,2024-02-28,,False,212.93,NEFT,XNPXGBRI,AGT-9198,31.0,Yes,47.0
7f377fb1-272e-4e91-9cc5-1fa92b0292e8,2023-08-01,Paid,False,1806.83,UPI,RWIUGBY6,AGT-8649,,Yes,58.0
29505d34-16e5-486a-b37b-3f403684c5b7,,Pending,False,1601.83,Credit Card,DSVKGBIL,AGT-1840,74.0,Yes,50.0
bd0dfca8-9e16-4f66-8ccf-55bfd4a6ed76,2024-11-28,Paid,False,1387.74,UPI,TMDMGBVA,AGT-9272,51.0,No,47.0
a4ce6fa4-eb3d-439d-97cc-157a0b58f42e,2023-08-30,Missed,True,982.98,NEFT,FSPWGB5R,AGT-5571,42.0,Yes,2.0
fc489cab-a1a8-46a6-beaf-741efb4545f5,2024-10-18,Pending,False,1736.91,Credit Card,,AGT-4332,53.0,Yes,17.0
4a9f9ac6-2c61-47bf-be4e-1b14bef0e8f3,2024-02-22,Late,False,744.84,Cash,FUHOGB7Q,AGT-3737,67.0,No,
93f6e128-0b46-42d9-b37c-6282ff32d4d0,,,False,691.52,Cash,ERMIGBOU,AGT-0712,34.0,Yes,50.0
27d66965-7f58-4567-bc71-2810bc02d1cb,2024-02-25,Late,False,1022.25,UPI,JXFAGB3I,,47.0,No,21.0
1ba4c5c2-a71c-4e94-b836-c2b3099743f8,2024-03-07,Late,False,126.78,NEFT,XNHCGBTM,AGT-2119,17.0,No,
fe9e60ac-292c-4231-a94a-9e094bc4f41a,2023-08-02,Missed,True,494.86,NEFT,PNEFGBM4,AGT-8534,40.0,Yes,39.0
8b263cc0-4d1e-40a4-8a00-97a424b81fde,2025-06-26,Missed,True,1041.83,UPI,TSOXGB20,AGT-2644,62.0,Yes,29.0
d36b6f98-cf3e-4516-b62f-c31d80c87854,2024-03-31,Late,,369.2,NEFT,DPBRGBGP,AGT-8457,27.0,,43.0
8c5657e7-4660-44c8-8a04-98bbdf63b101,2025-06-14,Pending,False,1541.39,Credit Card,UCVWGBPZ,AGT-6812,77.0,No,32.0
,2025-05-07,Missed,True,130.96,Cash,BAGRGBO2,AGT-7851,39.0,Yes,44.0
b51d0ab0-b50b-4f21-8cad-9dabe282496c,,Missed,True,277.06,Cash,,AGT-3324,82.0,No,38.0
09eae446-7220-41bb-ad19-a55a191fad91,2023-11-08,Paid,False,1351.97,NEFT,WFCVGBP4,,11.0,No,2.0
dc46a602-b87d-4c83-9691-2fdfc3680726,2024-02-12,Paid,False,156.31,UPI,PRMVGBOM,AGT-5370,67.0,No,23.0
250fb604-cb79-411f-948b-b2c1f79b37ae,2024-01-25,,False,559.76,Credit Card,MALIGBJC,AGT-7480,83.0,No,24.0
9fe833b7-2905-476c-bc52-1674b51f69c2,2024-08-23,Late,False,729.92,UPI,RRTCGBZ0,,45.0,No,35.0
5bd69edf-3027-4233-8361-a9ac53acfe06,,Pending,False,595.24,NEFT,YGQQGBAQ,AGT-6995,37.0,Yes,40.0
ec173cd1-0b91-43a1-87f3-243e41238a84,2025-04-06,Late,False,1805.64,Cash,HZRRGB42,AGT-6297,18.0,No,58.0
99e7c7a6-8a07-47d8-a727-befb46c64f5d,2023-11-16,Late,,505.99,Credit Card,DGGWGBS4,AGT-4663,19.0,Yes,34.0
6c69d62e-4396-4f51-b175-465d9537e403,2024-10-08,Pending,False,1030.33,NEFT,HRXIGBYT,AGT-3499,1.0,No,37.0
a5804a67-7f3d-4793-a3fb-ebb223beba1c,2024-05-18,Paid,False,275.43,Credit Card,RYELGBDK,AGT-2234,8.0,No,58.0
888d71d1-bf94-4395-84ff-a776f5fd6d84,2025-05-18,Pending,False,642.8,NEFT,FGXPGBL3,AGT-0542,42.0,No,36.0
4126850f-8530-47ba-a885-289ab4434cb6,2025-02-17,Paid,False,763.08,Cash,FOMWGBLL,AGT-3886,75.0,Yes,19.0
e58ce5c5-2b48-4d7f-be91-ef8fd92ee667,2024-07-26,Late,False,761.34,Cash,TQDDGBBB,AGT-3491,22.0,,6.0
cba8b400-f650-4021-bb8a-d7279d7d0ae7,,Paid,False,1653.99,Cash,PEWNGBT1,,46.0,No,3.0
9aeb9115-33a0-4b81-b511-d78bc8034df8,2025-02-12,Pending,False,558.93,UPI,WXDVGBAV,AGT-7906,53.0,Yes,59.0
d0a968d5-4af0-42cb-8b3f-89412ab225da,2024-06-23,,False,138.82,UPI,IFDOGB3I,AGT-6996,2.0,Yes,
f6148980-1e4c-4ad4-b601-180a6509ddcb,2024-11-14,Pending,False,293.83,NEFT,BJEUGB8Q,,77.0,Yes,13.0
43f84bd7-d643-464a-83f2-8a1495425aa5,2024-10-09,Pending,False,340.34,Cash,JWJKGBBI,AGT-8568,13.0,Yes,
40e88c0f-8f51-467e-9100-55a17148a01b,2025-04-23,Paid,False,733.06,,TKSUGBYB,AGT-6311,75.0,No,26.0
3bf54e4f-f200-4f8b-8e51-c93addbc245f,2024-10-14,Paid,,1952.68,NEFT,ROBQGBR8,AGT-5616,74.0,Yes,3.0
576a4ba9-62c2-4d9c-b71d-b3fa823659fc,2024-10-19,Missed,True,655.85,Cash,OTFUGBZJ,AGT-6784,30.0,No,25.0
13d14dc1-c32b-44b0-9988-2b2f1719a6aa,2024-08-11,,False,1771.75,UPI,XBXJGBHT,AGT-7591,49.0,Yes,47.0
e98aef70-7051-4b1a-aaea-ae6bc3f4d5c8,2024-05-05,Pending,False,597.26,UPI,TNJUGB4I,AGT-4095,60.0,Yes,
1287a1ca-b603-4a12-ad42-2725fdb927ac,2025-07-04,Pending,False,734.91,UPI,KCEYGBXC,AGT-3986,47.0,No,36.0
73fb8061-e1bb-490e-b0e3-b68b533285f9,2025-03-12,Late,False,1831.15,NEFT,IFMWGBVM,AGT-3781,45.0,No,23.0
dd244bfd-31e5-48fd-8259-bbabb1595fac,2023-07-30,Missed,True,1598.95,Cash,FSBOGBFR,AGT-5613,16.0,Yes,9.0
798b4e3f-02f4-4ac7-9078-ad59d8cd81a9,2025-03-30,Late,False,1050.58,NEFT,DUNNGB25,AGT-2650,63.0,No,19.0
848beda8-6bd2-484d-ab2f-d440d4201ddb,2023-08-18,Paid,False,682.03,Cash,TVRSGBEG,AGT-9037,39.0,Yes,43.0
775259c7-b41a-4fa6-b9c6-54479f4e2388,2024-07-27,Paid,False,695.3,Credit Card,KEIXGB65,AGT-1803,47.0,No,47.0
30ad568a-0dce-4f5c-91d5-1597931f31c6,2025-05-17,Late,False,1942.51,Cash,YPMWGBB9,AGT-7247,9.0,No,44.0
,2023-12-04,,False,1059.58,UPI,BQENGBN9,AGT-7701,18.0,No,10.0
b6b7b7f7-0255-4064-b9d1-26501812bce8,2025-02-25,Missed,,882.06,NEFT,MTRNGBLH,AGT-0402,24.0,Yes,2.0
,2024-01-02,Late,False,1816.93,Cash,LOFTGBS5,AGT-9707,49.0,No,45.0
9234f91e-ad21-483d-beae-fb17156bc160,2024-10-21,Missed,True,1755.19,UPI,DPMZGBWV,AGT-7875,,Yes,20.0
b988b268-1979-4261-8fb1-3585573043d6,2024-07-25,Pending,False,373.01,Credit Card,RDUFGBI6,AGT-0033,88.0,Yes,2.0
63168831-398a-4896-a564-047c73e194e7,2024-04-04,Late,False,1974.32,UPI,FLZDGB7K,,83.0,Yes,49.0
0d46e8aa-6dcb-44e2-830f-a9cf70f3e301,2024-05-17,Missed,True,745.1,Cash,FBOHGBSW,AGT-4151,87.0,Yes,9.0
fe231936-68b5-4722-a1ee-592160ed351d,2024-07-19,Late,False,1154.14,UPI,,AGT-3849,50.0,Yes,32.0
dfb76464-5136-49c9-9930-a43dfdb79f78,2024-07-30,Missed,True,1010.02,Credit Card,WXSAGBB7,AGT-1565,40.0,Yes,26.0
4b224e33-ec86-4f24-a0d6-a9e3a066978b,2023-12-24,Pending,False,886.83,Cash,EMIJGBSA,AGT-2571,3.0,Yes,36.0
,2025-01-01,Late,False,1349.85,Cash,VFSKGBYY,AGT-6674,45.0,No,37.0
37e3fa03-22ad-4fdb-a8cc-52de860751c0,2024-06-22,Pending,False,1484.14,UPI,LIGPGBPA,AGT-1272,73.0,No,9.0
,2024-04-22,Late,False,790.2,Cash,CTIEGBIY,AGT-0083,54.0,No,44.0
,2024-08-06,Late,False,242.34,NEFT,MYNCGB7Z,AGT-0799,35.0,Yes,36.0
d303d16e-9138-41c7-a958-4fedb49eea33,2025-05-20,Missed,True,585.09,NEFT,LRROGBHX,AGT-4544,,No,22.0
283154c6-59da-4982-88c0-e9bf18c55b03,2023-12-21,Paid,False,,UPI,KTKYGBCX,AGT-1018,22.0,No,34.0
7b2353a3-e08f-4b18-97dc-e67f14e522e5,2024-01-31,Paid,False,926.12,Cash,QGYHGB23,AGT-1107,84.0,No,33.0
a2c3a3d0-d649-4a81-a286-049a82efb6b9,2023-11-06,Late,False,1046.84,NEFT,LPTUGB9T,AGT-5896,,Yes,14.0
4e554be0-4059-41a1-aeb1-fddb0a6df6b8,2025-02-13,Pending,False,1484.51,Credit Card,JAXYGBVX,AGT-1444,65.0,Yes,9.0
426a09f0-077a-406d-9fb2-c1da74f97ecb,2024-10-14,Missed,True,520.82,Credit Card,YHOPGBZC,AGT-7311,14.0,No,44.0
ae98f83f-d579-43ab-8d2c-d01a812e5e26,2025-03-10,Pending,False,319.37,,POAVGBUF,AGT-3156,63.0,Yes,39.0
9455c24f-40de-42e7-b7db-f324200eef7c,2024-09-04,Pending,False,1835.57,UPI,URCGGBEJ,AGT-4126,29.0,Yes,8.0
ac99107e-025c-45b9-bf8e-4eab6452f37f,2023-08-30,Late,False,524.21,UPI,AOJRGBDB,AGT-2726,34.0,Yes,20.0
8a3ed909-803b-40ef-81e2-ef3ea17c0f1c,2023-11-09,Paid,False,1417.96,Cash,AVUOGB3J,AGT-5872,52.0,No,48.0
a4e40268-1bf7-4484-a61e-482c8e697f97,2023-07-20,Missed,True,1916.77,NEFT,AIRIGBJH,AGT-5457,63.0,Yes,
811556e6-08cc-44b8-8cf4-9e7311315eaf,,Pending,,144.23,NEFT,YPLSGBMR,AGT-0286,84.0,No,
59fc18b1-9ad6-4a72-88b2-91b546ff5917,2023-11-11,Late,False,976.77,Credit Card,,,61.0,Yes,9.0
5a7c899b-75b5-4f95-a32d-2a8c83fc71b3,2024-02-13,Missed,True,1322.69,Credit Card,ZVCPGBB8,AGT-0975,43.0,Yes,8.0
64b98e2d-cbd9-49c9-ac26-a3f8b9b841de,2023-09-27,Pending,,,NEFT,XSIKGBYI,AGT-5673,55.0,No,14.0
29b32687-d319-4a34-bfa1-6feddf4074d9,2023-08-31,Late,False,597.54,UPI,RUKDGB91,AGT-5947,19.0,Yes,25.0
e78acf68-3241-4d4b-8110-1197b1fd1fae,2025-01-28,Late,False,272.07,Cash,FMFKGBWU,AGT-9366,30.0,No,2.0
028fea0a-4a78-4324-b8c4-9a5ec1ca5d6c,2024-04-30,Late,False,1220.19,Credit Card,TWIQGB0U,AGT-9969,64.0,Yes,45.0
9c38ad25-39b9-4afe-b9f9-f62a9001a9ea,2024-11-05,Pending,False,130.78,UPI,LNQSGBD6,AGT-2688,23.0,No,30.0
39b343d8-f1a3-4a4b-9065-b66f187378ab,2025-03-31,Paid,False,,Credit Card,ZQSQGBWO,AGT-2880,62.0,No,29.0
398078aa-ca69-4668-9da0-b2751395e076,2023-09-05,Late,False,649.2,UPI,LWKIGBTI,AGT-2933,44.0,Yes,7.0
cd003e5f-257c-4314-bd30-95eec9bd890e,2024-06-23,Late,False,395.65,NEFT,ZGTAGBFY,AGT-4213,48.0,No,27.0
9b5a993a-3c86-488d-89fd-c5aadba36137,2024-07-18,Pending,False,435.58,UPI,,AGT-3881,50.0,No,18.0
c17b1a94-f7bb-4451-9ba2-62a48ea3b00f,2023-12-02,,False,582.38,UPI,CWJVGBRH,AGT-7387,75.0,Yes,54.0
dc44f7d7-c78e-4b2a-acd4-2971fbfde503,2024-01-29,Paid,False,1078.4,NEFT,LKABGB8C,AGT-3318,46.0,Yes,20.0
4d2def0a-e2c3-41b3-8a14-d608845a39cf,2025-02-21,Paid,False,1860.1,NEFT,JHULGBLN,AGT-2034,58.0,No,22.0
bfe3d81d-f629-43e0-ad30-4e2cdafdcd88,2025-02-08,Missed,True,542.25,Credit Card,RWTCGBXM,AGT-2583,82.0,No,49.0
25000fdd-6879-46db-bc0f-a683660c1d1c,2024-09-09,Paid,False,1358.97,Credit Card,CIKHGB3C,AGT-4612,51.0,Yes,15.0
c0068a18-1aee-42b6-a4b8-7919dc4a3385,2025-01-19,Pending,False,1714.84,NEFT,IZLMGBM0,AGT-7878,27.0,Yes,33.0
21a66fa5-f211-4c44-b69e-c00c8f5e23d5,2025-02-24,Late,False,658.17,Cash,THBKGB6K,AGT-0451,1.0,No,56.0
5927d610-7892-42cc-87f4-aae9c4246c15,2024-04-13,Missed,,634.68,Credit Card,RSRXGB3O,AGT-0717,51.0,Yes,27.0
13b7a786-a9f3-437b-8bcb-d0287776f36f,2024-12-31,Paid,False,260.56,NEFT,ZECXGBDO,AGT-5408,58.0,No,26.0
a0a88c9e-e54f-42a2-859f-cf45543bb257,2025-05-11,Late,False,1186.78,Cash,AFFEGBBV,AGT-9045,48.0,Yes,1.0
6f48df0e-9b23-4f10-9834-c7aad2f9c504,2023-08-21,Paid,False,1799.21,Cash,,AGT-1311,62.0,,5.0
5d23a633-fd80-4d91-a506-44823df1233f,2024-09-03,Paid,False,245.82,Credit Card,ZMGJGBFU,AGT-0875,31.0,Yes,20.0
eb947a64-9b46-4934-ba38-76c221708f4e,2024-01-01,Pending,False,1294.07,UPI,FGCWGB76,AGT-2398,34.0,Yes,26.0
3e07ce63-102e-4b9a-b0ff-3ec2d7885026,2023-09-29,Paid,False,1378.79,NEFT,FKMGGBR8,AGT-8247,32.0,No,18.0
62820341-a413-43ee-a475-91514fb3c985,2023-12-29,,True,655.03,UPI,ZJNIGBUT,AGT-6446,47.0,No,38.0
454c6d09-0af0-49d4-935a-0b01b1f8953e,2025-06-01,Missed,True,114.91,NEFT,PSOFGB6A,AGT-4472,52.0,No,16.0
b8e1a999-be90-4d8b-b1c6-0ce826764600,2024-12-22,Paid,False,,Credit Card,TFXSGBLC,AGT-6660,81.0,No,31.0
6e410026-5cb7-4117-80e3-b29258436f12,2024-11-22,Pending,False,600.72,Cash,SVUAGBRU,AGT-4723,34.0,No,52.0
4318cbdf-b8fa-4547-a7c1-b588ceff80c4,2024-08-23,Pending,False,342.89,Cash,UICRGBP5,AGT-9820,,Yes,15.0
566e52da-ac1f-44f1-a721-bc4bf9f429a8,2024-06-18,Paid,False,1713.95,Credit Card,WJETGBEJ,AGT-6140,69.0,Yes,5.0
b35f94ae-98ec-4fe9-80c4-39521dfccd2d,2024-11-08,Missed,True,1541.44,NEFT,YDMNGBHI,AGT-6854,60.0,,57.0
2853f54c-4145-4d3e-a548-7e02e8ae4c60,2023-08-12,Paid,False,307.2,Credit Card,QJDRGBUY,AGT-5520,,Yes,6.0
5768b7f8-ced5-400e-b970-49cf40d8abed,2024-12-05,Late,False,1173.91,UPI,XFZJGBL4,AGT-3898,79.0,No,7.0
f09935b8-f1cb-4374-8682-b46a46c5adf9,2025-04-24,Missed,True,1396.82,Credit Card,JBVBGB3I,AGT-0906,33.0,No,53.0
2bd5cc87-f3d1-434e-8dfc-365949e96b89,2024-10-19,Missed,True,1772.95,Cash,DRBUGBQC,AGT-6760,14.0,No,
df92b5c7-c953-4e80-a31a-7897cd1e15f7,,Pending,False,953.06,NEFT,AMDNGB70,AGT-3690,15.0,Yes,26.0
c5afec85-2805-4a0d-81dd-7a11297d70a4,2025-06-02,Pending,False,1989.5,Cash,QHDPGBEQ,,4.0,Yes,31.0
9b75db28-ea8e-4d2c-84fb-179dceceb9d6,2024-07-01,Late,False,755.97,,WZDIGBAV,AGT-8349,29.0,Yes,39.0
,2025-03-27,Late,False,225.79,UPI,FBMTGB2I,AGT-2491,21.0,Yes,58.0
adacc1d2-fa3f-453f-bb61-0c26d75e5137,2024-02-24,,False,871.07,UPI,ZDAKGBL0,AGT-4310,74.0,Yes,3.0
1f23c8f5-62c9-451e-a782-d0c2309bcf5a,2024-03-17,Late,False,1671.56,UPI,YTLIGBZI,AGT-5459,27.0,Yes,55.0
55621a1d-60fd-413b-a943-73f6ec3c7cee,2024-05-18,Late,False,1866.27,Cash,CEJLGBAZ,AGT-6697,45.0,Yes,
76530955-4e83-454b-af10-4c7361ab3413,2024-03-11,Missed,True,1289.82,Credit Card,FSZKGBBS,AGT-7175,34.0,Yes,31.0
691d23d7-4619-45b7-8e06-73ce3ca6b461,2024-02-23,Late,False,1000.64,UPI,RMWJGBP1,AGT-8912,40.0,Yes,5.0
fd1f8d99-ab19-4e35-9242-c597286dd8eb,2025-05-01,Pending,False,1780.92,NEFT,XHZOGBL5,AGT-6306,10.0,No,31.0
1f7c67be-30c8-46b5-9536-154ca305a061,2024-09-10,Missed,True,405.4,Credit Card,,AGT-5390,3.0,Yes,14.0
2c5161a6-f703-46ab-bb9e-cdd02185389c,2023-09-24,Pending,False,1842.78,Cash,YJOJGBM1,AGT-1573,24.0,Yes,33.0
32b3870b-8fc1-434a-b376-a2d268a491b6,2024-04-17,Late,False,1554.97,Cash,LHEFGBXA,AGT-8848,2.0,Yes,25.0
,2025-01-03,Missed,True,1501.7,NEFT,DPYXGBSK,AGT-7976,49.0,No,36.0
,2024-11-19,Paid,False,,,CJCCGBND,AGT-3043,13.0,Yes,33.0
c7746b2b-32bc-4ab7-87f8-df684a2602e8,2023-09-08,Paid,False,1846.08,NEFT,HEWHGB0I,AGT-6261,74.0,No,34.0
cf2e7132-0c7d-46ed-b843-7cf63f7c187a,2024-02-09,Paid,False,1017.69,NEFT,PYXBGBUU,AGT-3522,26.0,,51.0
c088c31d-f33a-48d8-91a3-a61c2d543774,2025-05-04,Missed,True,1390.33,NEFT,WWAUGBSJ,AGT-1273,22.0,Yes,23.0
74627be8-c9a8-480f-b1e5-e51c8d1c3fa1,2024-10-31,Pending,False,,Cash,JXHWGB5R,AGT-5021,24.0,No,22.0
d76f8c55-d05c-44b5-befa-8f6d3e3daa51,2025-06-07,Late,False,803.6,UPI,IZOWGB1T,AGT-6098,12.0,Yes,21.0
ef47b3c7-0321-493b-9106-65c42969514b,2025-03-11,Missed,True,1010.1,Credit Card,THGGGB0V,AGT-1216,18.0,No,57.0
1bc294ab-896b-4071-aed8-77b9e1d7fa68,2024-12-29,Paid,False,716.34,Credit Card,BNSCGBWO,AGT-1732,71.0,No,48.0
88171888-028a-413f-aa29-6b14298556f7,2023-12-13,Pending,False,1818.54,UPI,SXEQGBBD,AGT-6137,41.0,No,19.0
5e3f526e-a6ad-40b2-b830-eba25927d5bc,2024-09-25,Pending,False,839.15,Cash,JGPSGBW3,,9.0,No,6.0
760cda37-2738-48ba-811d-44a03f211772,2025-07-06,Missed,True,1277.08,UPI,PXYYGBAQ,AGT-3617,,No,48.0
943ff194-8d4d-4a68-8062-6d02a6a804c4,2024-08-08,Paid,False,651.15,,XNAWGBUY,AGT-0308,53.0,No,47.0
b3039978-5dd2-4421-a08f-29c380b3233f,2024-03-27,Paid,False,828.55,NEFT,BBCSGB7S,AGT-7261,37.0,No,28.0
47e4644e-386b-4544-a6b6-9ddfdd7959e4,2024-08-27,Missed,True,627.62,NEFT,BJWSGB8W,AGT-2181,36.0,Yes,4.0
ebb7642b-0da3-4868-98f6-99a76da46ea9,2024-08-30,Paid,False,1237.06,NEFT,QYGUGBCC,AGT-5419,33.0,No,3.0
e07cd496-d25e-4170-903e-eeffaec82150,2023-07-31,Paid,False,1550.01,UPI,CETGGBTC,AGT-5715,31.0,No,39.0
65b7be89-b35b-4e5c-8d11-c29d237d9b11,2025-07-01,Paid,False,1640.47,Cash,HVYUGBOO,AGT-6122,74.0,No,51.0
bf0a3cae-484d-40c4-adb8-7de32540fe25,2024-10-15,Missed,True,235.69,NEFT,JAESGBO1,AGT-9932,89.0,,25.0
a365e27c-f38e-4209-8f17-d5125542d877,2024-11-08,Paid,False,247.44,NEFT,CGVGGBJU,AGT-7468,18.0,No,1.0
fdaac4b3-838f-4ab7-88af-0b0a7b2aaa27,2024-02-22,Missed,True,355.01,Cash,DOCFGB19,AGT-3903,67.0,No,42.0
1b4d0eb4-35c4-48c2-8b72-d979606ba641,2023-07-25,Late,False,1517.15,Cash,XTFQGB9O,AGT-3183,11.0,No,7.0
1f95996e-4cf3-4463-81cb-97e41d24062f,2024-08-04,Pending,False,1443.56,Credit Card,AZTXGB6U,AGT-8063,4.0,,
9476b1a7-6e97-439d-a8cc-df9b04959bf1,2023-11-22,Pending,False,532.57,Cash,BGMJGBCO,AGT-3660,79.0,No,25.0
ab7cda97-6136-4a9d-982e-5bce5cb96998,2024-07-05,Paid,False,208.33,Cash,EQSOGBAO,AGT-7250,39.0,No,20.0
64505dfb-a17b-4bd0-aaf2-649e09ea229d,2025-07-13,Late,False,1486.06,UPI,GBZYGBDP,AGT-9901,50.0,No,
5fa3ef81-f1ee-4030-92ba-f1711be2d4bc,2024-10-21,Missed,True,295.02,Cash,MEFPGBR8,AGT-0763,54.0,Yes,46.0
ca8f650f-172d-4290-b01c-d6d45fb8e112,2023-10-27,Late,False,1619.96,Cash,ABSPGBOV,AGT-6404,77.0,Yes,24.0
8ec84ea7-d015-43b8-9443-ea19243c9868,2024-07-11,Late,False,1747.07,UPI,HTJXGBEO,AGT-3442,74.0,No,31.0
56149a45-32f6-4c6a-a768-9ab9a715d442,2024-05-22,Paid,False,1151.22,UPI,VIQBGBEV,AGT-0455,39.0,No,51.0
9ea9b57c-8a2f-49c5-900c-2c8b263fe8e5,2024-08-11,Late,False,805.32,Cash,ICCHGBY2,AGT-3460,6.0,,18.0
950446c7-a693-4ea5-9702-3afc55891bbc,2024-09-22,Late,False,424.29,UPI,YAUPGBR7,AGT-0995,86.0,No,38.0
3da6a811-a33d-4cf0-9b16-7cfdb2320515,2024-10-16,Pending,False,1321.5,Cash,OFKIGBIJ,AGT-8182,78.0,,2.0
013605dd-e209-4ee2-824b-cdd82afb06d6,2025-06-09,Late,False,263.21,NEFT,AYGBGBY7,AGT-4649,33.0,No,3.0
ca0edaee-db75-4753-b94c-0e63dcc4683c,2024-06-08,Late,False,1284.3,NEFT,CXKGGB09,AGT-8141,89.0,Yes,31.0
52199087-50d6-43d1-8075-6248f25dae63,2024-03-16,Paid,False,185.16,NEFT,COBGGB9P,AGT-9967,34.0,Yes,37.0
31f7d549-8a28-4ac5-8c2e-d42d00d6fabc,2024-08-15,Pending,False,457.79,UPI,NLXAGBTK,AGT-8353,51.0,Yes,35.0
9a70ae1f-d343-449b-b7f2-80a411b07089,2023-10-05,Pending,False,594.0,Cash,MYVUGBAF,AGT-9784,73.0,Yes,57.0
109f32f7-4b0e-4741-9449-6a851f31ea82,2025-06-14,Late,False,431.04,Credit Card,ECRMGBWA,AGT-5411,85.0,No,6.0
b8e2b0c4-7b6d-443f-8cbd-b089349e138b,2025-05-30,Pending,False,1688.02,NEFT,UZFIGBMG,AGT-6268,82.0,Yes,38.0
c4eddce0-f873-441f-8224-ba2b100aeb49,2024-01-04,Late,False,180.73,NEFT,,AGT-9673,53.0,Yes,16.0
86b872e3-efa9-41f1-969f-2329aa1d6fbe,2024-03-12,Paid,False,864.2,Credit Card,WMJXGBD1,AGT-5529,75.0,No,16.0
cee72871-cea5-44e2-b8ff-44f09bfb8f0e,2025-03-08,Paid,,1872.13,UPI,XVNCGBL6,AGT-2625,81.0,Yes,9.0
405076b2-f627-4ab9-be7f-d1acac45e27d,2024-05-31,Pending,False,1227.37,Credit Card,JXXXGBYT,AGT-7294,73.0,Yes,42.0
c0b3ae06-f731-4884-90cb-6f357ff17632,2023-09-15,Paid,False,101.9,NEFT,BPQNGBQX,AGT-9403,27.0,No,42.0
ce469af5-186a-43ba-99f8-9255cb46c464,2024-06-18,Pending,False,1483.39,Cash,HHHKGB0Q,AGT-1245,56.0,Yes,6.0
be0f2cfc-1197-464f-b178-5bcaa17ce5fa,2025-05-05,Late,False,1370.2,UPI,PSIRGBML,AGT-2796,47.0,No,7.0
0f94e852-6771-4e4a-a8a6-74df6796c172,2025-01-18,Pending,False,582.73,UPI,VWICGB1M,AGT-8744,0.0,No,42.0
dfb3dcdd-59c6-4c8d-bed0-042244d23f43,2024-07-23,Missed,True,787.52,UPI,MVWRGBIJ,AGT-0571,70.0,No,19.0
,2023-08-28,Pending,False,395.08,NEFT,OURGGBGO,AGT-3928,60.0,Yes,14.0
,2023-12-18,Late,False,1065.76,Cash,CIKPGBHI,AGT-2193,27.0,Yes,19.0
3da4ee28-ed62-4f15-829d-5f44ff254f2b,2024-04-09,Late,False,1326.89,UPI,JZZDGB4B,AGT-1652,80.0,Yes,59.0
ba39829e-44d7-463b-af55-58c4eda2025e,2024-08-16,Missed,True,1268.95,Cash,NRCPGB32,AGT-6461,24.0,No,21.0
decfb3f4-8847-48bd-8a2c-1a1863e7f559,2024-02-20,Pending,False,920.31,Credit Card,HXABGBM5,AGT-7832,34.0,Yes,38.0
,2023-11-25,Paid,,1892.05,UPI,FAKPGBR1,AGT-5950,7.0,No,35.0
0ccecda4-c683-4ae6-99b7-291f26a33090,2023-07-24,Paid,False,1075.97,,UZHYGBR2,AGT-7441,81.0,Yes,
daaacf02-bde7-4602-b0a2-14994b8a1845,2024-05-19,Pending,,1528.85,NEFT,YVBIGBT8,AGT-1067,,No,55.0
db2a3c93-12f0-4b3e-88b5-0ca1e6754a47,2024-07-13,Late,False,1911.93,Credit Card,GQHCGBNZ,AGT-7731,58.0,Yes,20.0
9d27b7a6-267a-4448-b06e-3bb9eed579ee,2024-03-17,Paid,False,1639.5,UPI,BVDPGBSK,AGT-2973,9.0,Yes,
cea299f9-06c5-4932-93a7-e2a5002158eb,2025-03-20,Paid,False,577.57,Cash,XSXGGBKD,AGT-4240,66.0,No,40.0
,2025-05-06,Pending,False,1064.61,NEFT,,AGT-1714,85.0,Yes,22.0
b4a5099b-86f4-40d4-88f0-04dfdf54d4cd,2024-12-03,Paid,False,643.96,UPI,GJCHGBTR,AGT-2560,67.0,No,55.0
86617fff-5cbf-445f-a4d9-a4224b55ac56,2024-02-18,Late,False,359.97,Cash,PLEAGBYL,AGT-3567,,No,33.0
,2024-11-14,,True,249.05,NEFT,NVRWGBD4,AGT-9632,50.0,Yes,48.0
f74c7ac7-7bd9-4701-a556-dea793266a92,2025-01-23,Missed,,155.51,Cash,UBDYGBHA,AGT-8234,30.0,Yes,59.0
4941b9cf-b301-4654-bbba-83cdaf76ba4f,2024-11-11,Paid,False,946.33,Cash,TPJQGBUZ,AGT-0049,74.0,No,48.0
1e79418b-7af3-4982-9c68-6d7536a18ba9,2023-09-09,Pending,False,330.14,Credit Card,BJNEGBGU,AGT-7814,21.0,No,22.0
5bf3ddb1-ecba-4941-8368-dd538790112e,2024-06-18,Late,False,1722.22,Cash,ISSNGBN2,AGT-5467,12.0,No,
a7ff6b96-2e50-4930-983f-4acfa95890fc,2024-01-05,,False,1526.4,Cash,,AGT-1509,43.0,Yes,25.0
ec876f72-33b5-40a6-b830-867f76b5ccc4,2025-04-09,Paid,False,777.06,UPI,LHWSGB42,AGT-2509,22.0,No,27.0
24ed459d-501d-4bee-8b74-19612c7749ad,2024-03-19,Late,False,1144.6,,UMDNGBGP,AGT-2984,21.0,No,9.0
6d73578c-f159-4b19-a0ae-d99d58f08637,2025-04-25,Paid,False,786.51,Credit Card,JXSQGB25,AGT-7724,,Yes,55.0
841876e5-425f-4bd9-9ccd-fc24ca8fad1d,2025-04-25,Paid,,648.05,Cash,PCRDGBFS,AGT-7270,57.0,Yes,15.0
1a28f821-f643-4ee2-8d9a-a09c48b4e4a3,2024-11-30,Paid,False,253.61,UPI,JVHCGB27,AGT-9900,21.0,Yes,22.0
39f1f4a3-2d34-46af-927b-54a25030f09b,2023-12-11,Pending,False,1746.01,Cash,GAWPGBJG,AGT-4654,8.0,Yes,42.0
1a4a5537-6ff9-4cae-a515-9d8856512bbf,2025-05-19,Missed,True,1037.93,UPI,ETCBGBRF,AGT-4644,52.0,Yes,2.0
8229bab9-2bd9-4521-b40e-2f6911f0225d,2023-08-18,,False,459.53,UPI,CSGLGBVG,AGT-9535,78.0,No,10.0
6fd83a9e-9ebe-4732-b09e-43f92395057d,2025-03-03,Missed,True,1691.19,Cash,XORSGB0K,AGT-9985,23.0,No,39.0
,2023-09-24,Pending,False,1102.62,UPI,VWVXGBCS,AGT-9061,61.0,No,4.0
9675ce99-962b-41db-b25c-aaf04136178f,2023-12-22,Pending,False,1869.16,Credit Card,SSIRGB22,AGT-2972,22.0,Yes,43.0
f3bdb7ea-4a03-44a6-a15a-09dd6ea7a508,2024-07-31,,False,559.46,,FTABGB4D,AGT-6713,,No,38.0
ddc8cd10-2372-4742-a148-5297c976f632,2024-06-14,Late,False,1000.24,UPI,WZCUGBX6,AGT-9396,82.0,Yes,30.0
28ab1d54-c281-4a59-a39e-106543e24919,2025-03-22,Pending,False,1699.71,NEFT,LTEFGBZW,AGT-8241,65.0,No,35.0
d28c2538-fffb-46f1-b4d1-45868a686149,2024-05-23,Late,False,603.84,NEFT,,AGT-2418,77.0,No,3.0
1a8eed12-5fd6-4c45-8235-22539d891a8a,2024-03-23,Late,False,1752.33,Cash,JKHMGBP4,AGT-8667,50.0,No,38.0
d8a4f3fa-336e-49fc-8b7f-a886ce481865,2025-05-14,Pending,False,1643.25,NEFT,CCIJGBVG,AGT-0342,64.0,Yes,30.0
8ff031a3-8ecd-4762-91dd-1eac698903e2,2025-06-29,Missed,True,1968.43,Credit Card,RWLWGBSZ,AGT-0837,9.0,Yes,32.0
f1366349-d603-4d4d-888d-0272bfa792d0,2025-07-04,Late,False,1155.85,Cash,QNSIGBYB,AGT-9317,15.0,No,13.0
32c44283-a4f2-4bec-a5e1-fcb170719a29,2023-12-22,Paid,False,720.57,Credit Card,DAVLGB3J,AGT-7557,,Yes,56.0
ac44909f-a015-49a8-8658-e739c4c2e003,2025-02-24,Pending,False,1825.21,Cash,VAYGGBW7,AGT-9712,47.0,Yes,45.0
cbf12ca9-a2fa-4d42-ad2a-3fde34895146,2025-05-16,Paid,False,1784.91,Cash,LMSKGBGP,AGT-5183,59.0,Yes,7.0
bcdb36f6-8965-4f2f-af71-c59e02dccf24,2024-11-24,Paid,False,1998.77,NEFT,IOSDGBT1,AGT-7114,86.0,No,15.0
b60180e5-0b60-4219-abea-6171e7450d80,2024-03-10,Paid,False,1622.27,NEFT,RUZDGB39,AGT-3967,25.0,No,39.0
cb85db42-725b-464c-8d81-021928690eaa,2024-03-04,,False,,Credit Card,HGKLGB2K,AGT-5868,16.0,No,42.0
6f2af839-97c6-41a5-b8f7-06cda5ce13e9,,Pending,False,1297.67,Credit Card,AYUPGB6Q,AGT-6279,50.0,Yes,25.0
9dcfa790-4a11-42b1-825d-492053149ccf,2024-11-20,,False,1603.57,Cash,YHAFGB04,AGT-8100,20.0,Yes,28.0
53a03c6b-b505-4d0d-963b-d460e4531bb1,2025-02-11,Pending,False,,NEFT,GDPYGBBE,AGT-0968,66.0,Yes,3.0
9fdfbf74-125c-43b8-ab09-53131ed0b8d8,2023-10-14,Pending,False,1281.72,Cash,DKKPGB9P,AGT-3722,84.0,No,33.0
,2024-08-04,Missed,True,,Cash,,AGT-8280,46.0,No,13.0
b5cbaccd-f68f-45e8-b550-8e387de3d333,2025-02-21,Pending,False,833.57,Credit Card,BWUIGBXT,AGT-8254,83.0,Yes,58.0
9d39e522-942f-483e-900e-9b26173cfb16,2024-01-27,Paid,,1386.19,Cash,HHMNGBGQ,AGT-0081,37.0,Yes,50.0
a9dc7741-d375-45db-8e0f-245920f47484,2023-08-26,Pending,False,1742.84,UPI,BAIQGB2U,AGT-3022,,No,11.0
94b7ef3d-2dff-4ac1-95d7-6f279d128437,2024-04-15,Late,False,307.94,Credit Card,YESTGBZE,AGT-9781,9.0,Yes,56.0
4276ae9b-48c1-48f3-9b27-d49a9616571b,2024-04-13,Late,False,1211.07,NEFT,KPGVGBSW,AGT-0208,15.0,No,24.0
4f87fcd6-9274-4a43-867c-efc3f2d245cf,2025-01-02,Late,False,496.0,Credit Card,,,33.0,Yes,14.0
0775916c-3a75-4cdb-b214-7e3365c42f0b,2025-06-27,Pending,False,513.86,Credit Card,OBGDGBJ0,AGT-2226,60.0,No,23.0
25b2a919-d5cd-44b6-935e-0ca07afca0dd,2023-07-21,Paid,False,1120.01,Cash,DTEXGBE8,AGT-0787,39.0,,19.0
e9c512c4-19fb-403b-b43e-81f3f25cb312,2023-12-02,Late,False,1260.42,Cash,EWJMGBWQ,AGT-2366,,Yes,12.0
e362d86f-6332-4cc8-bd71-837aa560b62c,2025-04-26,Missed,True,1305.84,NEFT,XHWYGBT6,AGT-1318,71.0,,46.0
fe8e1725-7cb8-4340-8440-96652d09349d,2023-12-22,Paid,,1736.12,NEFT,PXLTGBI1,AGT-8708,81.0,No,45.0
db64d4c8-444e-4b20-86bd-5d2b2902c761,2025-02-24,Paid,False,1936.02,Cash,WUIZGB4C,AGT-9681,20.0,Yes,21.0
1f150e3c-d05b-40dc-8291-5987a07bd63c,2024-08-03,Pending,False,1782.97,Cash,RQRRGBW9,AGT-4510,56.0,Yes,30.0
635c236c-3fa4-41c5-9e43-af616c3a1603,2025-03-19,Late,False,714.07,UPI,URUEGB9O,AGT-7915,20.0,No,
f6dd9004-fa7e-44c3-8683-e743671e964d,2024-01-31,Pending,False,283.6,Cash,EBFAGBEO,AGT-6180,39.0,No,5.0
2b3fc337-d4a5-47df-84d7-d6ca3a3536df,2024-07-06,Late,False,212.14,NEFT,KTLTGBKP,AGT-9783,,No,38.0
4d587ec6-6748-4d0a-9572-bdabf222e987,2024-11-05,Missed,True,1158.14,Credit Card,RXMWGBIY,AGT-3937,43.0,Yes,24.0
bc41dba2-027c-44f2-86ce-a8ce447ae970,2025-03-20,Paid,False,995.08,Cash,FTUGGBSK,AGT-4375,57.0,Yes,35.0
207e679f-b4b1-4c29-8a7f-df2d5870ef48,2025-04-19,Pending,False,753.92,NEFT,NZTRGB1Y,AGT-4624,45.0,No,28.0
d5298f50-b95c-4bc4-8daa-fc927658c9a3,,Missed,True,1194.3,Cash,GCMMGB5D,AGT-7716,79.0,Yes,24.0
226c3deb-f0db-483f-a607-e98227948ef2,2024-06-12,Late,False,644.01,UPI,EZJMGBJ3,AGT-2485,5.0,No,1.0
8e093cac-11b8-46a1-b178-85e006642af5,2024-12-11,Paid,False,305.28,UPI,XTVWGB3J,AGT-5718,29.0,,59.0
,2023-10-21,Paid,False,1249.98,Credit Card,OJTFGB7N,AGT-1532,36.0,No,30.0
7a3e9ff3-a03f-43e9-88c3-a0d2724821c7,2024-03-05,Paid,False,890.87,Credit Card,VJRBGB9V,,63.0,No,2.0
4cb6ef62-fafc-4869-99b7-6876569b70cb,2024-02-02,Missed,True,,Cash,MXGZGB9Y,AGT-7824,,Yes,58.0
3f29502f-22af-40c2-9b66-3c777670ff52,2024-03-24,Missed,True,1469.79,,FZMCGBHE,AGT-4544,27.0,Yes,53.0
3d442b43-2b0c-4265-adc0-d962f22dda47,2024-05-17,Paid,False,670.69,UPI,CBUKGBGU,,57.0,Yes,45.0
85e3a5ce-1303-4c26-936d-d1775178e65c,2025-05-23,Pending,False,,NEFT,DDAXGBJY,AGT-2726,70.0,Yes,52.0
d50c83e4-72cd-49c6-b6d8-8a76eaba8820,2024-12-29,Late,,198.66,NEFT,DTFAGB6R,,60.0,Yes,39.0
e117f5ea-7aa0-4e1e-9c3e-fbdaff348b8c,2023-08-26,Late,False,361.37,Credit Card,DQVCGB64,AGT-1996,45.0,Yes,40.0
03968a02-ea09-4e67-a338-1d1262f82fa6,2024-02-10,Missed,True,882.17,Credit Card,CWSZGBYQ,AGT-4027,48.0,No,17.0
96358606-0e17-4f94-95da-8536460dde7d,2024-01-21,Missed,True,957.54,UPI,SCJEGBAJ,AGT-0956,1.0,Yes,41.0
f4044b80-9a6d-4734-bbbe-19edfc63a4f4,2024-10-19,Late,False,1827.62,Credit Card,NIRXGB1L,,2.0,Yes,45.0
2d2d5acd-c115-46fb-90a5-735153c3f75e,2024-07-09,Late,False,850.35,Credit Card,FYDBGBAY,AGT-1378,84.0,No,36.0
eb09dc37-8a98-4889-982a-962603d79ef2,2023-10-24,Missed,True,,UPI,SCQCGBZD,AGT-0925,41.0,No,16.0
c7d90eb9-9634-437f-b1e8-51f79f194f0e,2023-11-18,Late,False,654.28,NEFT,TJYDGBX5,,53.0,No,8.0
67918348-391c-4cb9-9191-3c224afed166,2024-05-30,,True,1315.28,Credit Card,QULGGB95,AGT-6423,,No,32.0
cba6da54-f527-4f0d-8c36-02cffec8fbbc,2024-09-16,Paid,False,,NEFT,WAVNGBRG,AGT-7958,78.0,No,41.0
8ee5bbd6-2fbc-4f8a-b859-44d6874ccb2e,2024-09-29,Paid,,1270.65,Cash,AAPJGBUD,AGT-4218,44.0,Yes,12.0
fe33b05e-d946-4136-bdcd-c78f3c9e8ade,2025-01-07,Pending,False,404.87,NEFT,MGQDGBD0,AGT-6023,58.0,Yes,56.0
2adf7fbe-43a1-40a6-ac47-fa40bf76a81b,2024-08-10,Missed,,1985.77,NEFT,THAPGB36,AGT-6128,78.0,,54.0
a2ab5184-777c-4ed3-9f11-f93029e8a64c,2024-09-27,Paid,False,,Cash,BSLXGB1J,AGT-0885,43.0,No,25.0
67060d21-c022-4df4-b4f3-f459fe03ab67,2025-01-21,Paid,False,1730.49,Credit Card,WTQWGBU0,AGT-9011,74.0,Yes,
f2c2bb3a-5bb5-4a5e-a7fe-0f86b9d2d7cd,2024-12-04,Paid,False,1098.87,UPI,KYLGGB1B,AGT-3795,56.0,Yes,48.0
3d8258c0-044f-4000-bfad-27f05c31a36f,,Paid,False,1468.12,Cash,KSKKGB55,AGT-9156,9.0,No,38.0
e2990358-2a93-4389-8710-455321e3e995,2023-11-15,Late,False,733.41,Cash,TNZQGB1P,AGT-9972,28.0,Yes,6.0
1f18ce72-80ea-4214-a5b2-8c5a71795451,2025-04-03,Late,False,273.38,Credit Card,,AGT-0355,25.0,No,6.0
9c92b080-341b-4224-8a2d-ea77d4ed2c9e,2024-04-13,Late,False,1952.53,,WZMUGB5I,AGT-2466,57.0,No,39.0
f6b8250e-b2ab-4616-8352-44e609f9c458,2025-03-20,Late,False,,NEFT,GQMMGBR8,AGT-6390,42.0,Yes,44.0
46d5ac80-8e5d-471c-8b5b-2456b93d67ce,2025-01-07,Paid,False,1670.16,NEFT,XEECGBAC,AGT-0137,37.0,Yes,41.0
308ea98c-dc91-43f9-bbea-da56ab25f30a,2025-01-08,Missed,True,1704.92,UPI,MZOLGBHT,AGT-0672,11.0,,20.0
bd9953c4-3436-4290-8240-c93017361531,,,False,1296.78,NEFT,YIDTGBFP,AGT-4664,72.0,Yes,33.0
,2024-01-10,Paid,False,811.84,NEFT,SDIBGBRI,AGT-5198,18.0,No,11.0
87bbee82-4c03-4f53-b928-c5d945e9be39,2024-05-19,Paid,False,1982.9,Credit Card,QGIPGBRE,AGT-2106,37.0,Yes,30.0
5a6e5c88-0029-4360-a456-23c492e221d1,2024-04-22,Missed,True,320.8,Credit Card,QRPXGBDX,AGT-5413,10.0,No,39.0
784e0fc7-076a-4276-a2a5-7c61f06e86bf,2024-01-04,Pending,False,1387.23,NEFT,YAXFGBVO,,14.0,Yes,51.0
1842f0ad-eb26-499c-9e4e-219b5f2248da,2023-09-28,,False,1090.76,UPI,RXBWGBV8,AGT-8372,28.0,Yes,25.0
17c14d82-2f72-4284-9d77-2f541c7f0e9e,2025-01-12,Paid,False,1318.45,Cash,ECCYGBDH,AGT-3930,12.0,Yes,21.0
15567425-799c-4248-90fd-6b0b0997498e,2024-03-18,Pending,False,152.14,UPI,ZRQWGBWL,AGT-4897,51.0,Yes,43.0
36a1e3ca-16a0-440b-8d80-b303c45e5f45,,Missed,True,220.46,NEFT,CXVQGBGS,AGT-1283,54.0,No,
5d2680d7-3025-4484-966b-1ff354efa469,2024-03-08,Missed,,1300.35,Cash,AZJCGBAM,AGT-2217,15.0,No,
c698d363-4b81-40dd-8bb0-d51c9edff2b1,2025-02-26,Paid,False,,UPI,MRCFGB66,AGT-3469,51.0,No,52.0
d467f19d-f70a-4210-9c0d-a0f703d12a0b,2024-09-25,Pending,False,660.07,Credit Card,VILWGB4L,AGT-8473,,Yes,46.0
0a736746-da08-4032-ae9a-e7d768b19f55,2025-06-14,Pending,False,549.98,Cash,OCCHGBW9,AGT-8719,13.0,Yes,10.0
50a02707-bb41-4eb3-99bc-3676e810d0d5,2024-03-20,Pending,False,1046.54,NEFT,XQTVGBXX,AGT-7008,8.0,Yes,1.0
06bde013-38c5-462e-b395-7e7ef1c8f545,2023-08-13,,,1633.34,Credit Card,LPFFGBQV,AGT-2364,10.0,No,46.0
b76652f0-d4d2-4033-b2a2-9af32f92d4fd,2023-11-12,Paid,False,317.23,NEFT,YNVUGBWJ,AGT-8587,19.0,,39.0
d70f8bf3-bb25-49ee-9f7d-aad2f7bef52a,2024-07-15,Pending,False,921.43,NEFT,JPNRGB1H,AGT-8762,5.0,No,19.0
5e1d5f99-3661-42c5-9390-d1953c697960,2025-03-09,Pending,False,712.52,Credit Card,BEJVGBEE,AGT-3284,47.0,Yes,33.0
b238e129-f907-414d-ad42-ec6b58c7527c,2025-06-06,Paid,False,1725.72,UPI,SMCAGBGS,AGT-7384,11.0,Yes,50.0
65b99626-5a83-4a4f-a9f7-964ff9d30d2a,2023-12-18,Pending,False,540.93,Cash,KAUNGBNL,AGT-5971,22.0,Yes,29.0
c146fea0-d918-4ae5-983a-61d002dd681d,2023-08-17,Missed,True,1883.18,NEFT,JTXKGB5N,AGT-3259,15.0,Yes,17.0
9f1c370e-5a41-4868-9f7d-6024d521c5c9,2023-07-22,Pending,False,473.99,Cash,KVHIGB3O,AGT-6285,64.0,,25.0
f9b0e889-329f-4701-b004-9424802ea3b4,2024-02-06,Pending,False,208.03,NEFT,ZFWJGBI2,AGT-2586,2.0,No,34.0
83f65a23-546a-4651-b9f7-d228c271a147,2024-06-29,Paid,False,497.47,NEFT,FYWGGBNB,AGT-4675,28.0,Yes,6.0
c0436cf6-ab4c-48d6-b833-81ddb5f1cbb3,2023-12-22,Paid,False,,Cash,,AGT-8668,85.0,No,16.0
f1a8a5d3-03bb-4aba-9d88-5e57e43733b4,2025-05-21,Missed,True,1529.15,UPI,FVFDGBFB,AGT-0790,,Yes,10.0
4dc8eff3-9458-4aaf-a76e-daa98b746e6c,2024-07-24,Missed,True,950.41,,TMYYGBR1,AGT-2604,53.0,Yes,45.0
b0405770-ab33-43f9-a34a-eb283e860085,2023-10-06,Pending,False,257.86,Cash,PMYOGBMN,AGT-6393,79.0,Yes,38.0
a42d3f96-e8c9-497d-82a6-070b801f21a4,2024-03-12,Late,False,109.98,UPI,DFRCGB2R,AGT-3840,83.0,Yes,38.0
f1d52997-4a09-4bd6-a11c-9c17f7784642,2025-05-26,Missed,True,,Cash,CIAUGBGC,AGT-9625,29.0,No,13.0
cbbc99ce-de81-446b-b9e5-f0c37fa861d3,2024-12-18,Pending,False,1424.88,NEFT,BSINGB6L,AGT-7080,3.0,Yes,31.0
e6dd1555-128d-41f0-a09a-069a17fcc461,,Pending,False,760.28,UPI,XXCKGBQL,AGT-4544,39.0,Yes,37.0
0f4895fa-241c-471a-92ab-5d4b3ba1ad1e,2024-06-16,Paid,False,359.61,Cash,NSIJGB5X,AGT-0318,54.0,No,3.0
9d5aa36e-bed4-4d4f-8b9c-eb62cd9b1509,2024-12-07,Missed,True,,Cash,EQSFGBIZ,,11.0,Yes,10.0
f6fdfdeb-1574-4609-b3a8-0d4500bb1f70,2024-09-16,Pending,False,1231.55,NEFT,ZXOWGBFK,AGT-3756,40.0,,57.0
308ba067-2dae-4a51-90c9-599ca3a2662d,2025-05-27,Paid,,1535.62,Cash,AJAGGBJP,AGT-8199,11.0,Yes,13.0
21b3b23f-8f27-4f26-9206-6217b9db8d0b,2024-10-22,Paid,False,725.96,UPI,IIRSGB98,AGT-5326,23.0,No,37.0
fb5941db-7427-4431-970c-6c3356504f4e,2023-07-27,,False,471.98,Credit Card,XYENGB01,AGT-5568,57.0,No,16.0
56113dfa-8c29-4ba2-b7c3-795cf6837e33,2024-06-28,,False,495.21,NEFT,EKWIGB9Y,AGT-9506,25.0,Yes,34.0
2bdb9f82-5765-4e71-8411-1e49e4875286,2025-01-18,Paid,False,1600.65,Credit Card,OIKRGB6Y,AGT-2252,78.0,No,13.0
d0aa3b0d-2ad8-48e4-9292-90bb58400db1,2024-06-15,Pending,False,791.08,NEFT,KFJZGB41,AGT-8230,45.0,No,33.0
40b2b848-a609-4315-8728-f7555ec42f8b,2025-05-04,Late,False,818.63,NEFT,UCTRGB53,AGT-7566,34.0,No,54.0
70043169-1e06-4032-90f0-6529b345eeda,2024-07-30,Paid,False,325.45,Cash,PBNOGBS1,AGT-0808,89.0,Yes,59.0
a872ad31-1ced-42be-bb61-06ef953fe408,2025-07-09,Missed,True,1938.51,Cash,VGSOGBQL,AGT-8649,76.0,Yes,43.0
8e3ae9c2-e154-45b5-b882-ff6e780bc28a,2025-02-16,Paid,False,513.65,NEFT,GJKEGBD8,AGT-7319,75.0,Yes,
93fca881-434d-4cf2-b85d-f4e36e114261,2025-03-14,Paid,False,871.83,Credit Card,JZCJGBEI,AGT-1452,55.0,No,13.0
4f23d32a-403b-46db-bdca-d9d7a716add3,2025-02-04,Late,False,1932.1,UPI,HSZIGBJ8,AGT-2822,44.0,No,30.0
1a7ba8e6-bdda-471b-9ab7-4eeb1c698295,2024-10-31,Paid,False,421.05,,CSJRGB71,AGT-5263,29.0,No,8.0
209dcf66-6544-4359-9e13-27749db21570,2024-12-30,Pending,False,502.56,Credit Card,ZWSUGBP4,AGT-6392,47.0,Yes,47.0
a17bfef3-cef1-414e-9a54-69f6afce7f3d,2024-10-05,Missed,True,1900.36,Cash,OHOLGBQS,AGT-3748,87.0,Yes,
0d811070-e0a3-4b4b-b777-4aaec8ae1291,2024-04-23,Pending,False,1919.53,Credit Card,QZQKGBJR,AGT-9316,15.0,No,23.0
85fba7ab-53a6-4512-8f8d-b349e6f59bb0,2024-04-28,Late,False,1525.78,Credit Card,AGNGGBLZ,AGT-6596,25.0,No,22.0
06f26197-e8e6-4e0f-ae55-7593d542149b,2024-11-08,Pending,False,710.16,Cash,ZXTMGB1B,AGT-2618,88.0,Yes,16.0
120537e7-7e64-438d-9b09-9176800f5743,2023-08-15,Missed,True,1546.28,NEFT,FVJLGBKP,,2.0,No,
e7dcb1d4-de90-4df4-b775-f4b9f40fa908,2024-09-06,,False,1524.07,Cash,YEOUGBIQ,,84.0,No,
09fe2c0e-b34f-4aa9-9b98-ac781312075d,2025-03-27,Paid,False,1981.7,UPI,WMFWGBC7,AGT-2991,74.0,,
b587c315-a573-40a3-a001-ecf29b2d3057,2025-03-27,Missed,True,974.27,Credit Card,CVOIGB6D,AGT-4051,6.0,No,10.0
5f965894-4592-442a-ba6f-31d88e80cd32,2024-11-25,Late,False,1585.31,,AORVGBJU,AGT-6063,37.0,No,21.0
362305c8-a53b-42a3-8345-6349fc0404f9,2023-08-29,Paid,False,296.97,NEFT,YXLHGBU4,AGT-9452,82.0,Yes,45.0
30c7b23d-f63f-4f80-8c36-88518dd34a80,2023-11-23,Pending,False,859.38,Cash,FNEUGBWT,AGT-7607,40.0,No,40.0
e3c57566-acae-43da-b143-88e64de25ed2,2024-06-03,Pending,False,269.96,NEFT,,AGT-3592,36.0,No,23.0
60b6a3f9-dc2e-4571-95c2-7aeb57865897,2025-02-23,Missed,True,1792.85,NEFT,YNXYGB2L,AGT-1784,31.0,Yes,21.0
971b2f1d-0d7f-49ab-9946-811337cc949c,2024-02-10,Paid,False,789.39,Cash,GHVUGBNQ,AGT-8098,15.0,No,29.0
7a4ac618-e3eb-4bc7-b18f-3531aa99cd3d,2023-10-19,Pending,False,1127.89,Credit Card,YJQKGBU4,AGT-8951,4.0,Yes,16.0
4126268b-3d87-4056-8bcf-ac9d1c53f3ba,2023-11-27,Late,False,1956.5,NEFT,HYXLGBNL,AGT-8707,67.0,Yes,44.0
d02e8691-23b4-424d-9006-e7387aad18b3,2024-01-25,,False,615.13,UPI,WLHAGB91,AGT-1880,39.0,Yes,9.0
ed837200-8b71-46a9-bc85-498b1a7cd1ab,2024-11-25,Missed,True,990.93,Credit Card,JTQBGBT1,AGT-0033,31.0,Yes,10.0
b34d15b7-02e0-4816-b3ac-b78ffe1afc80,2023-09-20,Paid,False,524.52,Credit Card,KDYHGBG9,AGT-1321,77.0,Yes,
2cd67167-1ec7-4e2b-831e-8012e3d77d91,2023-11-07,Missed,True,1376.84,Credit Card,MWPZGBEY,AGT-6405,5.0,No,57.0
e09bf923-91aa-4407-8ef1-be884487f777,2024-09-07,Paid,,887.99,Credit Card,WOIWGB92,AGT-7594,36.0,,56.0
695b8d7f-1d24-4f58-b4ae-40525c9d46ed,2024-07-18,Pending,False,460.87,UPI,VJHRGBVS,AGT-5332,49.0,Yes,28.0
5aa187d0-49b5-4cbe-82d7-112158079a1a,2024-08-25,Pending,False,1493.35,UPI,JEEEGBYE,,,,12.0
5e1ffeaa-711c-4703-997f-654d68c6a3b4,2024-09-07,Pending,False,1978.18,NEFT,VNYMGB6S,AGT-3950,89.0,No,25.0
4ee81224-4fa2-426f-b9d8-40845bdd7f68,2023-09-11,Paid,False,1357.46,UPI,GJVJGBXQ,AGT-6778,13.0,No,47.0
4f29911c-2304-4cde-bb82-b5891a185e6d,2025-06-06,Late,False,1069.03,Credit Card,HCEEGBHJ,AGT-0867,86.0,No,52.0
65db61e4-a349-4b87-bb66-c482f5b55424,2025-03-20,Missed,True,935.08,,SQJXGBBN,AGT-4219,18.0,Yes,54.0
bfbb83ad-d699-4928-be0b-13dd02f1bf58,2024-09-22,Pending,False,182.4,Cash,WPKLGB27,AGT-7612,,Yes,57.0
8d034860-a1a0-4103-bfaa-68ee4a68a301,2024-07-01,Paid,False,1586.66,,JTCYGBT0,AGT-9540,27.0,No,37.0
68385cd0-3558-45ba-a8f6-3f33e04978f3,2024-01-25,Missed,True,470.29,Credit Card,YZWMGBQS,AGT-6303,63.0,Yes,5.0
342c401f-524c-4c23-a33d-a4b4efbdb4f1,2025-03-02,Pending,False,788.18,UPI,WTCFGB2S,AGT-6917,,Yes,1.0
b4dd251f-2d7a-4974-88fc-96e65b198867,2024-11-18,Pending,False,1562.31,Cash,PXVTGB7W,AGT-5796,21.0,No,56.0
0261f439-00a6-4daf-89ea-593c13560b3d,2024-03-20,Late,False,440.63,Credit Card,DILNGBS5,AGT-4065,7.0,No,44.0
b7fdb295-647d-45ce-a92d-419aacead95c,2024-02-12,Paid,False,1739.06,Cash,CLSGGBVM,AGT-3621,49.0,Yes,33.0
beba2574-cfec-4a28-9b90-a37422b27813,2024-12-23,Pending,False,252.07,Cash,KIUWGBKP,AGT-7244,58.0,Yes,14.0
bdfd9e12-2ad1-447b-8dfc-aa865eb0f923,2025-03-19,Pending,False,790.4,UPI,TGBTGBMO,AGT-9052,22.0,No,51.0
3606560e-8378-4aa2-a38e-868544afcf5d,2024-12-18,Late,False,1590.05,UPI,CGRJGBFD,AGT-6942,4.0,No,2.0
d87915a0-7dfd-4729-a414-5760c4ed633f,,Paid,False,924.4,UPI,JXYTGBZ9,AGT-3126,39.0,Yes,16.0
821c22fe-aa59-4ee1-924c-aab20b82e28b,2025-05-01,Late,False,1044.9,UPI,OUKAGBKI,AGT-1130,89.0,Yes,25.0
e7af98f6-dd89-4a64-8e8c-c494713b2adb,2025-06-15,Paid,False,1939.85,Credit Card,LLZYGB4P,AGT-8493,,Yes,25.0
f88574f1-0253-49a7-a8de-a96243f982ad,2024-10-13,Missed,True,1172.18,Cash,YOLGGBXF,AGT-4465,10.0,Yes,50.0
2af50b0d-a1fc-462b-b216-64b455aba0cf,2024-06-25,Missed,True,1011.34,Cash,DTKBGBYK,AGT-3629,12.0,No,56.0
cefa8a8f-f3ba-4c80-a3df-c10b6c511e5a,2024-06-27,Paid,False,1567.07,UPI,SPNQGBQJ,AGT-0270,73.0,Yes,26.0
1a849818-5ae3-4c64-9ae9-2c30fc9d9614,2023-12-30,Missed,True,1817.76,NEFT,WZHGGBMX,AGT-1274,28.0,Yes,43.0
0929670c-860e-4bd2-b2b8-d53ba17fd6f8,2024-05-09,Paid,False,1015.66,NEFT,AIJMGBNG,,21.0,Yes,1.0
99d62e93-48e2-4a90-b2bf-97329ed4d97b,2024-01-06,Paid,False,543.38,Credit Card,KMRLGB6D,AGT-4881,36.0,Yes,38.0
e84d2ff8-c61d-4ed6-805a-865a56cd4d5f,2023-11-13,Missed,True,688.39,NEFT,HNCEGB7F,AGT-9343,26.0,Yes,46.0
3b048b0d-0b6a-44ff-9339-e68759e1586c,2023-11-21,Pending,False,1482.06,UPI,ERNEGBBK,AGT-4675,62.0,No,34.0
4bd232d7-d5f5-4ad4-b44c-1738d3908281,2023-12-27,,True,1397.33,Credit Card,VBZTGBRI,AGT-3375,72.0,Yes,29.0
77f314bf-3ec9-4082-b3a2-f83ada5e8ea8,2025-02-09,Missed,True,1182.86,,SODSGBXN,AGT-4113,36.0,Yes,27.0
ee132e7b-8a8b-4d95-9465-7aa2cc162724,,Missed,True,1931.4,UPI,NHMMGBOO,AGT-8072,46.0,Yes,31.0
d97d5e00-26b8-4865-a684-5336b25bf0aa,2024-05-17,Missed,True,1029.33,NEFT,TAPJGBJH,AGT-3920,36.0,Yes,53.0
fb573641-960b-4362-929d-fc93ad76a70f,2024-06-27,Late,False,1166.44,NEFT,VNLEGB6U,AGT-4018,63.0,Yes,39.0
391ca784-c201-4eca-a9ca-7980b27abbd6,2024-09-09,Missed,True,1013.76,Cash,KMSJGBDK,AGT-4622,78.0,Yes,12.0
,2024-04-21,,False,,Credit Card,,AGT-4073,59.0,Yes,36.0
5137ae46-21c7-465d-929d-4181bb41cf32,2024-03-17,Missed,True,214.95,Cash,YXQMGBBK,AGT-9743,51.0,Yes,16.0
d879454c-b4f1-488b-b567-35a2b9c8bfa5,2024-11-09,Pending,False,1583.22,Cash,ZSSKGBGK,AGT-0977,36.0,No,41.0
c6c9970f-f79e-4870-a34c-641f70d5a1f4,2024-09-06,Paid,,173.99,UPI,ULQRGB4U,AGT-9600,55.0,,55.0
946ad201-1a08-4945-b48a-8e05b18051d0,2024-09-03,Late,False,128.17,NEFT,GCXNGBU4,AGT-0327,88.0,No,4.0
e8a1594c-b3d5-420b-b89b-afdeae1490eb,2024-12-30,Pending,False,1774.28,Credit Card,BGQNGBEV,AGT-7473,45.0,Yes,36.0
6b1f63e9-51cf-43cd-8280-17f22ad7ffc7,2023-09-30,Missed,True,330.45,UPI,SBTHGB07,AGT-2792,41.0,Yes,6.0
bcf886ec-6a32-4435-8fa2-35bfe4dbbe9c,2025-02-02,Pending,False,1738.61,Credit Card,BQVDGBCX,AGT-9716,81.0,Yes,58.0
b88d5213-ce1a-4cc0-8b4d-05c2364da86c,2024-07-03,Late,False,851.87,,VFFAGBZ4,AGT-1270,37.0,Yes,35.0
8ba075f6-e562-417c-9397-1b9edf155445,2024-12-17,Missed,,1866.06,UPI,MMOWGBVS,AGT-5811,27.0,Yes,27.0
bdee969b-92e7-404c-9c94-157ab0287f03,2024-10-08,Pending,False,1644.33,NEFT,,AGT-0849,,No,33.0
8f7f9436-bb53-40f6-be60-9cd3d98cfc20,2024-10-06,Missed,True,1916.55,Credit Card,YBMLGBFG,AGT-7575,32.0,Yes,39.0
05ac0e4b-3732-4e05-a0ba-7477467b017d,2024-04-01,Late,False,1005.55,NEFT,OJVVGBXS,AGT-3079,49.0,Yes,15.0
d87e1757-e35a-4193-ad24-67788d640614,,Pending,False,1425.6,,YCLBGBE2,AGT-7447,,No,26.0
e5ecd53a-5b94-4657-bbee-3bbaec636cf4,,Missed,True,659.01,,SMWNGBG2,AGT-8910,34.0,No,54.0
053e576c-7214-400c-8f2b-dc02cb520ffb,2024-12-03,Paid,False,1507.92,UPI,,AGT-8832,21.0,Yes,39.0
e7cfd753-dfb5-4e2f-9d30-73194ecde311,,Pending,False,1388.84,Cash,SCQNGB23,,57.0,Yes,37.0
2c21a08c-3400-4914-833c-8cf00f0d5028,2024-09-20,Late,False,428.39,Credit Card,ODLHGB33,AGT-6042,13.0,No,8.0
da8aea74-e762-4041-ab37-4e10bdfe49f2,2025-05-17,,True,,NEFT,YWFIGB17,AGT-5431,87.0,Yes,1.0
,2024-03-08,Pending,False,1812.07,Cash,RJIIGBPT,AGT-4178,1.0,Yes,
964aa0a8-338a-435a-83ec-f364c8c23ec0,2024-05-21,Paid,False,,NEFT,IOBWGBQG,AGT-5632,9.0,No,29.0
0705f0f7-7933-4425-99d1-010300096472,2025-04-07,Missed,True,428.77,NEFT,BUXHGBNQ,AGT-4729,63.0,No,41.0
9756881b-2d17-40d9-bc61-e5542e837746,2023-10-15,Paid,False,1048.77,Credit Card,YHBOGBNF,AGT-5180,67.0,No,24.0
9ec0ed9d-fa27-4c04-a8a8-e43bef3f7e28,2025-04-08,Late,False,1618.47,Cash,ICKDGBCL,,56.0,No,51.0
99917ed7-0d7a-45e2-9f5c-e8890d72c321,,Missed,True,118.53,Cash,CQWBGBE6,AGT-6365,51.0,No,14.0
8fa4f546-e118-4c7a-abf6-5e0d71ad6181,2024-04-17,Late,False,1088.35,UPI,DJCRGB6M,AGT-0104,67.0,,3.0
238d091f-e238-413a-99e2-9205bb08826b,2024-09-27,Missed,True,1335.8,NEFT,ESBKGBDA,AGT-7715,62.0,No,39.0
abf7c9a8-c32c-43d2-b4b7-b1697ab4697a,,Pending,False,1448.81,UPI,SLIAGBOR,AGT-0398,24.0,No,45.0
ca9218f4-4afe-406d-b8b7-e34c9d2e84fe,2024-03-10,Missed,True,1091.12,Cash,XMNXGBUI,AGT-9173,45.0,Yes,25.0
74db061f-d0b3-4928-a664-b7b7354c81b2,2024-04-15,Missed,True,419.02,UPI,HLIBGBXP,AGT-9398,4.0,Yes,38.0
685f3021-3162-4671-bff0-d0b6d91eebe9,2024-07-29,Pending,False,825.42,NEFT,,AGT-2982,68.0,Yes,33.0
e7d3f149-8440-40ce-ba6d-6903effa969e,2025-03-14,Late,False,436.62,Cash,JCYUGBSV,AGT-0967,36.0,No,15.0
9658441d-7105-4e4a-a858-d699a7e0a94b,2024-03-11,Missed,,1185.91,UPI,AMAFGBFW,AGT-4322,,,20.0
af445430-f37f-49e3-9e2e-a2ed0745822c,2023-10-16,Late,False,200.89,NEFT,NJSQGB8Y,AGT-2296,48.0,No,47.0
06f441eb-6ca2-4c92-af7b-9df877f7a846,2023-12-03,,True,1916.09,UPI,CPAVGBLO,AGT-3037,80.0,No,4.0
e7ca50e7-f19b-4363-9034-1b0453aa1aca,2024-02-18,Missed,True,848.57,Credit Card,OQJBGBYM,AGT-2738,8.0,No,42.0
2f73d7ca-0396-4015-8c14-681063fe3f7f,,Missed,True,282.76,UPI,IVIEGBSO,AGT-7240,45.0,No,41.0
d755c62d-af70-4f9d-af68-65d8fb5c2ffd,2024-05-18,Pending,,1875.21,UPI,ZOMYGBPW,AGT-3966,22.0,Yes,1.0
c0d0e95b-d825-4445-a35b-f253b99d137f,2025-06-29,Paid,False,600.91,Credit Card,RNCXGB0B,AGT-7872,46.0,No,49.0
83425419-a3a6-4887-84b5-01c693a4cd10,2023-12-08,Missed,True,1911.75,Cash,,AGT-7816,48.0,No,16.0
,2025-01-31,Paid,False,1469.36,UPI,QXXCGB2O,AGT-2543,84.0,Yes,11.0
83b54bca-e99d-45fb-bede-8519b1407109,2024-07-04,Missed,True,1172.95,UPI,WTHTGBHH,AGT-3937,52.0,Yes,31.0
f56dd4a5-0771-49d8-a6c3-3f1e113b5985,2023-12-03,Pending,False,292.61,Credit Card,AQPAGBF3,AGT-3064,,No,
74a54551-f1a9-455d-acef-5d9e2effb1b6,2023-12-21,Late,False,1277.23,UPI,MOADGBTG,AGT-1565,12.0,Yes,41.0
,2024-12-23,Pending,False,1995.18,UPI,TRGLGBXD,AGT-3898,11.0,No,8.0
e3a68860-590e-48dc-8047-15efc7d22e77,2025-07-16,Pending,False,1805.73,UPI,SOANGBHR,AGT-2491,57.0,Yes,9.0
79c265dd-c693-40a7-8fc0-b0c60dbdecbb,2024-06-17,Pending,False,728.31,,UEKJGB4K,AGT-1760,88.0,Yes,31.0
,2025-06-23,Missed,True,1899.24,NEFT,SQNIGB8M,AGT-5111,42.0,Yes,
053c451e-07ba-4a2f-801a-020e5a8d2c08,2024-05-27,Paid,False,1129.58,UPI,XLOCGBWS,AGT-4960,49.0,Yes,21.0
,2024-08-27,Missed,True,187.98,UPI,IYWSGB74,AGT-9281,70.0,Yes,2.0
85e1d5e4-9609-4a85-92ae-83477b3ffa3a,2024-05-31,Paid,,947.53,UPI,XGKEGBJ0,AGT-8300,64.0,Yes,44.0
86d8d344-1709-41fb-b343-81f4390e7b68,2025-05-28,Paid,False,813.38,NEFT,IEKOGB3B,AGT-1267,66.0,Yes,37.0
91ec25a9-b976-4df9-bd54-894022eeb446,2023-09-22,Paid,False,1560.45,UPI,NUIPGBUA,AGT-3798,13.0,Yes,49.0
f51c65e0-cc64-4e74-8779-28c14618057f,2025-01-15,Pending,False,373.03,UPI,LTQZGBN5,AGT-9671,55.0,No,55.0
8c678e95-64b8-47e6-8ff3-d77e61dfef7e,2023-10-19,Paid,False,821.76,Cash,KVHIGBA0,AGT-0599,87.0,Yes,6.0
821c7431-8328-4664-a69e-28bf32188a80,2024-06-12,Pending,False,1769.39,NEFT,TIPKGBSW,AGT-5423,12.0,No,8.0
87cd91f6-829c-4f47-901d-aea390eaf890,2024-04-28,Late,False,649.92,Cash,PADDGBZL,AGT-6581,64.0,Yes,11.0
39913619-f9ac-42c6-8a48-4a53a5c94e97,2024-01-17,Paid,False,578.78,Credit Card,,AGT-6535,0.0,Yes,2.0
998802c8-1232-4648-865b-8db748cd2bf8,2023-09-21,Late,False,154.45,NEFT,DOZMGBG9,AGT-3223,19.0,No,27.0
a49668d2-822a-4476-99c0-865ed7d1495c,2025-03-17,Late,False,1510.75,Cash,SIGMGB2I,AGT-6463,63.0,Yes,22.0
198ad631-76ce-434d-834c-3bcdf9ae64ca,2025-03-31,Pending,False,1601.55,UPI,NYEEGBRO,AGT-1344,69.0,No,54.0
,2023-11-13,Paid,False,1500.2,Cash,BGAVGBET,AGT-1595,86.0,No,2.0
f5d07029-355c-42da-8b3c-a65883060180,2025-02-27,Missed,True,1251.67,,JPEWGB5Q,AGT-8011,82.0,Yes,13.0
eae5b82d-21c5-4d35-bc51-5b14a315166d,2024-09-07,Late,False,1450.13,NEFT,BWBLGBVK,AGT-1572,12.0,Yes,3.0
e220c2f1-23ce-4b53-9ca9-77f84b7caee7,2024-02-07,Missed,True,725.96,Credit Card,DXVEGBV9,AGT-3855,70.0,,5.0
652eb564-8bc4-434b-acc1-5e38923f5bb1,2024-09-10,Late,False,447.47,Credit Card,VWOWGBGE,AGT-0863,84.0,No,27.0
e54ae151-bd96-48ce-8ed9-c40627a34fe7,2023-09-07,Late,False,764.4,Cash,CVSNGB9P,AGT-4163,19.0,No,9.0
,2025-01-15,Missed,True,,NEFT,TSOEGBRI,AGT-0266,12.0,No,6.0
34b5a425-f1f7-4f8a-ae2f-4daf28252f93,2025-01-07,Missed,True,1378.47,Cash,FNFHGB4B,AGT-6124,13.0,,5.0
204bceb4-ca5d-49f6-ae7c-26e9c361bdbb,2024-11-03,Pending,False,,UPI,NWKVGB1X,AGT-8503,54.0,No,45.0
6b013a02-bb3a-4396-9ffa-0acae505eb16,2025-01-30,Pending,False,989.86,NEFT,ZXDNGBEH,AGT-6713,59.0,No,49.0
89f30522-495f-40fa-809d-81f7b78dd6dc,2025-06-18,Late,False,473.23,NEFT,QIVLGBOJ,AGT-8243,60.0,Yes,11.0
f05f9e12-a06c-44df-ba1a-fc47548d0e48,2024-11-02,Paid,False,929.34,UPI,WPYXGBNY,AGT-4644,71.0,Yes,19.0
ecb6ce14-d224-422f-8ffb-60559838ea03,2024-07-22,Paid,False,986.32,,SNOZGBJL,AGT-2496,,,6.0
98532b81-6cc0-43a1-8048-0634d5beb6b2,2024-09-20,Paid,False,740.17,UPI,YTUTGBMS,AGT-8169,23.0,Yes,48.0
787c5687-7934-4d09-9c6f-3be5b546b00b,2025-03-06,Pending,False,1240.92,UPI,PGGYGBHS,AGT-0496,31.0,No,8.0
8c3d989e-ab35-4b70-b913-4f74bacc4fda,2023-09-03,Paid,False,1203.12,,BUPYGBFS,AGT-8119,73.0,No,24.0
eb79ea25-4d3e-4dca-86cb-cad01857a77a,,Paid,False,834.98,Cash,RXYWGBRV,AGT-5679,16.0,Yes,34.0
5fe50fac-d5df-4297-be29-cff93cc9ed64,2024-04-04,Paid,False,294.42,NEFT,MOBEGBJJ,AGT-7207,53.0,No,4.0
3d172242-e121-4fa7-9f6b-1cfa4bd4a32d,2024-05-20,,False,952.73,NEFT,GLBJGBDZ,,83.0,No,19.0
3e2cc408-113b-46b8-a877-47baa9c7e76c,2025-02-26,Paid,False,650.66,UPI,VLSVGB0Z,AGT-4309,74.0,No,47.0
5ce08be4-d480-48c7-bfb3-0c1f90f8c348,2024-03-29,Late,False,1869.03,NEFT,LRNSGBU9,AGT-2420,5.0,Yes,14.0
b90b04d8-3c2f-4321-969e-f682b0e53d84,2024-04-17,Missed,True,,Cash,IJKTGBAW,AGT-5084,0.0,No,33.0
af460045-b612-4a4e-96b0-80b40fbda8a4,2024-06-16,Late,False,1456.27,UPI,SWONGBXY,AGT-5199,41.0,No,27.0
f14d7da7-9a86-4a36-9930-8f19d4445e45,2023-10-26,Paid,False,470.86,UPI,VCGSGBYO,AGT-1020,47.0,Yes,16.0
1fd1ed08-0640-4f71-971b-3d50e3ba444c,2023-08-02,Late,False,864.66,NEFT,DUDUGB6U,AGT-7996,9.0,Yes,33.0
d4578fcb-a4dc-488d-b84a-a2a8f76460f5,2024-12-10,Late,False,1522.07,UPI,KFBFGB3T,AGT-4363,37.0,No,57.0
9b589312-1702-404b-ade1-1ce915cf171b,2025-06-09,Pending,False,1067.41,NEFT,POMWGBQH,AGT-4483,28.0,Yes,55.0
0d79e66d-1e09-4050-9472-39d4d3b65a2a,2023-08-27,Late,False,664.88,NEFT,JROAGBWJ,AGT-5742,74.0,No,36.0
a028dd10-57c3-4007-afae-ce8fb7f8fb46,2024-06-27,Paid,,1503.73,Cash,LRBEGB2P,AGT-2239,76.0,No,28.0
6cd2b557-8e4b-420b-b09c-2a09b53219f0,2024-05-10,Pending,False,1403.62,NEFT,LMGAGBDR,AGT-3449,81.0,No,9.0
1799f40e-bc5b-4887-8f91-f133dd4a2a9c,2024-03-04,Pending,,1511.99,Cash,,AGT-4751,49.0,Yes,31.0
6117f182-6d28-40dc-9a00-2ad429db9668,2024-08-02,Paid,False,481.95,Credit Card,TBPMGB50,AGT-0025,39.0,Yes,57.0
331cf7fd-5025-4751-86d9-8861405adb71,2025-01-18,Missed,True,1308.2,Credit Card,UASZGBC1,AGT-7573,59.0,Yes,22.0
d35fd0b8-a3ef-4613-a699-c7879b8f040e,2025-06-15,Missed,True,1613.2,Credit Card,BRYEGBXZ,AGT-2538,55.0,Yes,38.0
17cce288-5b11-47ef-bc4f-8d4312f9d84d,2024-08-24,Late,False,1128.45,NEFT,CYKDGBCX,AGT-7439,85.0,No,45.0
afba5890-6a4c-4d2e-b57c-c5b639c69890,2025-07-10,Paid,False,1204.43,UPI,NHYCGBHZ,AGT-7908,10.0,No,6.0
a70effcd-cddd-4359-996d-c4a316c0b27b,2024-08-21,Missed,True,538.22,Cash,RONAGB56,AGT-4106,14.0,Yes,24.0
e1da281e-dd2b-49d3-a8fb-19469fcb62b3,2024-05-27,Missed,,,Cash,PZYGGB63,AGT-0871,59.0,No,31.0
6dcd4620-a81c-4079-9051-99aaf0560439,2025-06-03,Late,False,744.35,UPI,XJMEGBGP,AGT-1699,0.0,No,23.0
cddd1749-8b30-4b4d-bd72-758c43bfec1a,2023-09-05,Late,False,581.9,Cash,NRNIGBVI,AGT-8747,88.0,No,10.0
bb1e6f83-342f-4081-b2e7-5b40152b3c67,2023-10-08,,True,593.43,NEFT,EUZAGBEB,AGT-0070,45.0,Yes,55.0
e674065b-1d32-4e22-a5a0-c550ae325fbf,2025-06-07,Missed,True,1377.49,Credit Card,YQJUGBOR,AGT-3222,77.0,Yes,34.0
,2023-12-01,Paid,False,1494.64,Credit Card,VLHZGBH2,AGT-8838,62.0,Yes,24.0
4e70d0dc-afde-4af5-a262-a76ec2a6085a,2023-10-24,Pending,False,1723.73,Credit Card,TGBKGB03,AGT-5542,22.0,Yes,1.0
5cc2d837-969e-41cf-a84b-36f823e59946,2024-04-24,Paid,False,,Cash,UCYYGBRL,AGT-1636,10.0,No,27.0
194b30d2-f3ce-4efc-90d1-9954ad608166,2024-05-17,Pending,False,882.86,Credit Card,CJBMGBQS,AGT-9676,85.0,Yes,23.0
fc7510e7-5d6b-4ea9-8a9b-0a013100dc15,2024-06-06,Pending,False,1980.78,Credit Card,NFZWGB0K,AGT-8599,8.0,No,42.0
5405e5ef-91c5-4918-83f2-a0a32b210aff,2024-06-14,Missed,True,689.44,Credit Card,GJHTGBIH,AGT-7479,84.0,No,53.0
b861fe1a-673f-476e-8d45-2a3d2d5eed25,2024-06-14,Late,False,1378.12,NEFT,BQJEGB4X,AGT-5139,28.0,Yes,39.0
a1e5ada9-c2b8-4003-a9e4-ab9d821fa581,2025-05-13,Missed,True,,Cash,AYCGGBIR,AGT-6473,37.0,Yes,58.0
ab173bee-7f5b-48d9-ac55-d469e43c3c65,2024-11-27,Late,False,,UPI,STWDGBRI,AGT-2349,46.0,No,49.0
314cdcc9-2394-4307-a289-a42ac694a1a1,2023-11-20,Pending,False,844.36,NEFT,IAMCGBRI,AGT-7029,60.0,No,37.0
67c943ea-e200-4c9b-b13e-de82705d1d08,2024-08-29,Missed,True,588.27,Cash,DGJRGBR3,AGT-5828,58.0,No,19.0
aac1f099-a21d-45fa-bac7-32d9ec5cfd87,2024-10-10,Paid,False,1073.42,NEFT,BNEFGB7O,AGT-9405,81.0,Yes,35.0
1ee81f6f-33bb-4309-8ff9-7ba3b62cb115,2024-08-06,Late,False,545.32,NEFT,JGPYGBNP,AGT-3416,31.0,No,31.0
a00bc128-6947-47b3-9b7d-89b53f74def1,2024-09-06,,True,1731.91,UPI,LCBIGBRQ,,5.0,Yes,
0903ae3c-4429-409a-9a08-64e293139f0d,2024-07-11,Paid,False,1558.86,NEFT,LUYEGBC8,AGT-7553,18.0,No,13.0
ac6b5c6b-2884-464e-ae2c-6ed289fe1965,2024-08-24,Missed,True,188.97,UPI,WEJEGBBO,AGT-7689,39.0,No,7.0
6fcb9f89-81a5-4014-840b-cd9def111509,2025-07-04,Late,False,1521.97,Credit Card,VWWDGBPR,AGT-0721,,No,57.0
cbf08401-5723-42ea-ada6-f560e5ad189e,2023-12-10,Paid,False,1947.93,,LGJOGB5V,AGT-4175,48.0,No,59.0
a07beafb-ba33-48c2-8371-cb15ca0f6f58,2024-02-11,Missed,True,1321.9,UPI,HSLZGB8O,AGT-7850,79.0,Yes,44.0
ea430fe2-0fa7-427a-b72f-230780e6efc2,2024-03-28,Pending,False,1745.43,NEFT,LDGDGBYP,AGT-7927,,Yes,7.0
517b84ad-4011-4f70-8ed6-958f1fa881e4,2024-04-03,Pending,False,125.69,NEFT,EYCDGBSC,AGT-8752,68.0,Yes,15.0
24803caf-0f30-4376-8970-3df0d963f58b,2025-07-09,Late,False,605.48,Cash,ZGFJGB98,AGT-1959,22.0,No,42.0
6316f1fb-4734-4c98-8c45-ce15d6e9c89c,2024-04-04,Missed,True,1534.86,Credit Card,QTRRGBOF,AGT-3883,26.0,No,42.0
5ec2a87a-14ba-424b-bdc8-4295f5c0f301,2024-09-15,Late,False,442.65,NEFT,VYKOGBRV,,32.0,No,25.0
1b609414-431d-4d89-a83f-932a7ba0c32a,,Pending,False,1763.02,Credit Card,FYNLGBGN,AGT-5712,38.0,Yes,6.0
18b31c3e-c23b-453e-9cf7-51c636c76735,,Paid,False,1538.69,Cash,AMQJGBAU,AGT-5049,8.0,No,14.0
00411dab-40e4-4bae-85d2-64f0720963bd,2023-09-12,Paid,False,1913.56,UPI,RGBIGBM6,AGT-6216,27.0,No,58.0
39ef2658-3edf-4112-afbb-b749be5d38c6,2024-12-15,Paid,False,371.01,UPI,JTTAGBRB,AGT-6137,,Yes,18.0
bdc2ed20-c1fa-4cda-903e-f6390635a698,2025-05-14,Pending,False,513.95,Cash,WXUUGBDY,AGT-1291,50.0,No,18.0
d768054f-c3d2-4f18-9729-9a4b1937ab5f,2025-02-26,Missed,,1237.84,Cash,TMWSGBFM,AGT-5432,62.0,No,19.0
a73a25ea-ffab-40fe-81a5-a5723bc9fee1,2025-03-03,Pending,False,216.83,UPI,CYUUGBCZ,AGT-5148,79.0,No,46.0
,2024-04-20,Paid,False,741.65,Cash,XCDTGBH6,AGT-5283,75.0,No,7.0
d3c786a5-9271-4fe6-a239-5a484d749936,2025-03-11,Paid,False,317.53,UPI,FLXLGBBG,AGT-4654,24.0,Yes,54.0
a5a0d21e-4425-4d5a-bc82-a163766ae7e1,2023-12-27,Paid,False,1588.15,NEFT,CAGGGBDN,,86.0,Yes,50.0
,2024-12-22,Pending,False,1616.15,UPI,PJFEGBCJ,AGT-9779,84.0,No,52.0
daf74cf9-2484-4551-88a4-1d0dbff1b660,2023-08-11,Late,False,306.75,Credit Card,LHGFGBGI,AGT-9760,79.0,Yes,48.0
8f6b1408-7155-4667-91c9-57ba7586698e,2023-12-04,Paid,False,498.46,Cash,PEIVGBZ4,AGT-9403,85.0,No,43.0
,2023-12-03,Pending,False,,UPI,LJCIGBAH,AGT-1520,31.0,Yes,8.0
,2024-09-28,Pending,False,1671.82,UPI,PHHIGB0X,AGT-8264,21.0,Yes,3.0
daeeca61-206b-401a-982a-63109bb5d1fa,2023-11-27,Paid,False,1436.86,UPI,BXDHGBEV,,85.0,No,26.0
a5dea0f6-4290-4771-bd0e-cf41a0e51783,2025-05-01,Missed,True,517.35,Credit Card,IFGVGB36,AGT-9707,13.0,Yes,47.0
5a5323ab-772e-4003-aabe-dfe980b5687f,2023-08-07,Paid,False,1300.4,UPI,PLBDGB5L,AGT-2374,88.0,Yes,3.0
5cc37be3-faba-4c1d-9528-6a57be59b6be,2025-06-21,Pending,False,417.31,Credit Card,UXGTGBFM,AGT-5945,43.0,No,19.0
1929d340-3929-42f3-85b9-152a11454f7c,,Paid,False,1247.71,Credit Card,SJWKGBKN,AGT-5432,88.0,Yes,4.0
60b508cb-93b1-400d-a5c9-a377253014bc,2024-04-04,Missed,True,249.79,Credit Card,SPXXGB9B,,33.0,,
c5b5a50f-f979-48b0-93ac-6fe0f5efdcf0,2024-11-10,Late,False,1849.6,Cash,DQKKGB9I,AGT-7439,48.0,No,48.0
3aa176d3-71b3-47fa-9d87-e57dff40d454,2025-04-15,Pending,False,318.07,UPI,XQBJGBKA,AGT-7288,75.0,No,53.0
9c020427-3686-43c6-8f27-2f7b1dc42c5a,2024-09-25,Late,,139.63,Cash,TPZLGBE4,AGT-9114,52.0,Yes,47.0
6f904646-811b-46ec-8131-c93a7fe63c2b,2023-10-06,,False,298.79,NEFT,USVLGBWA,AGT-1824,,No,59.0
c408a2ba-fe73-4a26-bd7c-f94d528d55ca,2024-02-07,Missed,True,1644.64,,WKAYGBEW,AGT-0829,52.0,No,1.0
eafc29a6-ec26-4787-a105-ce30cf75835e,2024-05-01,,False,1673.32,UPI,,AGT-0595,58.0,Yes,9.0
763d7610-638a-4097-85da-151acf05c4cf,2024-11-29,Pending,False,1075.53,UPI,XWHSGB51,AGT-7517,11.0,No,20.0
76469ffc-0f5d-44c4-bd75-0822e5824f4e,2023-10-08,Missed,True,1427.3,Credit Card,FEKQGB57,AGT-1002,23.0,No,
db724b4a-2857-40f6-bf5d-7f9cebf28e43,2025-01-15,Late,False,622.36,NEFT,ICWSGBVF,AGT-0448,6.0,Yes,50.0
930cc527-a2e3-4e9d-9994-fe2e1b44d59a,2025-03-25,Pending,False,122.24,NEFT,BMPGGBRL,AGT-4174,87.0,Yes,51.0
48a23063-63db-40d8-b3b8-6a4df4f8a669,2024-11-06,Paid,False,1097.91,UPI,JADOGBSR,AGT-2140,4.0,Yes,32.0
375668c5-2578-48ed-8d9e-efd19332e62c,2025-01-07,Paid,False,1615.74,UPI,OPGTGB6Z,AGT-7912,2.0,No,39.0
fb5cd9bc-6ba2-49ac-b151-345187428faa,2025-03-29,Late,False,447.53,NEFT,TKYOGB8F,AGT-7182,37.0,Yes,10.0
780ffe18-66e4-42a9-b47b-67e78188fae2,2024-06-22,Missed,,732.18,NEFT,DONEGB3Y,,77.0,No,46.0
5d56bf97-de90-41af-8ada-97dfb90b6124,2024-07-16,Paid,False,506.77,Credit Card,CWBUGB6P,AGT-0267,23.0,Yes,1.0
b609d17f-346c-4bc0-b23d-d08ae91334e9,2024-02-07,,,410.15,UPI,VCVDGBW0,AGT-5121,5.0,No,8.0
39c44e55-9b8b-4101-8815-8ab625c18cb0,2023-09-14,Pending,False,157.53,NEFT,GDTEGBUX,AGT-2963,66.0,No,45.0
71b98e33-7d70-4211-8c0a-16f7235df059,2025-04-05,Pending,False,872.73,Credit Card,LXIUGBAE,AGT-4370,75.0,,43.0
462c2d56-6fc3-467b-b830-c3e5420aaf47,2025-03-31,Late,False,1938.36,Cash,VKAAGBH6,AGT-1667,83.0,Yes,24.0
629d2e55-ef10-483a-9c7f-f5e07be9d2de,2024-02-02,Missed,,1482.02,UPI,DLTNGBSW,AGT-1459,6.0,Yes,39.0
13335970-956f-4415-824e-3c765c34dd5d,2024-02-23,Pending,False,1661.0,UPI,GKPOGBO6,AGT-0654,57.0,No,29.0
09614275-d4a2-4c4f-a569-4f450f6037e1,2024-08-17,Missed,True,649.05,NEFT,RNMEGBUG,AGT-0538,29.0,Yes,12.0
253ac282-cf33-4789-88f3-adf37f26884b,2023-12-30,Pending,False,1911.52,Cash,DIKBGBIV,AGT-6882,53.0,Yes,39.0
2bd91450-4d84-42a0-8cc1-f1cb5e76f157,2024-10-27,Pending,,1423.45,UPI,LBYFGB39,AGT-2493,52.0,Yes,8.0
285eebd3-9321-4b2f-9a6d-0a90c00109ea,2023-11-10,Missed,True,453.91,UPI,ZTNIGBSM,AGT-7617,73.0,Yes,40.0
c7586c94-dafd-45ce-991f-ef5abdbcf837,2025-05-10,Missed,True,215.64,UPI,DIZQGB7F,AGT-2803,8.0,Yes,21.0
4b673cef-4932-47d5-99c7-c540f30ddb47,2024-12-18,Paid,,1699.01,Cash,WVCWGB6H,AGT-8896,67.0,No,5.0
bb853e1d-c011-4b03-9085-dba94e30e006,2024-07-15,Missed,True,1952.52,Cash,PTNTGBHV,AGT-2199,24.0,No,13.0
3705b332-04e7-49d1-96fe-4c4719a5eb5b,2024-11-23,Missed,True,1661.72,NEFT,OZPXGBVT,AGT-2487,63.0,Yes,27.0
,2024-12-24,Paid,False,1974.55,NEFT,SJQZGBKQ,AGT-4160,73.0,Yes,59.0
a39eb74a-51cc-4a39-9a2d-e0db657d97c3,2025-02-27,Paid,False,107.91,Cash,AFYVGBM1,AGT-6111,79.0,No,15.0
28f70f56-8ef4-423b-a015-0b16ae876331,2023-09-16,Paid,False,904.1,UPI,XOWDGB55,,23.0,Yes,21.0
290d4325-8270-4a84-b80e-e6dc821813a1,2024-02-22,Late,False,1564.99,Cash,QQNKGBVV,AGT-5479,43.0,Yes,22.0
b3909b60-eba5-48bc-8ef9-d5d0533cec07,2025-01-24,Missed,True,215.41,Credit Card,TOURGB7Z,AGT-6482,57.0,Yes,12.0
8c15d08f-5ff9-40be-ba42-efb2e94e87cf,2024-02-20,Missed,True,208.58,Cash,TXODGB8E,AGT-2825,53.0,No,53.0
9cd4d57c-7694-4f19-bf6e-d87168bba263,,Pending,False,524.37,NEFT,YSJAGBVT,AGT-9287,66.0,Yes,36.0
7a0e52aa-6296-4537-80b7-fee9893df26d,2025-02-17,Missed,True,356.55,UPI,MLTBGBJ8,AGT-5752,63.0,No,41.0
16056e0b-55f3-4629-8a4e-6b416fbc81b9,2024-04-20,Paid,False,376.64,NEFT,CRROGBU1,AGT-6259,86.0,Yes,2.0
dd247ae7-ef8a-4960-b703-6982f93cc242,2024-09-20,Missed,True,,UPI,BPGTGB48,AGT-4963,0.0,No,50.0
fa1c938a-4556-41e4-9c04-f3a7ea90c633,2025-04-11,Late,False,689.24,Cash,WFJQGBMP,AGT-2034,,Yes,37.0
f9d2b82d-d640-4ec6-9fa3-d40a433a557a,,Missed,True,370.0,Cash,XJFBGBZT,AGT-3163,17.0,Yes,29.0
368bc697-1c01-44b9-a80a-0c43e133bd76,2024-06-21,Pending,False,142.69,Credit Card,DTDIGB7N,AGT-7450,8.0,Yes,10.0
d080e422-ad61-49c3-8c04-faad178738c5,,Late,False,1682.79,UPI,QMJNGB13,AGT-6866,14.0,Yes,39.0
,2023-09-11,Paid,,1574.33,,WFTRGBD4,AGT-3792,51.0,No,47.0
68d34113-44b9-4350-a3f7-3b7ee318f89c,2023-09-13,Late,False,848.76,Credit Card,XWNQGBOV,AGT-9328,83.0,Yes,20.0
428afdab-8a9c-4fe9-a06e-e5800b13b865,2025-02-02,Paid,,425.45,UPI,BLCPGBKG,AGT-5590,66.0,Yes,22.0
84cbca1c-84eb-4ae9-8876-ff2e19ad7d0f,2024-03-30,Missed,True,346.54,Credit Card,WQAUGBI0,AGT-8283,80.0,No,49.0
10c5cf74-2074-4546-9eb4-f325c8bc81cd,2023-08-16,Late,False,726.39,Credit Card,,AGT-6073,87.0,No,22.0
43e44b3b-d04a-4c5b-a003-23e631d0bba9,2025-03-12,Pending,False,1973.28,UPI,,AGT-5931,65.0,Yes,18.0
f6c07140-76e4-4066-9f44-18588e3eed21,2023-10-18,Late,False,1967.87,NEFT,EPIWGBT8,AGT-8666,28.0,Yes,49.0
dca706d8-c194-462f-aa72-c9873c792f12,2023-09-10,Missed,True,940.93,NEFT,NAVUGB0E,AGT-0087,44.0,No,19.0
77e316ae-bf01-4ca1-8735-80756a03179a,2023-09-12,Late,False,1496.19,NEFT,HFODGBHN,AGT-2754,1.0,Yes,31.0
a1b64d73-aa37-4261-a1bb-3fd2f6ac98bc,2024-01-29,Late,False,1747.22,Credit Card,MZWTGB1S,AGT-5054,85.0,Yes,43.0
0435cf77-b473-472b-a788-0def9edcf6e6,2024-01-01,Late,False,1716.21,NEFT,TZAHGBGH,AGT-0229,31.0,,56.0
c89a7ba5-0c8e-4dda-8998-56bd76aee10b,2023-08-19,Missed,True,1091.99,UPI,SQYBGBS8,AGT-7458,19.0,,6.0
33f2a535-4e83-4e4b-9767-a707e4d9f841,2024-08-14,Paid,False,1918.65,NEFT,FRFPGB9I,AGT-4204,88.0,No,52.0
cc37b228-bd3b-4a7a-9b99-1d4e87027a9b,2023-08-22,Late,False,724.74,UPI,XZUAGBPS,AGT-4338,28.0,,14.0
13489f93-ae9d-4011-a935-d3f80ca25468,2024-03-30,Paid,False,186.28,,SLJUGBR3,AGT-9173,24.0,Yes,1.0
541ad746-d658-440e-a6f3-a157203e583d,2023-09-11,Paid,False,1887.64,UPI,BFIMGBOI,AGT-4998,0.0,Yes,47.0
d81cdce0-aa3a-4536-91c1-44bbdc20311d,2024-08-14,Late,False,1147.23,NEFT,PDDPGBW7,AGT-5095,13.0,No,
ae8c2701-b13b-45f6-8d76-13b44ec8f01d,,Pending,False,1826.15,UPI,JZAVGBXX,AGT-9631,,No,53.0
5de6a416-58a7-4923-a2ac-e3f0d4183449,2024-06-11,Missed,True,539.98,NEFT,UAUQGB5U,AGT-8408,24.0,Yes,42.0
54956aef-baa8-45a1-8c59-21ef3273ada7,2024-02-12,Pending,False,1585.36,Credit Card,DOMAGBBS,AGT-5304,35.0,Yes,50.0
2f76f84c-bb17-4504-b0f0-31a5c12cbf0b,2025-02-09,Late,False,1255.49,UPI,HXPEGBSX,AGT-1269,54.0,Yes,15.0
be57f63e-43fb-4071-8478-89b1b11d692f,2024-08-02,Pending,False,1844.72,Credit Card,DGODGBKD,AGT-5011,88.0,Yes,53.0
eba86bed-dc30-4d7b-b293-21600f4fe3d0,2023-12-18,Pending,False,762.07,Credit Card,NBYVGBUG,AGT-4709,17.0,Yes,37.0
cb4e2a79-7824-4e72-b23a-72749f625e5a,2024-01-27,Late,False,1883.43,Cash,JOHWGBCW,AGT-3950,27.0,No,1.0
0c59face-33a7-41a9-9860-e0dc14e32087,2025-05-18,Paid,False,255.75,Cash,HNKCGBK1,AGT-0134,73.0,Yes,24.0
2f45a4d5-e3c0-4f09-97c0-05e86cc57cc4,2024-04-02,Paid,False,855.01,UPI,AATWGB7B,AGT-9844,23.0,Yes,48.0
f98a5a63-7472-4832-b8a8-30dcd1a901b2,2025-04-30,Late,False,1840.94,,QGYYGBQE,AGT-4700,89.0,No,15.0
53eeadd9-d341-4ad9-a014-7e8c0146fb9c,2025-03-02,Late,False,1265.37,NEFT,DKZJGBOW,AGT-6854,,Yes,33.0
019c4d37-1969-4b2d-89a9-9187b14788a3,2023-11-08,Pending,False,1846.21,Cash,KVGGGB4O,AGT-5642,47.0,Yes,43.0
4acf1150-5f61-433c-9d29-75cc7931d35a,2024-06-06,Paid,False,111.19,,VXIZGBWI,AGT-2602,21.0,No,35.0
372280c3-ba85-4030-a68f-5e1a527a89ff,2024-03-02,Paid,,471.3,NEFT,KTUGGBTI,AGT-1070,54.0,No,28.0
56c3bb2a-b786-4f61-9f95-03229da91ea9,2025-01-03,Paid,False,236.36,UPI,DMWKGB0P,AGT-3222,80.0,Yes,19.0
4ee80f74-56e3-4654-aaca-2f1494b5e1c5,2025-07-18,Missed,True,135.06,Credit Card,NGSVGBK0,AGT-0769,63.0,No,
9722347b-8464-4e7b-9ff0-0b45fe3d4f67,2025-04-13,Paid,False,1444.8,UPI,XGEHGBO5,AGT-7733,57.0,No,12.0
e66233d5-b5f1-4f80-aaad-53536b425d59,2023-08-09,Missed,True,1514.27,Cash,FYZGGBVW,AGT-5799,56.0,No,40.0
82efc942-3fa8-497f-af65-55f0ee323806,2024-07-01,Missed,True,1713.74,UPI,QEJGGBVB,AGT-9084,69.0,No,3.0
d8a323e8-4ed8-4895-9383-708c6950aa8b,2024-07-13,Missed,True,293.11,UPI,,AGT-4342,1.0,Yes,23.0
c5c40aa8-bb0e-40fc-aa8b-dcb5a99d8a40,2025-05-18,Paid,False,1997.32,Credit Card,VUIKGBB1,,81.0,No,56.0
73c9727b-44f5-4fa5-8265-8f77479e9d88,2024-04-05,Pending,False,1639.45,UPI,WVGGGBVI,AGT-0674,28.0,Yes,37.0
d51c108e-4971-4761-950f-68a67f07e51b,2024-09-16,Pending,False,773.36,Cash,GCNMGBLG,AGT-7276,37.0,Yes,23.0
3cc0f89d-99f4-4782-a18f-37fc60fd39a3,2023-07-22,Missed,True,729.94,Cash,AQXEGBSD,AGT-0061,71.0,Yes,27.0
d95a7f8f-aa73-462a-af70-a66775d911cb,2023-12-24,Paid,False,182.0,UPI,WLDHGBGN,AGT-3925,83.0,Yes,34.0
01b98f6c-da74-488a-9c0e-4d370162d6e0,2024-02-14,Pending,False,1619.41,UPI,EPHNGBD0,AGT-7183,81.0,No,56.0
3f5a5538-d122-4c46-9425-702137eef2b7,2024-01-16,Late,False,639.59,Credit Card,GIBHGBEI,AGT-6287,78.0,No,26.0
fb4644e4-b0f2-4538-87da-50aa563db321,2024-11-17,,True,1026.78,UPI,,AGT-2424,5.0,No,49.0
a9ed2599-c9b2-43a2-8695-76283fabdebe,2024-01-26,Missed,True,1703.58,Cash,YJKAGBMS,AGT-9350,56.0,No,22.0
788b28bf-78f1-48eb-ae21-5bb6fb73a1cc,2024-02-11,Missed,True,1361.01,,UXKGGBXL,AGT-3399,46.0,Yes,56.0
1218b577-1e7d-4841-863a-0bd94fe25af8,2024-11-19,Paid,False,1822.59,Cash,YHCRGBX6,AGT-1942,64.0,No,32.0
7208f907-45f9-4808-bba9-a787f24e2588,2023-07-24,Pending,False,308.03,Credit Card,SUMTGBTN,AGT-7688,80.0,Yes,57.0
,2024-09-27,Missed,True,877.31,Credit Card,CYOPGBWL,AGT-2620,40.0,Yes,38.0
f7bde8a6-f1f4-4e76-a8bf-38393db23b8a,2023-09-14,Late,False,1048.9,Cash,ARNAGBN7,AGT-2663,23.0,No,1.0
12fc7d28-c40d-40c7-bff2-79780812c06b,2025-02-08,Paid,False,720.23,Credit Card,JSREGB24,AGT-4665,43.0,Yes,14.0
25d5ac06-f6ea-4f9c-982f-ca683f57fcad,2024-11-11,Paid,False,1228.59,Credit Card,RKYXGBIL,AGT-2321,37.0,No,36.0
e025ad1d-9658-42fa-8a51-cfddcfb680e0,2023-11-30,Late,False,1220.23,UPI,JYIYGB2J,AGT-6666,11.0,,33.0
aee2e0bb-c0ee-4302-819d-bdb01b90d36a,2025-06-09,Missed,True,1485.81,UPI,VUMPGBSQ,AGT-3654,41.0,No,36.0
7d77db71-3650-4667-8955-c4625e2a1f1c,2025-05-21,Late,False,623.6,NEFT,HTTFGBXQ,AGT-2002,8.0,Yes,21.0
39c023fe-a333-4be9-b935-e7bb06c053e4,2025-01-03,Pending,False,1309.21,,XBWHGBBB,AGT-0833,72.0,Yes,5.0
bc38533c-0530-4aa1-bbf9-3588e091b0b5,2025-02-17,Pending,False,383.01,NEFT,LFWUGBYN,AGT-6767,15.0,,19.0
58720702-4bdb-4aca-8b1c-bb15ef119b4c,2024-12-23,Paid,False,1487.06,Credit Card,ASITGBAV,AGT-4643,87.0,Yes,28.0
1969a2c7-99d4-457e-aefa-3e455985b3b7,2024-05-04,Paid,False,874.12,Credit Card,KWEXGBM6,AGT-0877,41.0,No,25.0
a546bb42-83e2-4daa-b514-58be74d18737,2025-05-13,Paid,False,1645.14,,ERDPGBXD,AGT-6203,20.0,Yes,49.0
269b2608-2644-4f95-8295-730812940df2,2024-08-07,Missed,True,377.92,Credit Card,GMATGBS7,AGT-9439,23.0,Yes,16.0
6f2a6899-791e-46db-a7e4-019605c96323,2025-03-15,Late,False,1134.85,UPI,XYIYGBJL,AGT-3788,76.0,Yes,53.0
a1fad896-05f2-49a8-9b7e-e66ff2471767,2023-07-21,Paid,False,716.93,NEFT,CSRSGBLE,AGT-7293,3.0,Yes,46.0
e0f6eb9d-9584-4a02-a3dc-4f788e2027ed,2025-04-25,Paid,False,631.25,Credit Card,WZZPGB5J,AGT-1607,16.0,,
7beaa7d3-dd84-4fd1-8a1a-8312498734c7,2023-08-15,Late,False,535.53,UPI,NSPFGBGY,AGT-6157,0.0,No,51.0
a457b9a3-ae10-4c6e-a777-ef0dec1e4b58,2023-09-16,Pending,False,496.38,NEFT,ICMQGBOC,AGT-6299,68.0,No,43.0
fb4c5f42-6351-4e9f-ac38-1f5f435e4219,2023-08-09,Pending,False,601.54,Credit Card,DAHFGBVH,AGT-6217,51.0,Yes,28.0
d5f4d1e1-0a90-4c1d-bf01-e2b3cdb02c4e,2024-03-07,Paid,False,444.84,UPI,MENYGBE6,AGT-0640,53.0,Yes,18.0
d01e2fe7-88aa-4cce-bb04-6d64c5ee2044,2024-03-22,Paid,False,106.69,UPI,DINZGB0L,AGT-0720,46.0,No,44.0
c6497546-9164-4477-870b-e498b0bf2ed0,2024-05-12,Missed,True,372.0,NEFT,PFXPGB6F,AGT-9746,45.0,Yes,57.0
08c83c74-73b4-4154-81fc-25a521cd50e7,2024-12-09,Late,False,1358.66,UPI,CINTGBA8,,52.0,,23.0
d1c7f687-5c33-423b-bc8e-25c7130f69c0,2023-09-07,Paid,,917.71,Credit Card,ACGZGBTG,AGT-3915,77.0,Yes,34.0
cb8df598-087c-4397-9d1b-c518b00bca34,2025-02-20,Late,False,1115.32,Credit Card,LPXMGBM9,AGT-2442,40.0,,7.0
d4b1b280-ffcd-4290-b1bf-b217dd710f21,2025-01-01,Pending,False,107.74,UPI,FKSQGBY5,AGT-1135,82.0,No,17.0
4580196d-1416-44b1-b8db-bb69b7b4b4cc,2024-07-11,Pending,False,,Cash,OBVXGBJJ,AGT-2149,15.0,No,21.0
823a555e-d63d-47af-a469-a60c9c1a0843,2024-09-30,Late,False,323.07,UPI,JEMBGB5P,AGT-5628,11.0,No,19.0
4392a557-68ea-425e-b3cb-12c63e8a6f70,2024-06-17,Late,False,926.14,Credit Card,ZMFZGB0J,AGT-2400,42.0,No,2.0
f2c5a141-4ff2-45c8-aa29-25516ba8d992,2023-10-24,Paid,False,,Cash,QFXRGB1O,AGT-9933,80.0,No,20.0
1e0e52d1-b28d-49cc-bea1-23128ae29c3f,2025-02-27,Pending,False,217.33,UPI,FXDFGB10,AGT-7812,61.0,Yes,28.0
4620a909-958a-4636-9c7b-11b98ba1210d,2024-09-29,Paid,False,267.85,NEFT,EIXCGBPL,AGT-8714,53.0,No,18.0
beefe83a-9ba0-41d3-8b3d-f3db385b4236,2024-02-06,Pending,False,1681.01,Credit Card,BZGTGB92,AGT-8611,40.0,Yes,57.0
80498999-e26a-484b-81ac-a8ef49e413a2,2024-06-04,Paid,False,1346.5,NEFT,YPHRGBU0,AGT-2225,27.0,Yes,9.0
3c14131f-4990-4b56-b63a-81e7c6f1a911,2024-02-07,Paid,False,409.85,UPI,IZNUGB71,AGT-6722,56.0,No,43.0
7a17f198-66eb-42d7-8229-dc62e228e16e,2024-11-26,Paid,False,1848.18,Cash,SSOZGB1U,AGT-6983,34.0,No,32.0
943c9e51-a95f-45fd-b0d5-3bdf40a85d31,2023-11-08,Pending,False,1267.99,Credit Card,CAGHGB30,AGT-0237,5.0,No,46.0
ee069207-c83b-4a10-a90c-917ffa15cf6b,2024-08-27,Paid,False,958.19,Cash,WNLLGBEF,AGT-5177,26.0,No,27.0
33374848-78cb-4413-bca0-7d26981035bc,2024-03-07,Pending,False,520.46,NEFT,EIVQGB9L,AGT-7445,55.0,Yes,18.0
38249920-3016-44fa-81cc-9ee66fcaa7c3,2025-06-24,Pending,False,916.88,Cash,QIOFGBYP,AGT-0319,38.0,Yes,8.0
67013812-d756-45ee-9b66-83daa542d624,2025-06-14,,True,1116.47,NEFT,LBFHGBRR,AGT-3556,3.0,No,4.0
,2025-06-14,Missed,True,958.0,Cash,DQXHGB1B,AGT-4191,20.0,No,14.0
49214f77-6143-4d77-a3a3-7ab00a936d45,2024-03-22,Paid,False,,UPI,,AGT-1147,15.0,No,36.0
5af94355-6d9b-4f88-a53f-ba204139cfd0,2023-11-29,Late,False,1786.88,Cash,DGXGGB37,AGT-6383,,Yes,23.0
f71c307d-df60-4718-a81c-0be39e458e48,2024-07-20,Paid,False,705.19,Cash,BXEHGBU0,AGT-7686,25.0,Yes,41.0
42284b71-7a08-45c7-a1a2-8027ad59f1ae,2024-11-06,,False,1653.04,Cash,EMOZGBCH,AGT-6104,18.0,Yes,1.0
17fa3b0d-0d3b-4382-ade6-137f040a7ad0,2024-12-19,Paid,,1391.05,Credit Card,MKQQGBIJ,,31.0,No,17.0
e141e91d-6b3c-4f94-a902-f56364ba30ae,2024-03-09,,False,1872.57,,ASOQGBRX,AGT-5635,75.0,No,30.0
18976d11-57e2-444c-ba6e-5eaeeb40ab7d,2023-07-28,Paid,False,1703.76,NEFT,JKPMGBGK,AGT-6448,64.0,,4.0
1f241134-bfe0-4b7a-8393-d609c8473361,2023-10-11,Late,False,392.0,UPI,UQDLGBN7,AGT-8427,25.0,Yes,52.0
9e4774f8-39cc-47b9-843e-ac19b0bbd9ce,,Paid,False,,,ISRKGBLG,AGT-2720,7.0,No,32.0
74048904-b076-42ae-83d2-f846175d99aa,2025-01-09,Missed,True,1269.55,NEFT,LNVTGBGR,AGT-0382,39.0,Yes,53.0
2469c211-e40d-4708-89b5-8a7cd762fe0f,2025-02-27,Pending,False,1594.7,NEFT,KMJUGBCC,AGT-4162,46.0,Yes,2.0
b32490fa-4481-4d87-a85f-c131bc8da486,2023-12-09,Paid,False,,UPI,FREMGB3N,AGT-9529,6.0,Yes,56.0
08c3d3a0-8fbb-4431-bb2e-d950fbaaf15f,2024-04-13,Late,False,1100.67,Cash,WECFGBFK,AGT-4966,31.0,No,12.0
271fdc16-24d8-4274-b27c-5d7bf907533c,2024-09-19,,True,,UPI,TXIDGB5Y,AGT-2010,68.0,No,22.0
d4f28126-efb0-41b0-9c5b-7366ebb1c770,2025-05-15,Late,False,913.22,UPI,MZPDGBKM,AGT-5144,25.0,No,24.0
,2024-12-23,Missed,True,699.27,UPI,RJHDGB0J,AGT-9957,40.0,Yes,41.0
d9e89bfe-c4cb-431c-adcb-ad4f2035656d,2025-07-06,Pending,,1014.44,NEFT,BXJQGBGR,AGT-8747,86.0,Yes,37.0
2fbdd9f6-a266-4a68-a9fb-0ac25d5f23bb,,Paid,False,1194.23,UPI,YEPIGBNW,AGT-0552,9.0,No,40.0
c1a3e330-bc6a-4145-b44f-c2e5640f1180,2024-07-16,Missed,True,138.8,Credit Card,,AGT-4320,75.0,Yes,45.0
7abfa42b-7e39-4516-bfd3-83a5bca0b77a,2024-05-26,Pending,False,1126.7,Credit Card,SFAJGBBB,AGT-9894,,,30.0
788a45a2-50aa-4bf5-a7a3-e66296ee172e,2024-07-11,Missed,True,1308.56,Cash,ZKKGGBG3,AGT-9171,64.0,Yes,35.0
0d716759-0d38-4a52-886b-fff1d487648f,2023-08-30,Paid,,,Cash,WUELGBID,,29.0,No,36.0
ca98f609-65be-4fa4-ac2d-5bf9a77af9ea,2023-10-30,Paid,False,1049.04,Cash,XJONGBYE,AGT-3831,,No,54.0
7ae9d06d-eef8-4f87-969e-888263f13029,2025-01-28,Missed,True,705.97,UPI,FTDLGBKI,AGT-6393,77.0,No,10.0
373266e8-2a26-41b5-8eec-48c247311975,2023-11-28,Missed,True,180.74,Credit Card,UOAIGB3A,AGT-3160,58.0,No,20.0
0f70f00a-971d-48a8-978b-64d163ccd9a9,2024-02-26,Late,False,,UPI,WQRSGBG1,AGT-4097,22.0,Yes,14.0
0097c7eb-173a-438d-a974-eeb8662a256d,2023-09-27,Missed,True,476.26,Credit Card,,AGT-7597,63.0,No,48.0
8676152e-c2a8-4a61-a6dc-2edd67fec691,2023-07-20,Missed,True,713.24,NEFT,PKEZGBWW,AGT-4488,18.0,,39.0
3f74b4e5-292b-40ad-9905-55908cbc474e,2023-12-14,Pending,False,1988.84,Cash,BMRTGBCJ,,15.0,Yes,31.0
9d320f8d-e8a6-47db-b1fc-11ab3705fabf,2025-04-09,Pending,False,1095.68,Cash,LPRHGBSP,AGT-6736,43.0,No,55.0
d66215b8-e3de-4b3d-9921-864fc6895844,,Paid,False,564.56,UPI,,AGT-8648,83.0,Yes,
f51d41e0-6f25-4072-aff2-5ac488c02f2d,2024-08-21,Missed,True,1644.32,Cash,YIDDGBM3,AGT-2527,22.0,,11.0
61059783-3aa8-473c-8242-b411a2f96cdb,2025-04-02,Paid,False,1154.5,NEFT,GLGLGBSG,AGT-0097,73.0,No,24.0
6b9a2474-e835-4ea0-bf7f-6b6dab35f527,2024-10-15,Missed,True,1879.74,Cash,ZLBFGB6N,AGT-8667,23.0,No,50.0
14c8d5f8-1f72-44b1-8cbb-deca162c2ff7,2023-08-04,Missed,True,1061.13,Cash,OYKWGBXK,AGT-4115,20.0,Yes,44.0
8b5f0e95-22c1-4bb0-b369-56deaae6d268,2023-11-20,,False,174.74,Credit Card,EREIGBZ7,AGT-9791,24.0,Yes,
31474cd3-151a-4423-bbdb-4287d58ef728,2024-04-30,Pending,False,1401.93,Credit Card,,AGT-8392,17.0,No,38.0
336dd8e0-1b6e-4016-8feb-3fd66a985e73,2024-08-18,Pending,False,153.76,NEFT,BPTMGB1U,AGT-7824,23.0,No,56.0
d87d74ee-859d-4e40-8f7d-765e9619d777,2024-10-24,Paid,False,1457.4,Cash,NUOEGBSM,AGT-9531,33.0,Yes,51.0
df4e349b-bdcb-404b-a568-63e9d31df24b,2025-06-04,Paid,False,490.57,Cash,NXEOGBFU,AGT-9621,67.0,No,
2fec7aeb-a89e-436d-af85-a0037caac32e,2025-07-18,Missed,True,890.21,Cash,,AGT-4694,45.0,No,43.0
9f025819-8df3-4aa0-b6f7-6d915239023b,2023-09-30,Pending,False,118.51,Credit Card,ECSXGBQR,AGT-0896,32.0,No,8.0
40387fb3-9bc0-4183-93ca-9be57b832cf0,2024-09-17,Paid,False,828.53,Cash,YTMJGBX3,AGT-1334,75.0,No,33.0
9cc3c01e-1c96-49e6-84bf-4dd4c883b12f,2025-06-29,Pending,False,880.13,NEFT,SEWRGBC9,AGT-7033,8.0,Yes,48.0
a6989cf0-6d75-4297-a559-269576e2599c,2024-03-11,Late,False,779.89,Cash,MRZQGB7L,AGT-2581,56.0,Yes,31.0
d407e4ae-9fd2-4d53-b718-2f6816e5e0fa,2023-09-27,,False,136.07,UPI,HGLFGBF9,AGT-2301,66.0,Yes,35.0
c1c9a228-a5f3-4741-b005-34fb09e31fa5,2023-12-25,Paid,False,839.2,NEFT,ORBJGBSB,AGT-6691,8.0,Yes,
3dfed976-9182-46d4-87d5-ffd33158652d,2024-04-28,Late,False,462.8,NEFT,QEZJGB2E,AGT-3773,39.0,No,55.0
,2024-06-14,Missed,True,935.85,UPI,NJGGGBKY,AGT-3183,88.0,No,45.0
b8f1e76e-3b70-4dcd-aab9-b36d610b3bff,2025-06-21,Late,False,900.33,UPI,GGHGGB7R,AGT-6553,9.0,Yes,35.0
61cb8204-4f93-4bd9-985d-55733dcbc4a1,2025-04-12,Late,False,646.65,Cash,EIDXGBX7,AGT-4849,77.0,No,11.0
6f809320-0e6b-4b1a-9486-f7029fbf3bb0,2024-12-12,Missed,True,596.83,UPI,KFWOGBGB,AGT-8904,81.0,No,44.0
b52706a9-4fbc-4cf6-acc1-91fdf1063033,2025-03-01,Pending,False,1559.54,Cash,KBXBGB84,AGT-5446,4.0,Yes,52.0
6dfb12da-efa3-4318-8ec5-d3922b984c01,2024-06-20,Missed,True,1606.79,,AHMGGBIG,AGT-2451,15.0,Yes,6.0
b40ff5f6-a9e3-4a1d-b52e-75499442c3c1,2024-12-19,Missed,True,1620.26,Credit Card,HYPDGBE0,AGT-8891,52.0,Yes,15.0
95659c64-c7a8-4757-8cc7-1de251e7b139,2025-04-02,Pending,False,1207.62,Cash,LBGHGB1U,AGT-3106,33.0,Yes,59.0
ee772748-8415-4b75-8612-b705b2182889,2024-07-24,Paid,False,1700.14,Credit Card,HOLXGBDB,AGT-7603,43.0,No,27.0
eef813ff-96f7-407c-abe6-ac6ee0763f65,2023-07-23,Paid,,,NEFT,ORWRGBMP,AGT-1271,73.0,Yes,13.0
c29a468b-2b67-4757-ae28-dc180abf2930,2024-01-07,Paid,,,Credit Card,MNWRGB3K,AGT-0111,33.0,No,30.0
ef5525da-1f82-4d0e-824e-6ebbddd03e28,2025-04-04,Missed,True,420.61,NEFT,FDUKGBVW,AGT-2683,59.0,Yes,28.0
fd1e163e-de63-48e0-911d-bad1f9255686,2023-11-21,Pending,False,913.57,UPI,ZMOJGBSC,,89.0,No,28.0
749e9c7d-50be-4ce9-8468-57a75daa60a8,2024-06-07,Missed,True,589.61,NEFT,HFHVGBK4,AGT-5580,61.0,No,33.0
c6f4f8af-1fa9-4029-ab2f-852890d4ecb3,2025-02-06,Missed,True,565.8,UPI,XEWAGBZ2,AGT-4228,47.0,No,31.0
e19eabd4-4662-4695-b1c0-24ffd82f2ed5,2025-06-12,Paid,False,1145.32,NEFT,NAIDGBV3,AGT-9903,63.0,No,13.0
f75a3f9c-28d2-4ce8-a7f4-bb890a4691d0,2024-09-07,Missed,True,105.78,Credit Card,WQRPGB08,AGT-0331,73.0,Yes,29.0
79d51ef5-9813-49b9-bac5-61dcbd4a177d,2025-02-17,Paid,False,1004.95,UPI,WLFWGBTK,AGT-4105,64.0,Yes,41.0
6faf1466-749e-4e7c-bc20-96b30c5c1516,2024-04-23,Missed,True,426.64,,NHZZGB19,AGT-3346,57.0,No,7.0
e035a79a-aae6-4b9d-adb5-a6bd83971fca,2024-11-28,Paid,False,1907.78,Cash,XONJGBYR,AGT-4696,2.0,Yes,37.0
48ca6381-ffa8-4fba-8eb5-c04a304f7e6b,,Paid,False,596.28,NEFT,RODAGBA1,AGT-0412,,No,22.0
72f054f5-4be7-4e1c-ade1-923491e2ccd5,2023-08-19,Late,False,171.24,Cash,DNXZGB8K,AGT-5999,20.0,Yes,47.0
4cce5e4d-0f00-44b9-9b8e-bd94d739458c,,Pending,False,1844.49,NEFT,BNKVGB6X,AGT-2002,47.0,Yes,4.0
1220e8a4-cfb2-488c-9db4-928a9abb9ad5,2024-05-10,Missed,True,1104.56,Credit Card,SQEQGB4M,,85.0,Yes,31.0
cce7c2ff-32a2-4d50-a916-e250537b04ae,,Paid,False,1821.0,Cash,DJUHGB9N,AGT-1621,,No,9.0
c9790983-cbaf-4848-aee5-4ea627443ece,2023-08-15,Late,False,1205.15,Cash,CGOQGBF7,AGT-4396,,Yes,19.0
7b5f9881-55fe-4686-a667-b55fc6cb23ec,2024-07-27,Paid,False,857.31,UPI,IBEQGBN1,AGT-7628,75.0,Yes,5.0
7f580451-1a31-4cff-92eb-94ab0ed52952,2024-04-13,Paid,False,888.48,Credit Card,XDATGBMR,AGT-9752,57.0,No,32.0
0a5a4d9a-f804-43c7-ab2a-fcc89cdd0b06,2024-05-31,Paid,False,653.19,UPI,UACCGBZW,AGT-1606,85.0,Yes,16.0
7edf5adb-1774-473c-b169-cf206acd7dee,2023-10-11,,True,,UPI,REDZGBH7,AGT-0029,63.0,,36.0
f9a31c14-3972-4869-9684-50aeff10be0a,2025-02-05,Pending,False,861.55,UPI,WVRUGB4T,AGT-7248,17.0,No,52.0
8cb716f0-01fd-4c3f-937a-8d36e8f8a8e7,2024-06-28,Missed,True,1270.95,Cash,NEIIGB63,AGT-8375,18.0,Yes,47.0
15782a79-02f0-4201-9f38-c44024b507b2,2024-10-04,Paid,False,1167.47,UPI,HNVUGBPB,AGT-3509,24.0,No,27.0
df87c6c6-2834-4288-8c74-5fcb91eba2db,2023-12-18,Late,False,427.48,UPI,MHBYGB7I,AGT-3149,1.0,Yes,21.0
7cbd2734-56a4-4f75-bc83-b6e02ffe616b,2025-05-10,Missed,,1541.53,Cash,PZUPGB6T,AGT-5897,57.0,No,45.0
45610a82-648f-4072-aa94-da45a9f06476,2024-02-15,Paid,False,1053.93,UPI,EHOBGBPQ,AGT-2864,32.0,No,3.0
d142e644-7b8a-4b05-a77d-2df63e03db9e,2024-04-16,Paid,False,1737.38,Cash,JJCSGB6L,AGT-5311,70.0,No,
1dc5f411-bf54-4ff0-b61b-c920e3564155,2024-11-27,Missed,True,1020.78,UPI,EVJQGB81,AGT-7998,31.0,No,28.0
9c9513cd-6581-4c7e-b0f1-c8fa0a34d53f,,Missed,True,,Credit Card,GUXPGBS3,AGT-8958,72.0,No,25.0
9ad79bb9-b8eb-45cd-acee-6cdadbf1fe5c,2023-12-07,,False,1993.63,Credit Card,QVDNGBRB,AGT-1184,20.0,No,36.0
523fa9d0-c5a3-465c-bdba-1236a331789b,2023-09-08,Missed,True,840.37,UPI,KLDTGBST,AGT-9389,33.0,,9.0
fe4da424-028e-4275-b8da-ce89af7858da,2025-07-10,Pending,False,1183.7,Credit Card,CYYRGBBE,AGT-5493,68.0,No,
899750f7-70e6-42c0-b5e1-e75d4ef669ec,2024-08-27,Missed,True,1379.69,Credit Card,TZROGBW0,AGT-6826,,Yes,54.0
53d8ed76-e265-4517-bbbf-a135bc7f4556,2023-08-29,Late,False,1926.19,,UAQKGBLC,AGT-7974,40.0,No,45.0
91ebb00d-b010-450b-a117-70048b685523,2024-02-26,Late,,295.33,Cash,LEORGB6V,AGT-1462,7.0,Yes,23.0
a06e7bb4-b489-4c6e-bc3e-e41d5f89851d,2025-02-12,Pending,False,1919.93,Cash,UPBAGBUI,AGT-4379,33.0,No,15.0
9778a728-d639-467f-aed3-8eb86727f7d1,2024-12-31,Pending,False,904.73,NEFT,MOACGBS7,AGT-9531,,No,29.0
b740a9b1-e4d1-45a4-91dc-abb674d7b4a6,2023-09-04,Paid,False,316.81,,EMHJGBRI,AGT-2134,78.0,Yes,10.0
57703eda-0c3b-4b00-8393-15d3533f4415,2025-02-03,Paid,False,1242.16,Cash,HKKOGBNK,AGT-9748,20.0,Yes,57.0
209765bf-4478-4440-a876-eb123edf7381,2023-07-19,Pending,False,467.08,Cash,HHLIGBBX,AGT-8662,10.0,Yes,17.0
,2025-06-18,Paid,,700.41,NEFT,BWYVGBLS,AGT-5468,80.0,Yes,29.0
7c201a66-ad61-4822-9ffb-10eeaac74106,2024-02-24,Late,False,1458.25,UPI,HOQAGB50,AGT-9455,46.0,Yes,8.0
8f11dd75-a65d-43ee-8ba2-e5b48961cd98,2024-03-06,Missed,True,1272.57,Credit Card,XDQLGB52,AGT-6876,,No,7.0
166d7a7e-e202-4e37-a0ea-d012e2a85716,2024-01-12,Pending,False,267.58,UPI,OMVQGB0O,AGT-6521,84.0,Yes,14.0
61c991a0-6fab-4bc8-b04a-b33d3b161553,2024-05-27,Missed,True,439.74,Cash,WNHIGBOA,AGT-1181,33.0,No,37.0
8d4fab6a-679f-4958-ac68-6f6b6b74d34f,,Paid,False,890.53,NEFT,DAWKGB0L,AGT-3573,15.0,,49.0
62e5256b-a365-49d1-bdbf-4e9e6f53367e,2023-09-20,Pending,False,278.92,,LHHXGB49,AGT-9750,27.0,Yes,39.0
4467eafe-e6ec-43cb-a034-12ee49597ab9,2024-11-24,Pending,False,356.68,Credit Card,QEFOGBU4,AGT-6469,67.0,Yes,31.0
f59db7da-9277-4105-af14-b4985b9d9d5a,2024-10-29,Paid,False,1229.89,Credit Card,KSNBGB9A,AGT-2785,31.0,Yes,6.0
e489d57f-bfce-4ef1-9c36-2647d9d20f99,,Pending,False,1829.76,Credit Card,OJWWGB2G,AGT-3977,67.0,Yes,
8f6cc0b9-e301-4ffa-9b91-7626c54c4f75,2023-12-09,Missed,True,933.71,UPI,JPIFGBWQ,AGT-6298,34.0,Yes,8.0
5cebb9c9-4491-419f-a741-b2a664bcc891,2024-06-08,Paid,False,1806.96,UPI,TJLOGBVB,AGT-5685,76.0,No,21.0
3d1aa461-3878-46d1-885d-c53f06f5023e,2024-10-12,Late,False,201.28,Credit Card,YHOUGBAQ,AGT-1431,32.0,No,52.0
fa1ea6fc-1bac-4cb5-ace5-a91b69751aad,2024-05-31,Paid,False,1452.03,NEFT,DKVPGBJF,AGT-0369,60.0,Yes,29.0
526591f1-19fc-40c6-80b5-253dae0f81b5,2023-10-30,Paid,False,898.97,NEFT,KWORGB3V,AGT-2374,88.0,Yes,19.0
4daf3f17-aea8-4841-821b-cc35bd924adb,2024-03-12,Pending,False,1111.09,NEFT,UDNBGBGH,AGT-9727,12.0,Yes,39.0
9e148061-bdd1-4c41-bf97-8e9c1d56038f,,Paid,False,714.87,Credit Card,YEHAGBUF,AGT-5181,17.0,Yes,49.0
7e95a68e-6dc0-4f39-b8a3-f98afbc4a96a,2024-11-27,Late,False,1657.79,UPI,NXTRGBI2,AGT-7867,35.0,Yes,50.0
94e74cc1-6eea-4003-9ba4-5e8423361607,2024-02-17,Paid,False,420.23,Cash,ATYFGB83,AGT-9573,50.0,Yes,21.0
13568913-e10f-445d-a50e-8ff02c87e162,,Missed,True,874.1,Credit Card,XUMAGB3Z,AGT-0129,30.0,Yes,39.0
77ec58bc-1e2e-4d09-ba5e-3b710ae6648a,,,False,1758.58,,ZPHHGB8W,AGT-4212,88.0,No,8.0
dbecb7e7-8e8d-439a-840c-6ac396e2bc27,2024-07-21,Missed,True,723.26,Credit Card,JMTJGB9D,AGT-1807,75.0,Yes,33.0
8fa29bb8-61c5-4d8d-abb3-f45265497ba7,2025-04-16,Late,False,1631.58,Cash,FZAJGBGH,AGT-3159,79.0,Yes,19.0
,,Pending,False,1876.55,UPI,YPCVGBUW,AGT-5580,13.0,Yes,54.0
25ed3993-67cc-49e1-abdf-f04411b0a7b3,2023-09-16,,False,1704.36,NEFT,QPKRGBZP,AGT-8568,54.0,No,1.0
7c6a6e3f-c541-463c-896c-08cbf6b85557,2024-01-23,Late,False,1960.14,NEFT,NVSWGBCC,AGT-6551,16.0,No,26.0
88c72084-cacb-4fe2-a1df-7682d824f5cd,2024-09-11,Missed,True,1795.91,Cash,TVXCGB6B,AGT-0326,52.0,Yes,36.0
2607869b-407f-4248-8cd5-3199744dca39,2024-09-02,Missed,True,623.59,UPI,VFLBGBAM,AGT-0942,10.0,No,49.0
ac312a59-dae0-489f-a92d-00fb1bc3aeae,2024-03-11,Pending,False,341.38,Credit Card,MBUTGBEF,AGT-6323,64.0,Yes,45.0
d41655d3-a7f4-466a-ac2b-63fa36657116,2024-06-25,Missed,True,1431.33,Credit Card,VUOQGBN8,AGT-3493,27.0,Yes,4.0
5d2f254e-7a9c-46be-afe6-4af60a35872b,2024-11-15,Missed,True,1009.85,UPI,RYJJGBKP,AGT-1296,72.0,No,24.0
32b8bdd8-cdbb-4e19-a853-cb152081c0f0,2025-02-28,Paid,,1328.05,NEFT,HKJTGBUF,AGT-5901,49.0,No,21.0
bb158ea7-b380-4f3a-aa0b-e2e90478590f,2024-02-28,Paid,False,862.19,NEFT,LTLRGB43,AGT-3266,43.0,No,3.0
b1364734-d54f-4aac-bdec-4b6073806b26,2024-07-17,Late,,1165.62,Cash,,,82.0,Yes,34.0
23555635-5e7e-450b-8000-53d63099b18a,2025-07-14,Late,False,678.84,Credit Card,HZRJGBDH,AGT-8124,4.0,No,26.0
6fd76175-b6d5-4e44-91dc-6a9739d4ac3f,2024-11-02,Paid,False,1046.39,UPI,,AGT-6539,6.0,No,54.0
1015c86c-901e-4fdd-a873-479db2ed2e78,2024-11-19,Missed,True,1865.19,Cash,JWIRGBWG,AGT-8020,,No,16.0
5739116e-5250-4f1c-82d9-5b1666525f2c,2023-09-30,Missed,True,1828.3,NEFT,ICFPGBOD,AGT-8131,39.0,Yes,42.0
48e20307-9da1-492a-9efb-6789fd075cfb,2024-09-18,Late,False,1912.88,Cash,XHNJGBMG,AGT-2342,32.0,Yes,
d44051ca-b983-453d-aaeb-9f6af50aea53,2025-05-26,Missed,True,1078.93,Credit Card,FNTQGB09,AGT-0623,60.0,Yes,
aa7f95e9-9a6f-458c-a5ba-12bc7d2c1b05,2023-12-12,Missed,True,1509.3,UPI,FLRNGBMW,AGT-7212,72.0,Yes,12.0
12b891f5-220f-4c3d-87e7-ead67ebcb2ae,2024-12-06,Pending,False,1149.13,UPI,MEDRGB8D,AGT-8755,23.0,No,13.0
7084a982-1c4d-4eba-b671-8aa3dc158edb,2024-07-14,,False,1146.53,NEFT,AUTUGB3W,AGT-9478,74.0,Yes,15.0
c3de09e1-4b88-4236-a3f7-2cf4018216d2,2023-08-08,Pending,False,438.35,Cash,ALEJGBGK,AGT-1074,44.0,Yes,33.0
6e8524c3-9067-4526-a28c-7955046c48de,2024-05-12,Paid,False,1864.17,Credit Card,APNJGBFZ,AGT-5513,58.0,No,45.0
3f9ee55f-44b6-4d45-a73a-94649ef9566b,2024-03-08,Paid,False,1601.01,UPI,WBZCGBSP,AGT-8937,15.0,No,9.0
5a20e1a3-d43c-425a-bd8b-9bc5957c4a40,2024-05-14,Paid,False,1873.31,NEFT,PDQNGBGR,AGT-5730,21.0,Yes,58.0
0413b94c-7a43-4f3f-8689-774067f04765,2024-08-27,Paid,False,203.31,,XWCXGBC1,AGT-0524,86.0,,55.0
fc6e146c-b409-46c4-9dd6-9e6082efedac,2024-10-20,Paid,False,1145.51,NEFT,FIYPGBGO,AGT-1065,54.0,No,35.0
81cae86b-d611-4294-9383-be542e84baf5,2025-07-02,Late,False,608.32,Credit Card,KMCNGBX5,AGT-9848,,Yes,18.0
a3ff1a08-ae5b-43a7-85c4-85e2e55d7648,2025-04-16,Missed,True,574.18,Credit Card,YEFGGB18,AGT-4559,42.0,No,3.0
a32744e7-c0bb-41a4-a6a9-748897f93487,2024-08-24,Late,False,853.41,NEFT,QVZZGBKG,AGT-5476,42.0,No,
d2ab4440-4715-421b-8f92-015e76348d36,,Paid,False,755.81,NEFT,YVLKGBY5,AGT-2617,89.0,Yes,24.0
,2024-01-07,Late,,845.32,UPI,UWXAGB0O,AGT-0932,66.0,Yes,48.0
82cb3080-14de-4095-9d02-88f81e36df53,2024-03-24,Missed,True,1368.64,Cash,EVLYGBEU,AGT-7878,41.0,No,31.0
6ddab43d-b146-46d5-9779-c63064cb07cd,2024-06-02,Paid,False,611.12,NEFT,JSJYGBU2,AGT-4970,37.0,No,43.0
492785d5-7074-43b5-a760-4913034c9f43,2025-01-11,Late,False,1222.5,NEFT,HORUGBLY,AGT-5999,85.0,Yes,56.0
559af31d-c87b-4dde-84ec-ae0b4db56e16,2023-09-16,Late,False,1955.63,UPI,BROTGBG6,AGT-7219,,No,14.0
6bb0a1f1-6b16-43bd-abda-b9afe6713bfa,2024-07-28,Pending,False,,UPI,JWNGGB93,AGT-4518,53.0,,14.0
,2023-10-25,,True,,UPI,PWRJGBDY,AGT-9622,23.0,Yes,58.0
79489512-06fc-4ce8-bf79-d345ef0a4064,2024-02-25,Late,False,1815.76,Credit Card,LAMPGBT4,AGT-4557,59.0,Yes,33.0
e98549c6-21fd-41d1-a149-a4bc3a62f28f,2023-12-29,Late,False,1076.6,NEFT,HIPMGB40,AGT-2357,,No,3.0
e18e0991-249a-4125-b1f1-a778d83f3d58,2024-09-09,Paid,False,1925.96,UPI,,AGT-6402,83.0,Yes,24.0
d0c8aea8-9d5e-4fe4-9d49-f03684eec34d,2025-05-25,Late,False,467.05,Cash,BTRDGB6E,AGT-4854,89.0,No,30.0
7e0bf045-a87f-4adb-b005-2359181e9f39,2025-03-02,Pending,False,1546.72,UPI,YZTMGBDS,AGT-2538,77.0,No,59.0
198921dc-e965-4b0e-8066-f529acf3e4ab,2023-10-28,Late,False,1899.77,NEFT,GQKIGBNO,AGT-1126,53.0,No,8.0
539c1350-6008-4e38-9e0f-7e6bc7a5172c,2024-11-20,Paid,False,313.06,Cash,ZOHWGBQ5,AGT-1705,79.0,Yes,36.0
5add538d-bcf5-400d-bce6-36a0e76f48f3,2024-05-22,Paid,False,1573.86,NEFT,GLGQGBCZ,,59.0,No,40.0
92f6ec6f-410a-417d-a3e8-109b2b551b8b,2025-06-10,Paid,False,156.8,Cash,SYJCGBGK,AGT-2056,0.0,No,23.0
b4d3325f-0818-4fe3-9ff9-9a1953f2c626,2025-04-20,Pending,False,651.35,Cash,VJOJGBXF,AGT-0358,16.0,No,54.0
4dcfd92d-1398-4f71-a6ee-d59b696f5d78,,Late,False,1888.88,NEFT,BTBEGBI9,AGT-3365,19.0,Yes,4.0
db294853-2d39-42fe-be7f-38781187c0ab,,Late,False,472.25,Cash,UTKFGBZX,AGT-5208,59.0,No,26.0
64553b23-d89d-4aaa-b9cf-6f5f23afda14,2023-10-13,Missed,True,1208.06,Cash,LUEBGBT1,AGT-8367,27.0,No,5.0
abc28db3-9613-477d-aabf-3ea0145627e6,2023-12-24,Paid,False,1369.01,Cash,ZNBVGBY3,AGT-8836,81.0,No,22.0
7ed7b192-7de6-4773-84b6-9a39531a2ef8,2023-11-20,Missed,True,1619.29,Cash,RHHCGBEZ,AGT-1774,31.0,Yes,38.0
348a22a4-1f24-4d7e-ab1b-453ff1468454,2024-12-22,Paid,False,518.84,UPI,QRFYGBIN,AGT-4882,40.0,No,37.0
81f57bc4-4037-45b3-aaa3-83aa580120a8,2024-07-31,Paid,False,455.73,Cash,SREQGBZE,AGT-7898,,No,38.0
5e620889-4fbd-4800-ba51-48a7cc21b462,,Paid,False,640.79,NEFT,GIDRGB0P,AGT-7053,21.0,Yes,47.0
8c0d7b3d-b9bf-4f4c-9521-f59693cb1755,2024-05-18,Missed,True,,Cash,MMILGB98,AGT-3941,28.0,No,29.0
8850d677-f7ff-4419-a80a-4eae767d3e66,2024-04-28,Pending,False,1642.01,NEFT,YDAFGBZ1,AGT-6083,56.0,No,26.0
9214f87d-0abc-4b09-9736-0fc37dde53c3,2025-06-07,Missed,True,803.29,,YFPQGB7P,AGT-4223,64.0,No,57.0
7db4cafe-94e4-4bb4-b7d6-93bfa0441a5a,2023-09-19,Missed,True,1452.12,,LAGIGBHZ,AGT-5010,,No,23.0
c5b61935-56f8-4c28-a19a-07933df0e3fe,2024-02-17,Late,False,209.75,Cash,ENJTGBYL,AGT-2731,18.0,No,55.0
522a2546-eebc-447c-9626-a92ee160ea30,2025-05-18,,True,108.83,Credit Card,DDOOGBVF,AGT-1118,25.0,Yes,
c2a362f6-3ac3-40d9-94eb-d359817f3357,,Late,False,408.89,Cash,LUTOGBUB,AGT-2903,4.0,No,49.0
1117b800-8ce5-4935-b7be-6e86408ccae9,2025-03-09,Paid,False,1049.2,UPI,RZJUGB06,AGT-3010,71.0,Yes,20.0
356e912d-cb64-4b77-84c4-ae154fce6019,2024-06-15,Missed,True,1235.66,UPI,,,65.0,No,57.0
3bc7a390-8ee5-4d6b-aeba-f37b565e0a75,2025-04-27,Missed,True,1981.11,Credit Card,CIDRGBDP,AGT-4899,34.0,No,1.0
6e4820ee-b47b-4fb6-925e-43abe86abb1c,2023-09-29,Missed,True,1668.74,Credit Card,DLOCGBUY,AGT-5742,62.0,No,44.0
ee0264ee-6e44-43bf-818f-46e6e4b11ac1,2024-10-26,Paid,False,,NEFT,UMQNGB4X,AGT-8530,68.0,No,58.0
edc722fe-60e0-4a34-abcd-9e5e7af142c1,2023-12-27,Paid,False,1892.43,Cash,LCSHGBDN,AGT-2331,29.0,Yes,57.0
,2025-06-30,Pending,False,956.95,NEFT,ADBNGB4C,AGT-3079,3.0,Yes,24.0
d18da855-2586-4dce-9510-5af5488ef121,2024-08-09,Late,False,444.42,NEFT,AEEUGBD4,AGT-5227,52.0,No,43.0
8adac0a8-5639-410d-adf4-fcaedfe612c0,2023-11-09,Paid,False,1480.95,UPI,MHAYGBUS,AGT-7803,25.0,Yes,39.0
16e7263e-0663-4155-9b21-d909698115b2,,Missed,True,1403.4,UPI,YHDTGB96,AGT-2517,63.0,Yes,39.0
fbd89f68-4c3c-464a-b08a-07fa6abab29f,2024-11-04,,True,900.69,UPI,ZKUKGBGX,AGT-6760,,Yes,11.0
367d73b8-9848-4da7-804a-f42d583d2ffe,2024-10-01,Paid,False,794.92,NEFT,GKLRGB4N,AGT-5595,86.0,Yes,7.0
32ee3f84-250d-4e0e-8835-8c17ad0bab9d,2024-01-29,Pending,False,499.21,NEFT,TQWNGBMW,AGT-2053,52.0,Yes,39.0
,2024-11-07,Pending,False,1324.64,Cash,URXCGBH0,AGT-9583,1.0,No,27.0
d96b31b2-da87-48c8-9626-d9b4d879cac4,2024-03-15,,False,1153.27,Credit Card,SMGFGB9R,AGT-1036,57.0,No,2.0
3cd464d4-1b82-4f60-babb-352cd48e3198,2024-10-17,Pending,False,1882.68,NEFT,CCBQGBE9,,31.0,No,20.0
4cc221b6-6ddb-4274-b7f7-1307f4e46c4a,2025-05-26,Paid,,1495.67,Cash,BJNSGBHC,AGT-7739,16.0,Yes,10.0
1f51bcf5-e602-43ca-8f3b-8104980f6f8b,2025-01-13,Paid,False,982.22,NEFT,OESCGBY5,AGT-1744,75.0,Yes,21.0
f3957c4c-91bb-474d-abab-d20475fa17d7,2024-06-15,Paid,False,253.5,UPI,AZCIGBV6,AGT-1480,3.0,No,12.0
90c95d33-58d9-44ae-b954-5f7033a8924f,2023-07-27,Missed,True,1541.11,Credit Card,AZIYGB7X,AGT-0360,56.0,Yes,
51c2260d-117a-45e2-8dce-b1f50f007133,2025-04-16,Late,False,514.37,Credit Card,ZUTMGBUE,AGT-5692,35.0,Yes,53.0
d2eea38a-314b-4bd9-b904-137258f2a1d9,2023-10-06,Late,False,1822.56,NEFT,GNVYGB8G,AGT-3316,1.0,No,15.0
931e74bb-909c-4290-83fe-c06c84a8a8fa,2024-05-21,Late,False,1113.05,Cash,WWKHGBEA,AGT-6834,61.0,No,23.0
9f6a262b-087a-4219-a3f9-ad6c7fddfad7,,Pending,False,858.31,Cash,DLNCGB62,AGT-3039,66.0,No,22.0
88af5dbe-7d84-45e2-a249-9de0c383e515,,Missed,True,450.07,UPI,TJJXGBHF,AGT-0921,65.0,Yes,42.0
2fbd940c-8bc2-4920-9632-34627086a5ed,2023-12-24,Paid,False,1330.82,Credit Card,UMYRGBFM,,54.0,No,44.0
1775f643-a6cf-4cf1-be20-9b71d486fc8d,2024-12-16,Paid,False,737.51,UPI,JFNTGBI1,AGT-5488,,No,24.0
26f83653-23d9-41e5-bd69-4b4724728b3e,2023-10-25,Missed,True,225.61,UPI,GPEXGBG2,AGT-2530,12.0,Yes,45.0
af3fbe85-8f94-46de-8532-5ebfc2516a91,2024-07-01,Missed,True,1113.35,Credit Card,LXBYGBMR,AGT-8012,37.0,Yes,43.0
15331b3f-950e-4255-b282-0a64aa56176e,2025-03-12,Late,False,1986.32,UPI,JQJZGBMB,,57.0,No,6.0
c4af90f0-4874-4454-8f22-030304846532,2025-04-15,Paid,False,1552.73,UPI,BAIEGBS0,AGT-0733,76.0,No,34.0
b2b2a1c4-1f9d-40c9-9396-d12c906b0067,2024-04-06,Paid,False,164.27,Cash,GJIDGBQH,AGT-4425,79.0,No,36.0
4128e952-96c5-4500-8fd0-903cd0db6261,2024-01-03,Pending,False,1062.12,Cash,BQWWGB06,AGT-6337,50.0,No,23.0
8ce4c35a-2988-454a-8b4b-7cf784643e15,2025-02-15,Missed,True,855.94,NEFT,INTWGB34,AGT-3874,56.0,Yes,43.0
b44ca906-5972-4b5c-b21f-645a74a5e656,2023-10-28,Late,False,1282.56,UPI,CIXUGBFM,AGT-9266,7.0,Yes,33.0
9e5cd395-dd01-4fdd-b1ef-d154d2f238fd,2024-07-01,Late,False,901.91,Cash,QPIQGBCZ,AGT-8464,0.0,No,43.0
39deae31-be38-4b47-bcc2-f6b9154412fa,2023-10-16,Paid,False,,Cash,LJRYGBGB,AGT-9308,77.0,No,55.0
8fedecc3-bf10-4c68-b72a-4089c31ad7a8,2025-05-13,Missed,,1126.09,Cash,WIDSGBUQ,AGT-0994,48.0,Yes,12.0
0727b78c-7557-4cb9-a093-1ec2f57249d5,2025-02-06,Late,False,258.79,Cash,LAPIGBDW,AGT-2025,40.0,Yes,41.0
6c4a6dbc-caba-4671-a2f4-2dfe92153847,,Pending,False,1441.2,NEFT,RLGFGBCS,AGT-8243,65.0,Yes,7.0
8af07977-e929-44be-a12e-a0008fc77140,2024-04-24,Missed,True,1779.17,Credit Card,,AGT-9629,11.0,No,55.0
b5065e69-63ac-41aa-81b4-a1fbed8d3e59,,,False,736.43,UPI,DMENGB8E,AGT-2264,64.0,No,3.0
570ac16d-111c-4a47-9853-aa39527c58c5,2025-04-26,Missed,True,1441.42,UPI,JSDVGBJ6,AGT-8479,51.0,No,22.0
54a1ee3a-c006-4af7-afc9-3691d6ebc888,2025-03-22,Missed,True,1971.64,UPI,TPAOGBNE,AGT-2502,24.0,Yes,37.0
,2025-01-11,,False,1220.66,UPI,UALAGBTF,AGT-9302,40.0,No,45.0
5e4702fc-52ee-4304-a3c7-dc3fd34c4b0d,2024-08-19,Pending,False,1790.19,Cash,DRTFGBMD,AGT-6404,31.0,Yes,4.0
05c60ed9-f0f0-4e9d-932f-8165825111a0,2025-01-10,Pending,False,487.87,UPI,NEAGGBK2,AGT-6598,55.0,Yes,24.0
ee618809-0309-454f-a0ac-80b633e23cef,2025-01-03,Missed,True,1078.71,UPI,JISPGB7G,AGT-2580,41.0,Yes,40.0
b2905842-b786-47e9-a048-3c69490f2d0a,2024-06-20,Missed,True,461.46,Credit Card,HPVTGBIX,AGT-3062,5.0,No,47.0
6c1cd85c-3787-4967-a708-6f43090c38cf,2024-09-30,Paid,False,1652.71,NEFT,WXZHGB6V,AGT-9111,36.0,Yes,16.0
483d947f-f627-4eb3-99d6-2c40dc40271b,2024-10-01,Paid,False,654.3,NEFT,EAOGGB8H,AGT-1915,3.0,Yes,34.0
a2edc7bc-b563-41f6-841d-1e63a2895309,2024-01-20,,False,1744.49,UPI,MSTZGB21,AGT-8156,22.0,No,10.0
b5e11d2b-b3ea-48d5-a7ac-aa0329106eed,2023-09-18,Late,False,920.45,Cash,NSTKGB7K,AGT-3692,69.0,No,37.0
1a075b69-cb21-4cab-a295-38b9d59dc31e,2024-06-20,Paid,False,1504.43,UPI,VSIDGBKV,AGT-1493,14.0,Yes,23.0
0ea6536a-2aed-47a3-8042-0626e6ab5264,2024-08-26,Late,False,777.4,UPI,AJXOGB11,AGT-8110,33.0,Yes,18.0
3d74c426-43ac-4e21-b5f8-85e57f2ea372,2024-09-17,Missed,True,1796.96,UPI,MMMBGBWR,AGT-8921,16.0,No,11.0
16f01290-cf6f-4a56-b45b-56471f2eeda2,2024-08-27,Paid,False,250.96,Credit Card,VNXVGBKW,AGT-2709,80.0,Yes,3.0
,2023-12-23,Late,False,606.13,NEFT,UMVUGBA4,AGT-0731,19.0,No,31.0
a4971374-b2e3-48ed-9520-2383013e22aa,2023-12-09,Paid,False,292.2,UPI,IDFCGBZV,AGT-2036,,No,7.0
6065878b-391e-4443-b566-27a302babe95,,Pending,False,925.16,UPI,XVVSGBE7,AGT-1406,60.0,No,3.0
ba2dcf61-c798-4df6-a398-280525c6b778,2025-05-14,Pending,False,1726.72,Credit Card,JKEWGBVY,AGT-0115,89.0,No,33.0
d918aa19-3228-4000-a204-37c457df29a4,2025-05-03,Paid,False,1928.07,NEFT,WTWLGB2W,AGT-0511,17.0,No,
1c5f2d00-e160-4571-a289-75ffb60ed521,2024-12-08,Paid,False,1918.92,NEFT,KKPXGBGV,AGT-2471,1.0,No,33.0
c974d7b0-4902-4817-8908-743d367ab0f3,2023-12-18,Paid,False,765.92,Credit Card,,AGT-6756,12.0,No,28.0
12359836-7d5f-46ca-8314-4bad8f06b1c5,2025-05-16,Missed,True,1795.31,,CGAYGB21,AGT-2832,41.0,No,30.0
d7b860ea-1956-422b-8ba3-178d21251294,2024-04-11,Late,False,1948.31,Credit Card,KHHRGBEJ,AGT-8811,21.0,Yes,2.0
85d3048a-8d4e-490a-a567-217d870ddbd2,2025-04-28,,False,1812.68,Cash,QDMGGB3B,AGT-4471,62.0,,24.0
c47c716e-a327-475e-bff1-5b280aee5cf9,2025-06-12,Late,False,884.97,UPI,UAXXGBH6,AGT-5224,,No,53.0
1d2aa543-e0ca-4b59-ad80-2625bc3ea5f2,2023-08-27,Pending,False,172.71,NEFT,XUKTGB84,AGT-1017,34.0,Yes,19.0
ab66da87-abbc-44be-8684-6a1dc74be68f,2024-09-07,Late,False,1537.38,,MTZYGBWR,AGT-0954,67.0,Yes,15.0
1c15919a-b97e-4286-b372-10f48938d5f9,,Late,False,324.93,Credit Card,KAUWGBGA,,7.0,No,40.0
6687e4e1-e4d4-45f7-a5f8-64483a37858b,2024-02-06,Pending,False,140.26,Credit Card,XMUJGBC6,AGT-7623,88.0,No,28.0
9ccb5666-989d-45c3-8123-1e74f97090ae,2025-05-18,Paid,False,767.37,Cash,EAJEGBYM,AGT-9712,33.0,No,9.0
14eb1a30-d5aa-4609-ab5c-2963815f81d4,2024-10-21,Paid,False,1431.72,UPI,,AGT-2660,16.0,No,12.0
85c62e2b-972e-46bf-b39f-323f908b75a5,2024-04-21,Pending,False,484.5,,EGKKGB2A,AGT-9537,7.0,,19.0
a3bd54fc-9cb4-46df-8695-5a90916054c1,2024-07-21,Late,,1031.54,NEFT,VWTQGB3X,AGT-5971,14.0,,59.0
750ddcd0-99f3-49a2-ad07-7786f23f9de8,2024-07-31,Paid,False,1456.14,Cash,IQFGGB1L,AGT-8591,87.0,Yes,30.0
69920704-ae45-453b-bd37-a87dfc3d0ae5,2024-03-07,Late,False,1300.44,NEFT,VYSPGBOK,AGT-0422,84.0,No,41.0
98aea65a-fa1a-4e93-8306-bd4acbf9bccc,2025-01-25,Pending,False,1990.29,Credit Card,UFTDGBUV,AGT-0369,25.0,No,12.0
c2932f0c-fb3a-4215-98b4-630cb7022e0d,2024-09-26,Pending,False,292.42,Credit Card,QDFUGBOR,AGT-3402,62.0,Yes,35.0
35278dc6-73ed-4e00-8f88-fb943afffbcf,2024-07-17,Paid,False,807.9,Credit Card,PBXSGBV8,AGT-9637,69.0,Yes,39.0
0e02683b-5e29-4096-a797-69f13c6cf67c,2024-07-29,Paid,False,692.37,Credit Card,ZGNDGBBD,AGT-1670,25.0,Yes,12.0
2d1bfbe2-e263-47c2-9a99-0f1a978a7824,2025-01-19,Late,False,391.44,UPI,JNYRGBJ3,AGT-3967,87.0,Yes,59.0
90f5399a-8822-48eb-bfcd-e3ab2d585ea9,2025-02-09,Pending,False,387.96,Credit Card,JGPYGB80,AGT-9323,47.0,No,20.0
e4561bfa-0526-49ec-98be-743b78334ecd,2023-11-16,Paid,False,269.33,Cash,RSLRGB2A,AGT-8229,7.0,No,3.0
74d1d930-ca6d-4fcd-a957-9c7ab3c6f07e,2025-05-22,Paid,False,1899.94,NEFT,WCTHGB7L,,6.0,Yes,30.0
28854ad0-0851-424f-90ab-f74afb58478b,2023-12-09,Late,False,830.47,UPI,EDZBGBQH,AGT-2963,9.0,Yes,36.0
db175ad8-6222-4f25-881f-3cd18da456b4,2024-08-26,Missed,True,1294.26,UPI,FAFVGB23,AGT-6002,43.0,Yes,34.0
f6292a0d-948b-4f6f-87a4-bf4b4694d79a,2023-10-16,Paid,False,1648.13,Cash,DIBDGB01,AGT-2017,83.0,No,49.0
e7e82670-0260-4397-8dcd-d5d84aafe4eb,2023-11-10,Pending,False,1254.39,Credit Card,FXDBGB9G,AGT-1862,56.0,Yes,51.0
cc8dd1d7-b6d3-45d3-b1e5-e0af7e43eed3,2024-12-13,Paid,False,1759.29,NEFT,QRTHGBGY,AGT-0875,69.0,Yes,
fbb359fb-e0f2-4f2f-8d8c-e96c4b788966,2024-02-03,Pending,False,1200.66,Cash,BMCTGBP6,AGT-5949,85.0,Yes,7.0
17f0b119-3fe5-48a5-b586-3d575f170df2,2025-01-12,Missed,True,1444.45,Cash,YQGRGB39,AGT-2716,33.0,No,51.0
6b7c0fe7-8ccc-462a-b85c-dae2b8a6d4a0,2025-03-24,Pending,False,381.82,UPI,FBJZGBN8,AGT-0355,17.0,No,53.0
d3592524-aa63-4795-ae0b-f0d4e8ee3150,2024-04-29,Missed,True,1708.13,NEFT,RXMIGBBE,AGT-7530,1.0,,25.0
ec92b4ef-e2c2-42a7-b9d9-fd33bd8a1f9b,2025-03-06,Paid,False,1284.83,NEFT,ROQQGBDT,AGT-5410,66.0,,34.0
07c41d1b-778d-4da0-920c-09dfed00c02c,2023-10-10,Missed,True,1183.93,NEFT,BOZKGBHL,AGT-8953,50.0,Yes,8.0
,2024-02-26,Missed,True,1627.96,Cash,MVRFGBUE,,8.0,No,29.0
a9722d2f-2d8f-48df-832c-5a9bdbc72ef6,2025-05-13,Paid,False,1068.52,NEFT,BHIPGBDV,AGT-2576,44.0,No,6.0
c38bdb1c-ba4f-4017-8bf3-eb1cf762d184,2023-11-29,Pending,False,852.02,UPI,,AGT-9115,6.0,Yes,40.0
ed6e598d-15cb-4ca4-9f77-d0d120c3c829,2023-08-20,Missed,,1508.25,Cash,WXDPGB4M,AGT-6130,73.0,No,1.0
,2024-06-07,Pending,False,543.83,NEFT,ITQRGBWA,AGT-1988,4.0,No,24.0
e79b5616-c4fa-482f-87ff-e4c0270a4d9b,2024-04-28,Paid,False,627.5,NEFT,KIVVGBY2,AGT-3186,18.0,Yes,37.0
f6cbe5dd-2b39-47cd-a8ba-cb022417eabe,2023-11-13,Pending,False,368.5,Cash,OFYXGBKX,AGT-1428,67.0,,44.0
fc28d629-ca19-457f-ae45-959be85ae44a,2024-03-24,Missed,,1370.96,Cash,FSEKGBC0,AGT-1027,89.0,Yes,44.0
bf7690f9-db9b-4e90-a39a-8df8e44b5707,2025-03-11,Late,False,1544.22,Cash,PITUGBGK,AGT-2624,35.0,No,43.0
fc8efa74-2fda-4d69-a14f-531b8d021c14,2024-01-14,Paid,False,707.15,Credit Card,UTDFGBCL,AGT-9002,79.0,No,58.0
849ec01f-1d85-49e4-b7d5-546cfc2a8b29,2024-06-18,Paid,False,1789.12,Credit Card,XKVQGB36,AGT-9927,32.0,No,19.0
7b12410b-79f3-4dce-af3c-447a539b8ab6,2024-10-21,Pending,False,1752.55,,,AGT-6896,52.0,No,
9cad5134-564a-4dc4-8042-644f9f059f2d,2024-11-01,Paid,False,816.29,NEFT,PCMFGBCT,AGT-5041,11.0,No,21.0
6df7599e-f265-4a8d-8bde-11ba10db254f,2025-05-30,Missed,True,374.66,Cash,,AGT-7062,18.0,No,53.0
83cd3256-dcaa-4391-9ec4-ceee28cf04a4,2023-08-18,Missed,True,701.54,Cash,CTMRGBAO,AGT-0269,38.0,No,4.0
12964223-3421-4370-8c02-9f928a13120d,2024-07-22,Late,False,451.33,Credit Card,DJFNGBPH,AGT-5553,78.0,No,47.0
dfb8f7eb-bb1a-4249-a727-1968bf2de9cc,2025-06-29,Paid,False,102.93,Cash,SELJGBJ4,AGT-6612,56.0,No,1.0
0c0574d0-fd20-4f99-b8fd-247f736f6cdd,2023-10-23,Paid,,756.94,UPI,IMZQGBVG,AGT-0622,17.0,No,21.0
77476558-1ba0-498d-bb8c-52184bd3609d,2024-12-02,Missed,True,475.99,NEFT,HHPQGBCX,AGT-5083,,,26.0
13cf2f79-acb4-41e2-bdc2-7dd0f3ca8acc,2025-05-20,Pending,False,107.48,NEFT,BRKKGBQR,AGT-6804,5.0,No,42.0
9cd11dcf-6d02-485e-9c58-750d64885b61,2024-03-11,Paid,False,1098.85,Credit Card,MDEQGBPG,AGT-3071,10.0,Yes,39.0
b7771ed9-a253-494a-80f3-650b19db5d59,2025-04-06,Paid,False,,UPI,VGEKGBCP,AGT-0105,28.0,No,37.0
c1999763-a692-43b9-985e-71e84f0f17b2,2025-02-25,Missed,True,,UPI,DAZYGB04,AGT-0097,25.0,Yes,2.0
f21dff45-7480-4e79-a75d-450ee6ded9c9,2025-06-08,Late,False,1025.74,NEFT,VVRPGBGD,AGT-3808,54.0,No,
452ed13e-dbe7-42ca-b51e-c4a3632c9400,2025-06-30,Missed,,1970.34,NEFT,PGOMGBXH,AGT-6743,21.0,Yes,40.0
,2024-12-30,Late,False,995.5,Credit Card,NHWKGBQB,AGT-5218,4.0,Yes,34.0
5f7e069a-b001-40b2-a457-413a8d019b1d,2024-03-31,Late,False,336.61,Cash,RDEDGBM7,AGT-7262,18.0,Yes,30.0
295c9e8b-3daf-431e-97b4-06f1a9120de6,2025-06-02,Paid,False,446.47,Credit Card,BYXPGBS3,AGT-1428,64.0,Yes,24.0
6f007aa6-5d2e-4bc3-8b1d-4452ac712df0,2024-07-19,Paid,False,398.66,Credit Card,MGXHGBST,AGT-1120,22.0,No,2.0
baa57a1f-479f-4b6a-b70a-b77306ebb4a2,2024-08-16,Paid,False,1474.81,Cash,ETJLGB54,AGT-4435,84.0,Yes,5.0
320d5655-4124-4fc1-a092-62a87139094a,2024-02-24,Missed,True,767.43,NEFT,TBUOGB2H,AGT-3885,21.0,Yes,4.0
4b46bfb5-27bf-423f-a0f8-cfc16c8f4746,2025-06-24,Missed,True,1805.33,Credit Card,OZWAGB0T,AGT-2205,32.0,Yes,40.0
94250a22-b1f8-4cbd-bf15-4f9e6471038f,2024-10-09,Missed,True,640.81,Credit Card,FSQFGBMV,AGT-3633,8.0,No,18.0
670c9c5e-9e59-431f-b86b-ab459ba3b33d,2023-08-29,Missed,True,729.46,Cash,MOBAGBEB,AGT-9452,39.0,No,20.0
eff81dda-2444-41fe-9fe1-10390d699231,2024-07-21,Paid,False,1270.4,Cash,ZQVIGB84,AGT-9441,40.0,Yes,17.0
0ca90876-803f-48d8-b4e9-74371f6a1e9c,2023-11-14,Paid,False,557.69,Cash,YLWFGBQ5,AGT-6147,51.0,Yes,
0f7bff06-c9e3-4183-93b6-e2dd9d3ab5eb,2023-08-03,,False,867.83,NEFT,EYCVGBAL,AGT-9562,76.0,No,49.0
6bf8c536-c77f-4419-b612-7d6a6b4e7339,2024-01-29,Pending,False,1916.77,UPI,ZEFXGB00,,10.0,Yes,10.0
55250a91-d5f7-43bb-8f72-a699ea6c0168,2025-04-03,Late,False,1370.24,UPI,JUQFGBKI,AGT-6101,3.0,No,40.0
0c1074f0-198b-4618-bb35-5f57ad446abe,2024-07-08,Pending,False,1666.14,Cash,JUFQGB6Z,AGT-3126,,Yes,17.0
82ec5321-f728-470d-8c0a-fc72d4a22a01,2024-10-30,Late,False,1477.99,Credit Card,IGPBGBQB,AGT-0831,63.0,Yes,51.0
2e238fb7-1bd2-45a1-b023-192c60e3aa33,2023-10-02,Missed,,636.07,UPI,SEUEGBNJ,AGT-6040,2.0,No,55.0
d3c71d01-eb9d-479b-849b-1de4f3d40fff,2023-10-05,Paid,False,1886.36,Credit Card,MDCOGBZK,AGT-7431,60.0,No,13.0
50e72806-aff7-425a-8d23-addeadcbbb6d,2024-09-19,Pending,False,1222.97,UPI,JASSGB9M,AGT-7239,27.0,No,13.0
253b47e1-e735-4d34-bad3-cf5a4658bd4e,2024-02-04,Late,False,457.13,Cash,DYPQGBPD,AGT-5182,21.0,Yes,
12719e39-e766-408c-99d7-fa94e41328d9,2023-10-11,Pending,False,1719.52,UPI,UVAZGBLN,AGT-7780,55.0,No,49.0
381fbeab-e578-4df6-8fd9-668084545fd9,,,False,740.06,UPI,ZBNUGBVS,AGT-1217,40.0,Yes,40.0
9961d1ba-833a-4928-993c-df7d69486df9,2023-09-26,Missed,True,529.83,Credit Card,MHNUGB1J,AGT-2201,42.0,No,46.0
f0bd8f23-537d-4d9a-8f1b-69f98f71d0d8,2025-07-10,Paid,False,453.51,NEFT,XTCMGB7R,,9.0,Yes,32.0
f2ef292c-16c7-4906-beb1-02f8f2c958f5,2023-11-29,Paid,False,,UPI,QOHNGBY0,AGT-0903,24.0,No,54.0
cf3de539-af45-43fa-8a3e-a7e47daf45ec,2024-04-17,Missed,True,428.17,Cash,YETYGB3R,AGT-9724,,No,
cbb5efe5-620d-4a80-8d58-6a0bf50dc0e2,2024-06-28,Pending,False,1267.93,UPI,HGSZGBGT,AGT-0203,41.0,Yes,56.0
8eb2a885-f70e-4a6e-9814-19b7381a2b18,2024-05-30,Pending,False,1101.5,Cash,AHUAGBY9,AGT-8082,72.0,No,49.0
5ac3fc6c-056f-478b-829f-ad6f9705c544,2025-05-17,Missed,True,686.84,Cash,ROYUGBYB,AGT-6498,53.0,No,
dcf9d7ba-324d-470c-9302-9bfed174f9b3,2023-10-22,Pending,False,757.31,Cash,LJFKGB5L,AGT-8562,29.0,Yes,32.0
,2023-10-04,Paid,False,1727.33,NEFT,ODBYGB0R,AGT-2466,32.0,Yes,12.0
03aecb09-f372-405f-84a1-aa34a5cf86ad,2024-11-29,Late,False,452.26,,DSSIGBV5,AGT-0936,25.0,No,28.0
94d87121-758c-40f2-bbed-2d622baf58dc,2025-07-14,Late,False,1954.04,UPI,EIWKGB3H,AGT-6294,77.0,No,30.0
719e3d52-b6d2-417b-9e8d-e943d0ff6b1e,2024-09-02,Missed,True,1259.13,UPI,JPKGGBT5,AGT-2396,18.0,,53.0
126dc757-0082-453b-9d48-268660271b95,2024-07-13,Late,,574.92,NEFT,URQFGBYF,AGT-8381,87.0,No,39.0
708b7d88-2316-42f3-9cfc-5ca98f2dd8cb,2023-08-19,Pending,False,1492.53,NEFT,BYPBGBXF,AGT-8127,47.0,No,4.0
6983d40b-43e8-4837-a9ff-d7ae6fa5d034,2024-12-25,Missed,True,791.57,,ZMWDGB3A,AGT-4096,75.0,No,48.0
cad86592-5b96-408f-9832-550141f82ada,2024-11-10,Paid,False,723.14,Cash,UWHMGBP0,AGT-3977,36.0,Yes,30.0
8d419e4c-f707-4dd8-a23b-2ec073130b57,2024-04-02,Paid,False,736.48,UPI,FADCGBZ4,AGT-2963,53.0,No,10.0
bcccc45f-e00b-4ee1-867a-510ca540a84f,2024-06-27,Missed,True,1287.62,UPI,WHLTGBC8,AGT-5580,,,
ebeb6e95-5c9b-4ba7-826f-443f0471bc73,2025-02-14,Late,False,135.45,Cash,BDJDGBT6,AGT-3649,23.0,Yes,11.0
,2024-12-16,Paid,False,934.94,UPI,XMBAGBVY,AGT-7341,88.0,Yes,34.0
c6fe208c-249c-4371-9b68-754d796a2a8e,2024-12-03,Missed,True,895.39,Cash,MRKPGBO0,AGT-1436,80.0,Yes,2.0
940ce373-d5f1-4c63-bc0b-fcc6aa60b984,2025-07-14,,False,1446.44,Credit Card,ZHXDGB9I,AGT-3192,65.0,No,44.0
7e6584be-00e4-434d-bbd0-213010be1103,,Late,False,497.34,Credit Card,UZUKGBNT,AGT-4611,66.0,No,24.0
,2025-06-28,,,581.47,Credit Card,CKMAGB47,AGT-3862,,Yes,51.0
07444f37-b846-45bd-add8-47df5043f3b6,2024-12-30,Missed,True,1338.67,Cash,GYTKGBFJ,AGT-8988,39.0,No,36.0
3df62e60-7ee0-43c5-9148-d62f875c6063,2023-11-08,Paid,False,1056.77,Cash,QTSVGBJF,AGT-8734,81.0,No,22.0
ab8acefd-4c4f-4250-bd5a-68068fc15bdd,2023-12-12,Paid,False,997.25,Credit Card,OQWCGBS1,AGT-2679,20.0,Yes,33.0
e18506ac-17e0-4e65-974f-8738561ecc6e,2025-02-04,Late,False,1490.27,Credit Card,LRTLGBVY,AGT-8899,30.0,Yes,31.0
e1cf44a0-1f7d-42a8-b523-911256f0d423,2024-04-01,Missed,True,1463.24,Credit Card,YIIHGBUQ,AGT-2753,82.0,Yes,6.0
a97040f1-495d-40b5-ad14-250cff63b115,2024-12-02,Missed,True,,Credit Card,EZSTGBR7,AGT-7100,89.0,Yes,23.0
0e5921e5-65bc-4887-a44a-7e1ae85dbe1f,2024-10-05,Late,False,838.14,UPI,WJRBGBTE,AGT-7956,22.0,No,30.0
1efcd6c1-3179-447a-b42f-1af558855e5d,2025-01-31,,True,195.71,NEFT,MGEXGB5C,AGT-3418,56.0,Yes,53.0
3331d1c2-31dc-4d33-aa45-511b261df59b,2023-11-01,Missed,True,124.34,UPI,GHHLGB14,AGT-3428,26.0,No,49.0
,,Late,False,1675.41,,UZYUGBOG,AGT-7072,53.0,No,22.0
ea1dcb65-6f80-4a9a-b1bb-1dd9b7504128,2025-02-12,Pending,False,1848.41,UPI,FGPEGBBC,AGT-5999,45.0,Yes,
147747fa-8c5d-4261-ae41-b5aaacafdab1,2024-05-07,Late,False,1160.57,Cash,GJMOGBGL,AGT-8267,,Yes,59.0
36df6a74-eea2-4e8d-9410-f2fca4c7d719,2023-12-16,Missed,True,808.4,UPI,RQIUGBIT,AGT-6858,21.0,Yes,6.0
57f5a60c-89b9-489c-a7e0-72796e3505dd,2024-08-17,Missed,True,1368.97,Credit Card,IFKSGBVQ,AGT-5555,85.0,No,13.0
2a9cf67b-f0f3-4f2e-9d9d-5572d905517a,2023-08-23,Paid,False,675.41,Credit Card,SRMKGB5T,AGT-1760,79.0,No,19.0
baa36d04-1c92-4746-82a5-c52c993b209a,2025-03-04,Paid,False,1347.5,UPI,YAVIGBRZ,AGT-1399,1.0,Yes,20.0
577e3021-d0cd-4632-80e9-9287d0c94193,2024-01-20,Missed,True,1701.68,UPI,,,45.0,No,36.0
22686786-4c84-4665-8df7-1354b24fc1a4,2024-10-11,Late,False,1253.82,UPI,DJNPGBQJ,AGT-2695,74.0,No,26.0
f8477830-c8e0-4b9e-a35c-fcf58c10d671,2024-03-22,Missed,True,720.2,Cash,AWQNGBCO,AGT-0996,15.0,Yes,57.0
66f3e8e3-b669-489b-8594-4cfeb962d92f,,Missed,True,1801.85,UPI,EYERGBOU,AGT-4286,80.0,Yes,19.0
2450bdc7-7a42-485b-b4f8-8941fa9b080d,2024-01-30,Pending,False,370.71,,RASIGBO3,AGT-3121,14.0,No,22.0
69ad1ad6-9234-40bf-baba-76a9a41861d3,2023-08-06,Late,,208.59,UPI,XXVRGBKW,AGT-5850,16.0,No,14.0
94127c2f-1836-4567-91d4-da2acab3dad2,2024-07-08,Missed,True,441.45,Cash,WEQWGBCH,AGT-9600,71.0,No,27.0
643ecb85-cb5d-4f40-a679-7d07e81ecdaa,2024-04-12,Late,False,1910.66,UPI,DJBMGB3J,AGT-6939,76.0,No,19.0
6e8451d6-4ab8-43a9-80ef-7f02b41ed378,2024-01-25,,False,814.97,Cash,ZADVGBIM,AGT-4148,29.0,No,
ad41846f-2a7f-45bb-88f0-7e6ded71691f,2024-03-29,Late,,246.16,,HQOXGBO5,,33.0,Yes,30.0
d25e657f-39eb-4b83-838a-804fd87d44d9,2024-10-25,Paid,False,854.76,UPI,IAVGGBU4,,,No,27.0
e999e42e-c96f-4edf-81c7-b51aecb11fc3,2025-05-14,Paid,False,1844.95,UPI,ROCQGBK0,AGT-5145,16.0,No,20.0
528abaa0-325c-4cae-af30-b0d0236477f5,2024-06-26,Pending,False,1412.76,NEFT,KSVAGBP3,AGT-2081,52.0,No,52.0
e5227b12-567d-4b4a-9b65-4fb6bf018928,2024-03-29,Late,False,928.29,UPI,WCRGGB8Z,AGT-7642,40.0,No,
25f4b96d-a2d0-4b35-8590-a65c8b8a81d2,2023-09-25,Missed,True,908.86,Credit Card,EVBKGB3O,AGT-3676,1.0,Yes,37.0
ee71d16a-584b-4e0b-9727-e8f635a88a3c,2024-07-09,Missed,True,1425.92,NEFT,BDVCGB4W,AGT-4109,38.0,Yes,16.0
c5c39191-09b9-49d0-a9e9-766e478fc29b,2024-09-22,Late,False,968.15,UPI,YAOSGBJE,AGT-1028,5.0,No,45.0
d49cc26f-5b2a-4aa9-ac6d-0633d9f4baf0,2024-05-18,Missed,True,523.7,Credit Card,RCPSGB29,AGT-5885,18.0,No,25.0
2b5eefa1-842a-4a16-906b-42f69a6b5818,2025-06-16,Missed,True,258.62,UPI,GXEUGB84,AGT-4988,83.0,Yes,43.0
09a83799-6d04-4062-a6fc-8d5bb8a354a4,2023-10-12,Missed,True,1342.36,Cash,TMSQGBCK,AGT-5472,18.0,No,16.0
93197de2-d00d-41d7-99ed-d7b0a6079b47,2024-09-13,Late,False,1537.37,NEFT,TKJPGB0H,,71.0,Yes,50.0
8942b40a-da98-4486-a0bf-073c804d7272,2024-10-21,Late,False,1503.09,UPI,AYIXGBIE,AGT-5142,44.0,No,36.0
,2024-03-25,Late,False,1199.53,Cash,SXFXGBNK,AGT-0845,64.0,No,
96512df8-475b-4390-a9be-94f049d53796,,Missed,True,111.34,UPI,KJUNGB6P,AGT-4558,30.0,No,52.0
633a2a75-22d5-4065-bfb1-b32faa60c612,2023-09-30,Missed,True,1428.11,Cash,SQCOGBNZ,AGT-4054,72.0,No,23.0
205e0b25-8ba8-49dc-b00d-69398d8b678b,2025-04-01,Pending,,936.43,Credit Card,SQEEGBQ3,AGT-0949,62.0,Yes,35.0
84531ee7-47ce-4e61-8015-a57c67a36c6a,2023-09-28,Pending,False,1785.13,NEFT,JCKWGB3H,AGT-7165,13.0,Yes,
fc59d8f6-351b-4312-b96c-d9c0c05c64c8,2023-08-16,Missed,True,,NEFT,JJKBGBI8,AGT-8631,72.0,Yes,54.0
0e2bfa3b-1b6d-4ada-bacc-a7caf187794b,2025-02-18,Paid,False,1401.66,UPI,UNRYGB77,AGT-9117,53.0,Yes,42.0
9b03c483-6ddd-49e5-868a-16db401e03b0,2025-07-07,Missed,True,930.37,UPI,YWSZGB27,AGT-9771,31.0,No,44.0
8340672a-11e1-4287-95c2-f2f774f4a529,2025-01-06,Late,False,1624.0,NEFT,KFXOGBR2,AGT-6506,9.0,No,27.0
20fe6d9a-afbc-4605-b2c8-9f2ae8923875,2025-07-07,Pending,False,,NEFT,PAKZGB8W,AGT-9568,9.0,Yes,50.0
03afb0a8-1a49-4190-99a7-44e8d871c5d9,2023-10-02,Missed,,1007.24,NEFT,ISMBGB37,AGT-9887,38.0,Yes,4.0
46d3ba2f-6871-490b-9363-5c80b02edc73,2024-01-21,Pending,False,1678.39,Cash,DWMOGBH1,AGT-2327,,Yes,38.0
28297135-3c6e-49df-bb34-fdd4e1eee84e,2024-11-02,Late,,432.42,Cash,ZJFPGBBP,AGT-9722,74.0,No,43.0
5e4acd07-8d44-42a5-b273-323471304aa2,2024-07-10,Pending,False,,NEFT,GSWTGBZ7,AGT-3151,,Yes,18.0
d751e6f6-5c3b-47d1-80a4-224e67285297,2025-02-03,Pending,False,1091.52,Credit Card,PYYZGB2O,AGT-0235,11.0,Yes,
77848c7f-72b8-45cc-8af3-8b3d69d3efee,2025-06-04,,False,1703.4,Credit Card,ZKFDGBY2,AGT-1797,30.0,Yes,16.0
8a396de9-8220-489a-a20b-338a50b1bd8d,2025-07-06,,False,950.11,Credit Card,BETGGBQG,AGT-7981,47.0,No,1.0
7e9b3164-b1dd-42cb-940a-26a74e363e2a,2024-01-12,Pending,False,1142.23,Cash,ZFBEGBQ2,AGT-2829,31.0,No,4.0
4f9354bf-8bf1-4a30-b44e-e86bdb256f83,2024-11-08,Missed,True,950.7,NEFT,HIGGGB6X,AGT-8484,17.0,No,22.0
27b80845-009e-4880-ad05-fa8b8bbd504a,2025-06-01,Pending,False,150.25,UPI,GDDBGBD9,AGT-0886,87.0,No,42.0
dafd7f28-4da9-444f-979c-6136a9afce4d,2023-10-12,Pending,False,1808.4,UPI,NLSAGBBE,AGT-8045,40.0,No,28.0
bf9a08f1-fcb0-46fd-918b-6688f334d8d8,2024-06-17,Paid,False,1588.09,NEFT,KNJBGBIO,AGT-1991,21.0,Yes,34.0
3459008b-6f0c-4862-ad15-cb7a7eea4afc,2024-08-16,Paid,False,1085.09,NEFT,OBFLGBPN,AGT-4109,18.0,No,25.0
1a3e8a31-36d0-468a-afe5-4961c558bfe2,2025-03-16,Paid,False,1636.58,Cash,UZUTGB4U,AGT-5365,8.0,Yes,22.0
00b686e4-38e1-41ff-8321-7bc3d63f2f09,,Pending,,,NEFT,TEKQGBN6,AGT-9109,8.0,No,30.0
ec37699f-0a16-4553-a07f-5b3d0f7dd02a,2023-10-26,Paid,False,892.61,Credit Card,AEWMGBAD,AGT-1018,26.0,Yes,57.0
79a6edf6-c9bb-4d03-96e1-de60857225b3,2023-11-11,Missed,True,1468.82,,DRDQGBRF,AGT-8254,1.0,No,57.0
9770505f-25f8-4130-bdd3-10c4d71fdbad,2024-03-23,Late,False,740.04,NEFT,YRLYGB1H,AGT-2169,3.0,,25.0
ac506fb9-ba63-483d-83a9-abf7735e1af8,2025-02-04,Pending,False,538.3,Cash,CASCGB3W,AGT-0210,76.0,No,7.0
14b68004-fda2-40a1-8b85-06b6e76c384a,2023-09-12,Missed,,992.99,Cash,YMREGB0A,AGT-2581,64.0,No,7.0
9cc15aa6-447f-4f2d-9b6b-22bb38f70a3b,2023-07-24,Missed,True,1821.04,NEFT,GGZLGBBJ,AGT-4773,32.0,Yes,43.0
2c2d48d5-ea46-4856-9228-57b1c402cf7e,2023-08-18,Missed,True,402.13,NEFT,JABVGBTB,AGT-3218,70.0,No,2.0
995fd49a-4eca-479a-b9e0-507ce5747565,2023-09-07,Missed,True,1761.34,UPI,XNZPGBW9,AGT-7034,20.0,Yes,29.0
1ded65de-aedb-488d-a938-71ba56c1ab6a,2024-04-06,,False,1049.0,NEFT,ETTIGBHP,AGT-5147,50.0,No,43.0
36b683cf-0487-454a-9d89-ee1532143beb,2024-05-18,Missed,True,853.76,NEFT,GHLEGBG5,AGT-9055,83.0,Yes,17.0
3ac4f895-f632-4a1a-9972-5da1779080ad,2025-02-03,,False,1334.8,Cash,ZSPLGBMO,AGT-0008,66.0,No,51.0
6f66eba2-1ed3-46ba-8809-ae39b1f89a18,2025-05-25,Late,False,937.38,UPI,BFWTGB50,AGT-4491,64.0,Yes,11.0
34878cdc-56c5-4f5a-8411-d295b794755d,2025-02-24,,False,293.04,Cash,RXHWGBRE,AGT-4823,84.0,No,22.0
060dccee-afbc-4111-82ca-130a3b74ee27,2024-01-23,Missed,True,1999.75,Cash,IVAUGB0D,AGT-8736,52.0,No,28.0
8eb170f9-fc47-43ae-8f12-6d7eb41313a2,2025-02-09,Late,False,1433.79,Credit Card,,AGT-5489,56.0,Yes,43.0
38dfd9d8-4145-41fc-9a7e-9b49a2f0b021,2023-10-23,Missed,True,666.66,Credit Card,HQLXGBC3,AGT-9270,69.0,Yes,59.0
f06c2c5d-c13d-45a8-9e71-812ec285b133,2024-07-17,Paid,False,1233.52,Credit Card,IFJTGBV1,,57.0,Yes,28.0
da0ff111-1096-4820-b908-3e21615f989b,2025-05-22,Pending,False,453.36,NEFT,FJKZGBCF,AGT-9213,7.0,No,15.0
6a03eacf-c31a-4022-bca0-985839d4c7a6,2025-04-14,Missed,True,1669.89,NEFT,RKRAGBGY,AGT-8202,42.0,No,20.0
ab698909-a0b1-4941-884b-afe1d0fafefe,2023-11-11,Pending,False,1700.15,Credit Card,ZUARGBAL,AGT-3932,13.0,Yes,56.0
50dc3363-7bd0-4e99-a5a1-67df536c4c58,2023-11-03,Paid,False,364.43,Cash,JZKFGB4Y,AGT-9034,67.0,No,50.0
e26fdffc-198a-4089-9d61-5c5d26e63676,2024-02-22,Late,False,908.85,NEFT,TAZPGBVI,AGT-9455,35.0,No,35.0
35ffa957-0f88-4fdf-9187-dbefae2a35fc,2023-12-03,Pending,False,1256.64,NEFT,NGZNGBDF,AGT-1641,53.0,Yes,7.0
d1630df5-2bf2-4ccc-9acb-4deaf9a2005c,2024-10-16,Late,False,915.0,Cash,MXTUGBLO,AGT-6403,48.0,No,19.0
1c7d262e-6808-477b-8916-8d3ce53cd38b,2025-02-15,Late,False,890.32,NEFT,BETPGBLT,AGT-9660,56.0,No,54.0
b072f694-c110-4fab-94be-1fa929dcad63,2025-05-07,Late,False,175.37,Credit Card,MKKPGBVJ,AGT-1808,15.0,No,46.0
107a8373-799e-4253-8b11-adce09794757,2024-07-24,Late,False,1628.86,Credit Card,GEBZGBLM,AGT-5543,70.0,,50.0
34afcaeb-9c62-48a9-88dd-e66ca17a6bd8,2024-08-31,Late,False,679.39,UPI,KLOFGBRJ,AGT-3716,35.0,Yes,44.0
205e97fc-dcfa-474a-ad33-114656ca0163,2023-08-01,Paid,False,380.52,UPI,HUKBGBG2,AGT-4085,87.0,No,56.0
dc56df16-3aa5-4717-9cff-beafc07ae748,2024-01-20,Paid,False,290.94,UPI,NOMGGBFL,AGT-7551,76.0,No,50.0
51a8f02a-1745-46f7-b6e2-2e3b52e452fe,2024-01-21,Missed,True,1620.36,NEFT,ECRFGB8H,AGT-0172,22.0,No,56.0
d791b03e-fac8-4858-b6f0-a4178cbecca9,,,False,273.74,Credit Card,SFRDGBIX,,4.0,Yes,16.0
74169aab-39b8-4cb0-a24a-63d63b4fece8,2024-09-29,Paid,False,439.09,NEFT,JUGWGBWV,AGT-2841,,No,11.0
6058ed5d-f2ff-4454-8951-e6593d708184,2024-04-07,Late,,1541.77,Credit Card,AOJLGBBC,AGT-2526,39.0,No,53.0
bdf61292-a138-413f-8062-9cd7c66f76df,2024-04-11,Late,False,617.08,Credit Card,LVJZGBYV,AGT-1984,60.0,No,45.0
ddbb43bf-2117-4958-a49b-1f1c4c1a65cb,2024-06-02,Late,False,410.95,Credit Card,THTJGBNG,AGT-6408,7.0,No,2.0
151864d6-e87e-46bf-88e8-4e4f330041a0,,Paid,False,188.33,NEFT,RMOCGBML,AGT-0415,5.0,Yes,26.0
97353c52-d22c-43da-b0e3-0fe07369baa4,2024-11-18,Pending,False,1012.59,Credit Card,LATHGBA9,AGT-1657,32.0,Yes,1.0
0a179595-3fe5-4e4e-bf87-79ba664b5cb7,2024-01-30,Late,False,1333.28,Cash,ECRCGB8F,AGT-9684,40.0,Yes,2.0
59e22e2a-b421-4f34-9cac-c5f0925747df,2024-03-19,Missed,True,1612.69,UPI,YWNRGB13,AGT-8160,20.0,No,12.0
dba5d2ea-1241-4d72-bc13-2c31ab07b89f,2023-12-28,Paid,False,1861.86,NEFT,AHQGGBDT,AGT-4491,79.0,No,47.0
202ec635-225e-42c1-9b2d-e1270100576f,2024-05-24,Missed,True,458.27,Cash,XFRWGBM5,AGT-9071,24.0,No,26.0
ae25c29a-c151-4643-9a50-f2eae5b09f5e,2025-04-26,Pending,False,923.9,Cash,IWKNGB3O,AGT-7126,19.0,No,8.0
22278f5d-3b7b-4df3-8abf-16560f2b148d,2024-06-20,Paid,False,,Cash,OWGKGBGE,AGT-9209,46.0,No,10.0
70408e5c-874f-467f-ab52-f3fc29fdc005,2025-07-08,Missed,True,1797.13,Credit Card,JZTJGBY3,AGT-4359,69.0,No,44.0
bde19491-9957-441c-b605-029141437337,2025-06-09,Late,False,1492.82,Cash,UFBJGB9A,,72.0,Yes,47.0
2a6ad5c7-b6b2-4595-b06a-ab0a3017b069,2025-01-14,,False,1056.52,UPI,LXBRGBGI,AGT-1605,23.0,No,3.0
e5eb0187-9a22-4233-b87b-658f3e4a7c1b,2024-06-15,Pending,False,123.15,Cash,NCSBGBBO,AGT-8572,87.0,No,53.0
1a6ab67f-a9c4-4598-91b1-d733790878c9,2023-11-27,Late,False,1569.2,UPI,BJECGB44,AGT-3957,49.0,No,41.0
3de53d1f-549c-45b4-a3b3-cf37b25fbe57,2024-01-10,,False,657.73,Cash,DQMJGB2U,AGT-8361,70.0,No,24.0
82bdbbcd-e5fd-48b2-a9f5-091c53436f84,2024-01-31,Paid,False,1118.58,Cash,NIDJGBUW,AGT-5712,18.0,Yes,23.0
a35a94b8-786b-4eb1-9c2b-2d8d45ea3468,2024-01-19,Missed,True,1272.82,NEFT,TSQBGB67,AGT-1274,49.0,Yes,17.0
50727686-dbff-4c85-bc44-5da9b589eb59,,Late,False,506.24,UPI,TVPFGBLH,AGT-7438,87.0,No,13.0
245074fa-a51f-4349-ba01-f51fa196f52f,2024-08-30,Pending,False,1633.33,Credit Card,RIKVGB2X,,7.0,,26.0
9c09d4ad-e7ff-46ce-95a7-940437727c2f,2024-03-11,Paid,False,471.62,Credit Card,MJQJGBK6,AGT-1459,21.0,No,20.0
bf956de6-0ad0-42d9-a600-b08feb4dff83,2024-09-28,Late,False,1326.11,UPI,YYXVGBM2,AGT-6302,3.0,Yes,33.0
d88f75aa-6c1f-4031-b026-8dbaab204777,2024-02-13,Late,False,1054.28,UPI,PIGIGBBD,AGT-4965,64.0,No,35.0
5a88df2e-6380-4c1d-ab65-1d3803a149e9,2025-06-11,Pending,False,,UPI,,AGT-5730,17.0,,20.0
8dcd4d1a-e7f7-434a-94ea-392aca7395dd,2023-08-21,Pending,False,551.55,Cash,KOVBGBZU,AGT-2840,76.0,Yes,4.0
8fd3385c-4b4b-4127-af30-4f03de0e6ab5,2024-07-17,Paid,False,595.35,Cash,WOIHGB8X,AGT-6881,35.0,No,29.0
0d87e419-e0cb-45e3-9121-dcdd4b3dce1b,2024-09-07,Paid,False,1903.34,UPI,FHORGBNN,AGT-5095,49.0,Yes,19.0
79fca7a8-91bc-48e6-b077-6471f7ad0070,2023-10-26,Pending,False,206.93,,ZCSNGBLA,AGT-2785,36.0,Yes,22.0
89dc679e-95a5-4030-ad4b-46b01079cbd5,2023-11-25,Missed,True,,Cash,UUFBGBNE,AGT-3203,8.0,Yes,10.0
0014f09f-a6e7-401b-9b1c-19a360d4c338,2024-12-10,Missed,True,1027.2,Cash,BXBDGBL5,AGT-2029,,,39.0
4581c669-ed9f-4d9e-a302-83bd34c79226,2025-02-11,Pending,False,1186.62,Cash,DUQDGBWN,AGT-1265,28.0,No,38.0
e4d5e3cd-f48b-4123-b4ed-d23b8b9e2a94,2024-04-04,Late,False,223.33,Credit Card,PHCCGBEU,AGT-3463,37.0,No,
51c6e487-3976-4a26-8a97-118572fb1c1b,2024-06-23,Missed,True,763.59,NEFT,,AGT-5909,6.0,Yes,45.0
61691c3e-2920-4af4-b28e-5b2edcb3c669,2024-03-25,Late,False,1547.18,Cash,HJSUGBIQ,AGT-1038,45.0,Yes,23.0
f5493f8e-194a-429a-949d-494dbf4b1553,2025-02-11,Late,False,1419.89,Credit Card,HNSOGBQ1,AGT-2282,26.0,Yes,2.0
e433e6e0-f33f-406b-8ab7-0e5b35f2cffc,2025-07-11,Late,False,408.45,NEFT,IDOIGBL7,AGT-7881,74.0,No,16.0
bb60dc7d-8729-4286-a5af-f399ec2b7fc7,2025-05-15,Missed,True,1750.71,Cash,TLAUGBCP,AGT-7944,72.0,Yes,49.0
87ee9eb7-8efc-4226-8593-3a306abd2c01,2025-04-25,Paid,False,876.48,Cash,JCKYGBQR,AGT-6787,8.0,Yes,4.0
bf3332d1-182c-4cb5-9d45-c04628e5a62c,2025-06-13,Paid,False,594.99,,MWUOGBZ0,AGT-5068,88.0,No,5.0
38800ced-1074-4ea5-a8d8-68b3f5112b2a,2024-01-23,Paid,False,136.13,Cash,ZFQKGBFK,AGT-5390,49.0,Yes,35.0
d3489884-4b14-4cbc-98ba-a22c61db665c,2025-06-20,Pending,False,1820.17,NEFT,CXFZGBJW,AGT-3825,69.0,No,7.0
fb2c70fe-e175-4650-9d94-44f1463ea5a0,2024-03-04,Late,False,,Credit Card,HMZRGBHG,AGT-1154,12.0,Yes,30.0
21d76c88-447f-4cab-9e86-8101547b588b,2024-09-01,Late,False,1206.92,Credit Card,KNTEGB96,AGT-4143,18.0,No,12.0
14de3b6f-54b5-4f9b-b060-aa2449009583,,Late,False,255.99,Credit Card,GXCJGBRQ,AGT-1908,68.0,No,7.0
f76a1efe-7433-493f-9815-5802075b4e80,2024-06-16,Paid,False,114.85,Cash,OJDPGBMM,AGT-4646,73.0,Yes,21.0
b838ee2e-1a84-4823-a306-3172dcd572cb,2024-02-05,Late,,514.44,Credit Card,BABTGBX0,AGT-4841,17.0,No,14.0
049a60de-4727-4af1-9080-c81da0ead3da,2023-07-24,Pending,,1001.73,Cash,QOKBGBW7,AGT-5782,57.0,Yes,37.0
14743569-353b-42c7-a9a7-eb480639a2d9,2024-06-15,Missed,True,498.77,UPI,AXSJGB5Y,AGT-4125,42.0,Yes,52.0
74b77574-d14f-49d4-93e0-75ff56d73868,2024-11-05,Late,False,1165.92,UPI,QCSWGB4X,AGT-5378,28.0,No,13.0
919ec11f-3464-455d-af80-669cd70926f2,2024-06-28,Late,False,1371.61,Cash,CPHSGB4E,AGT-6139,80.0,No,55.0
19773049-f0ce-4bc6-ac06-48898d7c1963,2023-10-24,Late,False,742.03,NEFT,ZDNAGBB4,AGT-8787,32.0,Yes,4.0
e88ecb01-c7fa-4ea3-9e9c-5411a82965d5,2024-06-22,Missed,True,516.71,Cash,RZJHGBUH,AGT-9068,64.0,Yes,58.0
79218f97-f398-4e75-8447-f9c6256f455c,2025-02-14,Late,False,358.12,,OTPVGBHA,AGT-7716,73.0,Yes,32.0
a164a6d7-458b-4a5a-bc9f-05a1829c1581,2024-08-07,Pending,False,872.04,Credit Card,CPSXGBVC,AGT-3740,22.0,Yes,30.0
ac0c0c5b-040d-40ba-9557-449783bc4542,2024-08-24,Paid,False,1932.04,Cash,YLOWGBLV,AGT-9861,8.0,,16.0
a8179cab-4891-42ef-b802-2a534353ddd6,2024-03-24,Missed,True,1177.43,Credit Card,IDEEGBRK,AGT-1876,40.0,Yes,39.0
136dcca9-e506-4728-bcc2-eb19c66eecae,2023-10-03,Missed,True,334.82,Cash,AVMYGBZ8,AGT-7402,11.0,No,
92a4b609-fa8b-4ecb-b8ee-98c25b3b1054,2023-12-26,Missed,True,242.99,UPI,IZEBGB9V,AGT-2806,31.0,Yes,58.0
8b9d4931-6534-42e5-a9d9-360d3873c217,2025-03-14,Pending,False,854.71,NEFT,VZUWGBUY,AGT-7943,56.0,No,38.0
12c9b4f4-45d6-4fa7-b93b-69e02e336f1c,,Pending,False,1847.52,NEFT,XNTZGBIM,AGT-9961,23.0,No,20.0
ff1a2459-8786-495d-96b5-bdc95f1263d2,2024-05-27,Late,False,1681.53,NEFT,CVQZGBXV,AGT-1573,82.0,No,23.0
2acbe2e4-366a-4ff2-81d6-1a7a41246917,2025-05-27,Late,False,1475.13,,TDWZGBHH,AGT-3072,30.0,,29.0
2eee6127-de0d-4af4-981e-cce681309e6b,2025-01-16,Pending,False,442.39,UPI,QYOWGB9G,AGT-8630,25.0,Yes,35.0
411cb52b-4be9-4b21-8839-98af4754c720,2023-11-16,Missed,True,678.92,Cash,,AGT-7550,63.0,Yes,43.0
40992458-e769-40f9-822c-161e8af1df83,2024-11-04,Missed,True,1470.97,NEFT,UPRVGBFO,AGT-5872,38.0,No,33.0
c4b27550-bb1c-4119-a98f-31a280cd5987,2024-12-05,Late,False,178.68,UPI,TMJNGBMD,AGT-2996,45.0,No,24.0
80cf92d4-a71a-4f61-9a05-40e6daa9e267,2024-11-17,Late,False,1954.52,UPI,CZWEGBRD,AGT-6533,21.0,No,34.0
d5ea96a0-497e-44ec-b7eb-7b76abef422b,2024-10-08,Pending,False,1727.97,UPI,FHZHGBCG,AGT-1674,65.0,Yes,31.0
0613a7a2-e4bb-44ce-8dd5-55136f6f559e,2023-09-12,Pending,False,1859.58,NEFT,ZFOSGB3B,AGT-1507,22.0,Yes,10.0
2e245b1e-fb08-42ee-a83f-45eea05465d3,2024-10-29,Paid,False,271.61,NEFT,FENPGBCP,AGT-0250,30.0,Yes,25.0
cfce2381-a42d-41ab-8e36-2409489533bc,2025-03-13,Paid,False,1639.86,UPI,WFQAGBTL,AGT-0181,72.0,Yes,19.0
6db2da1d-8b4f-4b4b-82fa-3a2cc2fdd943,2024-02-28,Late,False,468.75,UPI,OVAKGBV2,AGT-1220,49.0,Yes,42.0
36881018-a925-420f-a0a5-0bda336d557e,2023-11-12,Late,False,,Credit Card,AFDQGBRD,AGT-8157,89.0,Yes,52.0
a8170ab7-5592-4c1c-be5a-fecb22414830,,Late,False,198.11,Credit Card,YRMEGBZT,AGT-7642,60.0,Yes,30.0
f4bc54de-a9b4-423b-9fa4-686bc321c048,2024-04-16,Missed,True,1727.57,NEFT,RUHTGBQO,AGT-9197,51.0,No,10.0
8cf1187e-bec4-4e27-8496-4d433d3ab6eb,2024-07-28,Paid,False,225.48,NEFT,WXIGGBZO,AGT-2572,79.0,Yes,29.0
f4801b00-2e04-4632-9b4d-7b2e09f88894,2023-07-28,Paid,False,1367.57,UPI,BVYLGBLF,AGT-2981,63.0,No,29.0
a94be560-e57c-4be9-9f3a-609b33949197,2024-03-06,Late,False,1380.71,NEFT,ROLXGB5B,AGT-1134,58.0,,2.0
eb36e917-fde8-4d72-949e-83856fb71551,2024-03-17,,False,1639.67,Credit Card,OKKKGBGB,AGT-5554,52.0,Yes,4.0
,2024-12-30,Missed,True,545.88,Credit Card,DNJBGB4S,AGT-7983,69.0,Yes,41.0
6f904158-a6b1-4a22-bcfe-b916533dbad0,2024-02-26,Missed,True,1727.45,Credit Card,NZMMGBZG,AGT-9025,51.0,Yes,9.0
4b6f16a8-883c-4e9d-83df-67a62a77ee9d,2024-08-01,Missed,True,1728.14,,NGYPGBJ1,AGT-3033,85.0,Yes,37.0
1a0d94b0-1a0e-41ef-a59b-e5289dd7bf5b,2025-01-05,Pending,False,115.59,Credit Card,SEUUGBHU,AGT-3435,72.0,No,31.0
1f74a1fe-3687-4da9-b0f8-50c3b4f4d079,2025-06-26,Paid,False,1497.16,Cash,UPJQGBLE,AGT-0401,72.0,,26.0
81c49b55-0f3c-43ee-9c8e-40a6640b78a8,2024-06-12,Missed,True,822.35,Credit Card,HSMCGBMP,AGT-3273,45.0,Yes,20.0
ba4a927a-a19d-4d12-9cb0-d0368107ccbf,2024-10-06,Missed,True,1730.17,UPI,ZVYDGBQB,AGT-3994,22.0,Yes,14.0
cff7ca4d-be10-4f37-9421-e98412a68e21,2023-10-06,Paid,False,1802.11,UPI,SMXYGBGS,AGT-5092,68.0,No,8.0
2f06fb88-6223-4bcf-a066-9212f518f5dd,2024-12-15,Late,False,743.59,NEFT,IPORGBWA,AGT-9586,72.0,,59.0
c2d8f7d7-4dfc-4bb2-964e-f5972e65742f,2025-01-20,Late,False,1660.94,,ZSCKGB2X,AGT-9122,65.0,,45.0
94d008c3-33e6-41d9-ac65-30238ef82ac2,2024-03-03,Missed,True,959.82,Cash,,AGT-7158,19.0,Yes,53.0
430ab0ae-f211-46c7-a384-1eea1e014680,2023-10-21,Missed,True,1133.05,Cash,HXEVGBEW,AGT-0822,15.0,No,13.0
d08302aa-b0fe-450d-a9bb-0da4617a1fd5,2024-12-13,Pending,False,,Credit Card,ANYRGB64,AGT-8144,89.0,No,48.0
de032da1-af3f-4a2a-914a-f4e7c9ca6440,2024-03-05,Late,False,419.28,Credit Card,XBWGGBIX,AGT-9235,36.0,No,42.0
eb04ce7b-50de-49d9-8298-d6c98f5f3c41,2024-10-15,Missed,True,792.34,Credit Card,LCLDGBUP,AGT-9003,41.0,Yes,49.0
ec763abf-b6fe-4787-954d-0804d662626a,2024-05-02,Paid,False,1642.3,Credit Card,NYZMGBDO,AGT-3020,42.0,Yes,18.0
2f455ec9-2696-47fd-83d2-37f7c89eea90,2025-05-11,Pending,False,1800.8,Cash,BDVEGBAW,AGT-2417,81.0,No,11.0
9d75f636-fc38-496d-a6ac-64a717271a47,2024-03-03,Pending,False,1035.49,Credit Card,UCVZGBS9,AGT-4480,19.0,Yes,30.0
3924da7a-078a-415d-acd9-6a53fd7bb6ed,2025-07-16,Missed,True,1164.52,Credit Card,ZACPGBGC,AGT-1973,0.0,No,58.0
4fbe7887-bc92-4982-a718-7fac1551fb9c,2024-12-04,Missed,True,584.02,,IQVOGBO6,AGT-9395,37.0,Yes,11.0
869b1fc8-d8c5-4e81-8e1b-5ef1d8a79e21,2025-02-04,Pending,False,546.48,Credit Card,ULZBGBXW,AGT-8186,68.0,No,38.0
e1d6b28f-4f22-47e6-898f-ddca8450f5cd,2024-10-18,Missed,True,1315.33,Cash,HQXFGBN5,AGT-1216,61.0,No,30.0
12749128-3561-451f-81c5-a6fc338295ec,2024-09-26,Late,False,,Cash,WDGKGBNV,AGT-9489,50.0,Yes,32.0
814aeb99-e5f9-4c26-8786-ad0f119b0f92,2024-01-29,Pending,False,1330.44,Credit Card,OQBPGBSC,AGT-3450,13.0,Yes,30.0
83dbe843-d77c-44c5-87b7-a389b6b7ee7c,2024-02-12,Pending,False,461.18,NEFT,WOLCGBCP,AGT-4223,46.0,No,26.0
d29d9ce1-c69c-4165-a4f5-b1e72da8a90d,2025-02-27,Pending,False,137.35,Cash,GCFFGBD1,AGT-1380,38.0,No,49.0
56beed19-4740-480e-b323-1c8bb8385750,2024-04-07,Late,False,1962.74,Cash,XVJGGBHH,AGT-6827,89.0,Yes,34.0
bf4492f3-ed7e-43bc-80ad-a32ddf6cfd7d,2025-03-05,Late,False,439.95,UPI,,AGT-3193,50.0,No,2.0
50468783-218a-4a8a-a2c1-54d39c160ae5,2023-11-22,Late,False,527.27,UPI,FETMGBZD,AGT-4585,60.0,No,11.0
8f3c44d8-845f-4c6c-a907-e0432c59e4dd,2025-04-19,Missed,True,1349.49,NEFT,HHEIGBWF,AGT-9017,12.0,Yes,18.0
3a774864-9bfd-4a09-b87e-45fc3dfb29b0,2025-04-02,Late,False,900.56,NEFT,UWXXGBG6,AGT-4725,27.0,Yes,42.0
5bb522ee-cd72-4dbb-a9ec-223aa644da01,2024-02-18,Late,,552.24,Credit Card,ZBGNGBJY,,16.0,Yes,18.0
944f6305-3485-4abd-aa8d-4f3e514f3319,,,True,1258.21,UPI,YRUVGBN4,AGT-0227,81.0,,9.0
fbcf9dbf-2bed-4ddc-8932-935263636400,2025-05-04,Missed,True,1382.1,Credit Card,KDESGBA3,AGT-6552,39.0,Yes,17.0
97cdeb3e-537c-43d5-af34-95a89d47a200,2025-02-21,Late,False,1723.58,Cash,PKKOGBVE,AGT-9026,23.0,No,49.0
4a834c56-41dd-4b90-a2e4-a86de51409c4,2025-04-25,Late,False,384.66,UPI,TRVLGB8P,AGT-7247,46.0,Yes,2.0
5f81ab7a-072d-4c71-be88-df8e30ce0676,2023-09-27,Pending,False,1543.13,Cash,IDPBGBK5,,49.0,Yes,22.0
fc0d9aa2-c272-413d-a5ba-296ed5e641d1,2024-06-15,Missed,True,1415.86,Cash,,AGT-3457,42.0,Yes,51.0
0d38e6b6-6cf1-420f-9f03-b8302abf8252,2024-01-10,,True,262.75,UPI,XRNKGBK6,AGT-2951,81.0,No,12.0
42f90d84-4735-42b7-a755-e436a5dc21e3,2024-06-24,Missed,True,539.66,UPI,AYJKGB3U,AGT-2479,67.0,No,54.0
d5f4d371-ddef-4407-8186-ee69a619e918,2024-06-28,Paid,False,126.53,Cash,OYNIGBMD,AGT-8921,58.0,Yes,34.0
a1427f2b-a2d0-435f-b499-25ebe2a58776,2024-06-30,Pending,False,622.2,Credit Card,XNAHGBD0,AGT-4998,84.0,Yes,24.0
a3b0f622-7919-4842-b363-329b109d7c11,2024-12-10,Missed,True,1785.73,Credit Card,MSSTGBC0,AGT-7282,49.0,No,1.0
f0c1cc19-51a8-4ad2-a8fd-67ce02c246f2,2024-06-10,Pending,False,548.07,NEFT,NKSSGBJQ,AGT-0812,80.0,No,
b42a4d80-8e66-4fb5-8b9f-e540b71cce84,2023-09-25,Late,False,1593.49,NEFT,BLKUGBSH,AGT-2926,55.0,No,59.0
0cd46b91-206c-464b-88af-323a210eaaea,2023-10-22,Missed,True,1846.19,Cash,BPHCGBOZ,AGT-8636,68.0,Yes,17.0
d2281b9c-e530-4139-979c-339c74e6c352,2025-04-17,Missed,True,1655.29,UPI,CXHTGB01,AGT-4276,83.0,Yes,37.0
08d62603-7599-4db9-943d-2b6fac57f105,2024-08-13,Paid,False,1591.34,UPI,THAOGB2H,AGT-9794,68.0,Yes,5.0
6b4af1ce-805e-452b-873b-e2e5f7df3224,2024-11-08,Missed,True,1413.42,Credit Card,USALGBR8,AGT-7618,41.0,No,27.0
,2024-10-14,Late,False,1707.86,Cash,OUCJGBV1,AGT-9788,56.0,No,12.0
52d5cdf3-4cf1-46d2-933f-cb6a506be734,2024-09-18,Late,False,1131.32,NEFT,AYVKGB6E,,26.0,Yes,46.0
1ec688cb-ec07-4386-bb9d-3586e0da99dc,2023-12-14,Paid,False,462.21,Credit Card,FDKYGB0V,AGT-9749,88.0,,54.0
53af5cfb-587f-43d0-82e5-d89dedf2fe7b,2025-04-20,Paid,False,1094.37,,SIWVGB6S,AGT-2846,68.0,Yes,10.0
b0c20f11-6969-407a-908a-e7dfd37f5fb9,2023-12-16,Paid,False,221.56,UPI,ZMZUGBLX,AGT-7091,18.0,No,28.0
7855fa5c-383f-4e5b-85de-330f2c273141,2024-07-20,Missed,True,1926.35,UPI,BJXBGB5P,AGT-9653,35.0,Yes,
9ff6b481-a0f6-44d1-b5a8-bb31e8852297,2025-04-01,Paid,False,849.25,Credit Card,HRTFGBSS,AGT-8883,44.0,No,29.0
f4a841e8-5708-4828-947b-2a5dce4250ee,2024-08-25,Paid,False,1392.52,Credit Card,WCXCGBDO,AGT-3389,,No,35.0
89004ec8-340a-41bf-801f-061f2f564932,2025-01-04,Paid,False,686.77,NEFT,SYDUGBF5,AGT-6347,52.0,Yes,41.0
8e01a4ba-10b2-4b5a-a3db-7afd92336830,2024-03-27,Late,False,970.46,NEFT,ZQQVGB4C,AGT-1068,20.0,Yes,32.0
6530ccd2-d48d-4e16-a9b5-4b02dc07eb4b,2024-02-23,Pending,False,371.2,NEFT,LJRNGBHW,AGT-5797,46.0,No,6.0
80dbfea3-9312-4dc3-928e-16472afd0ad4,2025-02-24,Paid,False,769.27,UPI,AOTIGBQU,AGT-0604,4.0,Yes,34.0
f8fbfab0-6a64-41a0-8700-87c16fca509d,2024-02-20,Pending,False,1253.13,Credit Card,UCDIGBPL,,33.0,Yes,29.0
5ee59538-40da-4002-a36c-9a19fe36a69b,2023-08-02,Late,False,1552.48,UPI,KBWZGBOJ,AGT-2763,25.0,Yes,24.0
,2025-04-11,Paid,False,274.2,UPI,XOLJGB0S,AGT-5536,32.0,No,24.0
75473e8d-3a01-4035-a078-c01cf3883418,2025-02-08,Missed,True,813.18,,CELCGBR5,AGT-0235,55.0,No,13.0
c0b7fe76-d6f0-4d58-a756-260294356505,2025-04-28,Paid,False,1077.86,,FAWAGBO3,AGT-2359,5.0,Yes,
65a06880-47b0-44d5-bf6c-025755a9e2ac,2025-06-16,Missed,True,1656.43,UPI,BZYVGBV4,AGT-2247,88.0,Yes,26.0
94b98c5b-4be5-47ca-ab93-5f48d1e88404,2024-01-25,Late,False,203.12,NEFT,,AGT-4193,55.0,No,21.0
adab8874-a072-446c-b431-4230bc959066,2023-12-26,Paid,False,1442.67,UPI,AWETGBR4,AGT-4690,12.0,No,34.0
b8b51583-2303-44a8-a826-4df9c49c44fa,2024-06-30,Missed,True,1310.6,Credit Card,OCZGGBTT,AGT-0629,81.0,No,28.0
563266d1-13f1-433a-893f-7dc5aef4e6df,2023-10-14,Missed,True,600.94,NEFT,PYYAGBJV,AGT-8819,60.0,Yes,26.0
d8961b7c-4451-45fa-a328-b9e39ef12138,2025-04-01,Paid,False,1941.18,Credit Card,OQHSGB2V,AGT-4894,57.0,No,1.0
e740a392-23f5-4754-b311-d6860844e9ed,2025-01-04,Pending,False,1149.35,UPI,AZFDGBM3,AGT-5861,43.0,Yes,30.0
ca524ddc-f7fd-4b1a-b592-7d0447b6e073,2024-07-30,Pending,False,286.38,NEFT,CHRFGBNT,AGT-4192,5.0,Yes,13.0
4d04838b-747f-443a-8733-a0ffcea6c9b3,2024-04-27,Paid,False,1070.95,Cash,LJYMGB94,AGT-3200,44.0,No,19.0
,2024-02-06,Late,False,1432.14,Cash,DKCNGBB4,AGT-1384,48.0,No,44.0
1cb4227b-2b95-4f5c-86cb-885f9ab7b922,2023-09-16,Paid,False,1052.79,Credit Card,SONVGB5L,AGT-3283,13.0,,13.0
efa88c94-f83d-4595-bd80-51f03a21ec57,2025-07-13,Late,False,1831.24,Cash,FGJGGB0J,AGT-9557,54.0,No,3.0
1fffa4d6-2cbb-4701-8b66-64081308ac66,2025-06-10,Pending,False,938.17,NEFT,,AGT-3278,26.0,No,3.0
2125e002-f0fa-46f4-b3cd-9a936a127240,2024-12-19,Paid,False,968.14,Credit Card,GAXPGBQN,AGT-9700,8.0,Yes,8.0
eb91da90-484e-4804-ba4c-0f4f8811561d,2024-02-24,Late,False,1558.12,NEFT,TVHGGBCD,AGT-3807,42.0,Yes,23.0
539c6c9a-9c2b-4e6a-a1ca-f2a1f03969d4,,,False,1116.68,Cash,,AGT-4938,65.0,Yes,56.0
d128158a-8187-4777-83ea-bef61676563d,2023-08-23,Missed,True,813.09,,CWVZGBQW,AGT-2515,26.0,,28.0
31c406df-23d9-45dd-b247-60cf2d956717,2025-01-19,Missed,True,1938.23,NEFT,TDWOGB4N,AGT-9351,12.0,Yes,18.0
4ffa5256-c45e-46db-9a2e-d6c3864242c1,2025-04-02,Late,False,1575.31,Cash,GLPDGB4Z,AGT-4131,21.0,No,16.0
f3b1e777-6f3a-4e95-9e95-4dc2b5f815f8,2025-05-11,Late,False,802.77,UPI,FDXZGB34,AGT-0126,39.0,Yes,53.0
bbe320de-03b6-4ed0-a5fb-1d6d0c804409,2023-08-17,Pending,False,725.15,UPI,,AGT-3059,74.0,Yes,19.0
88d45daa-966c-4641-973d-c5f4b189a4d7,2024-10-09,Pending,False,270.91,Credit Card,HAJYGBAD,AGT-4271,70.0,Yes,12.0
1b7654c0-1efb-434b-9b3a-d86663aefd53,2024-04-05,Late,False,1194.89,Cash,QSAOGBBV,AGT-9883,8.0,Yes,12.0
a8e079fc-f004-47b7-9a13-13a8625f60c3,2025-07-18,Late,False,593.32,NEFT,FOJZGB90,AGT-0821,5.0,Yes,19.0
28042816-232c-4ae5-b1fa-8a3bbcda7e83,2025-02-18,Pending,,480.57,UPI,KYQMGB2C,AGT-7476,,Yes,3.0
2b1ee8ee-01ed-4d1d-84e1-8c8ca0030e2a,2024-11-11,Pending,False,1256.37,Credit Card,MOFRGBCI,AGT-5081,1.0,No,17.0
f9e8ad93-bd9f-4314-9514-169cd5eddac5,2023-10-30,Missed,True,1615.42,UPI,PIWLGBCG,AGT-5629,44.0,,31.0
c8f2bba0-6ab6-4f06-821d-a33ccad7bdc0,2025-07-06,Pending,False,391.01,NEFT,MQLCGB5Z,AGT-8029,13.0,No,22.0
9a90eae5-4187-41e8-9cd4-b9d35f4aa982,2024-01-07,Missed,True,610.7,Credit Card,DDJUGBOU,AGT-6444,7.0,No,30.0
e8cf75be-b377-4121-ba58-602f4cc43c49,2024-10-27,Paid,False,1438.1,UPI,QMYXGB51,AGT-1625,42.0,Yes,52.0
,2024-12-25,Paid,False,258.8,NEFT,TYWTGBZ9,AGT-3558,,Yes,36.0
e2c7d702-1c2a-49c7-a35b-ce0c0bc9ea25,2024-01-10,Late,False,417.31,Cash,FHDQGBE9,,37.0,Yes,59.0
8120ca6b-503d-493f-a899-31d3e4de1113,,Pending,False,1606.9,Credit Card,ANBPGBHE,AGT-6216,52.0,Yes,11.0
486598f3-b085-4c88-8f96-fb722e7ee3c2,2023-12-12,Late,False,442.24,NEFT,,AGT-2849,62.0,No,51.0
23520c27-52be-4cd5-909f-26d3664d7478,2023-07-22,,False,697.41,UPI,BSOHGB2P,AGT-0987,16.0,Yes,15.0
43d1170d-4511-4f89-bcec-60cf4ca0d7fc,2024-01-19,Missed,True,1635.28,NEFT,UEXNGB4B,AGT-5786,63.0,,28.0
d1f0a4ab-98b6-447f-afcc-49433756f1e8,2025-06-05,Missed,True,1702.26,UPI,UBXRGB7K,AGT-6569,8.0,Yes,3.0
3525f32c-141d-4da6-bae9-d3bb03c6d55d,2024-10-29,Paid,False,1686.67,Cash,UOVKGBGD,AGT-3638,53.0,No,19.0
88d03b3d-5909-4e88-8045-2a2ab3cdc04c,2024-12-31,Late,False,445.5,NEFT,ANNSGB16,AGT-6651,84.0,Yes,49.0
9702e416-2b2e-45c6-a1b8-3045361fc41a,2023-12-27,Missed,True,407.09,NEFT,,AGT-7912,39.0,Yes,37.0
1485eca3-e022-438f-99c9-55832da7b9dc,2024-10-29,Late,False,1587.56,UPI,DLHUGBBC,AGT-9061,48.0,Yes,31.0
bb10db9e-7285-4516-af05-6dd647421dbc,2023-12-12,Late,False,1961.64,UPI,GVMXGBJW,AGT-9594,82.0,No,48.0
c20af2c8-407b-4c33-9e46-514766d718b6,2024-04-24,Paid,False,1160.68,,XYDEGB40,AGT-0517,65.0,No,
cbc50dee-64d1-4594-acef-0cf04a8a0522,2025-05-09,Missed,True,1390.34,NEFT,AOYQGBSJ,AGT-9153,10.0,Yes,24.0
5acccda9-c8e8-4bcb-b029-681a931da199,2024-04-17,Paid,False,655.99,UPI,OBYEGBCV,AGT-5912,14.0,No,4.0
02cc2e9c-0fab-4aa7-9a25-ebe5d2f8f88a,2024-08-17,Paid,,683.08,Cash,EZWBGB5V,AGT-9991,53.0,Yes,43.0
14f3c8ec-3f28-4f0d-b29a-af9aa9963390,2023-08-17,Paid,False,467.08,UPI,MWORGBKA,AGT-6545,13.0,Yes,47.0
f488ae79-6233-4958-8964-0a606614db2f,2024-11-05,Paid,False,1318.61,UPI,GJUXGB4X,AGT-6377,10.0,Yes,1.0
c20764d4-297c-4892-8307-c51807a2710c,2023-09-06,Missed,True,1129.31,UPI,ORYEGBQK,AGT-3922,47.0,Yes,31.0
,2023-11-08,Pending,False,1322.37,UPI,JUQHGB7N,,36.0,No,45.0
8474f5ec-0e8a-4c61-95b1-16974d8f71df,2023-09-11,Paid,False,1876.85,NEFT,EJOFGBSX,AGT-2652,6.0,Yes,24.0
a2bc8c83-a5e9-42b8-9c23-eac344a86f18,2024-06-30,Pending,False,801.01,Cash,AXYPGB31,AGT-9418,29.0,No,
75eb487d-a7ec-41b3-be09-4c0448085eb7,2025-03-08,Paid,False,198.28,NEFT,DTCWGB7D,AGT-2914,,No,45.0
befda022-4c01-4573-93cd-c012d8700995,2025-02-12,Paid,False,1924.47,Credit Card,AWTXGBJA,AGT-7834,8.0,Yes,41.0
8c7b1136-4737-462c-a1d2-b8c3e3e50021,2024-11-01,Paid,False,773.95,Credit Card,QEMGGB2K,AGT-5365,54.0,,17.0
e179e0f6-a260-47f3-ae10-218f0df94022,2025-03-07,Late,False,606.06,Cash,EAVHGBM9,AGT-3923,52.0,No,47.0
5eaca09d-620b-4655-bcf5-a4aa45cc288a,2024-06-04,Pending,False,922.17,UPI,MSWUGBZX,AGT-0578,32.0,Yes,
8f7813bb-8f71-4138-9dc2-311d47213569,2023-08-18,Paid,,839.2,NEFT,QNAHGBRM,AGT-4509,14.0,Yes,50.0
11286662-344c-42c5-a060-6d3e046b5316,2024-10-25,Paid,False,745.09,NEFT,KCUGGB8V,AGT-2651,47.0,No,7.0
0aa4f27a-b5cf-4b0e-a211-6257c6b398bb,2025-01-08,Paid,False,1325.47,Cash,BHPAGBDS,AGT-5777,0.0,No,12.0
fd4764d1-ce3d-49a0-8842-22c32b528327,2024-03-05,Pending,False,1497.23,UPI,RGAIGB75,AGT-7427,5.0,Yes,5.0
,2025-06-15,Pending,,961.57,UPI,WFFPGBQW,AGT-4132,45.0,No,44.0
0eefd372-4691-4228-91b7-060ba607aea8,2023-11-16,Missed,True,,NEFT,RMESGB9I,AGT-3613,57.0,No,55.0
4ab8814f-ffa7-478a-9d97-b11dab3e348f,2023-12-08,Missed,,1613.28,UPI,HOSVGB1U,AGT-3031,56.0,,25.0
d09800aa-0325-4d7f-9d5c-0ca04b5963c6,2023-07-23,Pending,False,,NEFT,PRICGBSO,AGT-2433,87.0,Yes,21.0
1e7be314-6be0-4128-a5d7-7c269476adf8,2024-12-15,Late,False,1588.47,Credit Card,TLYPGB2J,AGT-5782,76.0,Yes,12.0
33d76858-4576-4a0b-a42f-e40455ef3630,2023-10-10,Late,False,1881.29,Cash,TUQBGB01,AGT-9004,7.0,Yes,35.0
581ad83e-0a33-4a8e-9e5c-b610b62584ff,2024-08-26,Paid,False,1758.38,Cash,ATKIGBBU,AGT-8422,65.0,No,15.0
2e271ade-ef08-4039-a23d-e4137b9d370c,2024-08-07,,,312.85,UPI,HZEKGBPA,AGT-2418,18.0,Yes,16.0
639e4554-559c-4b47-aeef-e0bce55fb1f2,2023-07-23,Paid,False,1450.49,UPI,YVODGBVY,AGT-1067,4.0,No,
94153886-bdf0-46dd-a39b-6556213ff8f0,2024-10-09,Pending,False,1683.72,UPI,IJKZGBD9,AGT-9678,44.0,No,22.0
09e14934-905b-4464-ba95-5ffe034d5c8a,2023-12-28,Paid,False,1085.09,NEFT,VZGVGBQK,AGT-0769,6.0,Yes,31.0
,2024-11-10,Paid,False,1399.02,Credit Card,PWXLGBTI,,79.0,No,50.0
26fd65f6-73ee-44f9-b68d-4ff222a5db66,2023-08-28,Missed,True,898.41,Cash,YBMNGBCL,AGT-7252,88.0,Yes,29.0
7f5f5c8a-d676-4481-9993-690bc681924a,2025-06-08,Late,False,359.4,Cash,TMDLGB1U,AGT-7674,46.0,Yes,25.0
cb05214a-990f-46c4-9fd3-3eb42d7ba131,2024-01-17,Missed,True,605.24,Credit Card,LEUTGB92,AGT-5784,4.0,No,34.0
7bd05808-a1c3-4b6b-bd0c-04b8bd5a34f6,2023-09-09,Missed,True,945.02,Credit Card,YIMPGBBC,AGT-5965,33.0,No,
5d0f33b0-24ef-457e-a492-ca3a4ce74cbd,2025-04-01,Late,,1252.82,Cash,NXMHGBES,AGT-6640,4.0,Yes,18.0
3e45a683-1ad2-449a-bb94-8f3bdf00c264,2024-03-29,Missed,True,731.42,NEFT,SVZXGBFR,AGT-1932,32.0,No,45.0
3b89f6fa-f7f7-4b89-8425-ef8b267de551,2025-01-19,Late,False,1739.41,NEFT,TQAEGBN0,AGT-0232,78.0,No,31.0
9bfd01c0-28fb-481c-9795-87fa25978119,,Paid,False,1355.53,Cash,OHANGB5F,AGT-2950,24.0,No,45.0
9f516af5-eec8-49c9-b15d-453bcac3552f,2024-07-08,Pending,False,1323.82,UPI,OEZFGBA6,AGT-0444,67.0,No,25.0
5a6b62b0-112e-4c2d-b7c2-cf0af711dbb1,2024-01-22,Pending,False,1425.93,Cash,GGKFGBSJ,AGT-8523,64.0,No,7.0
a6a8312b-e6a8-4da3-8450-31ea34b2f02a,2023-12-17,Late,False,474.07,Credit Card,FITZGBVM,AGT-6170,64.0,Yes,25.0
e082c36a-b1ab-4308-9333-9e6a4600568c,2025-06-20,,True,207.27,UPI,WBKEGBA5,AGT-1920,60.0,Yes,56.0
be89ca4c-b232-4323-b195-ef5c2e24186c,2023-11-29,Pending,False,616.6,UPI,THQYGBJP,AGT-6186,42.0,Yes,
bb38cda6-e6f6-426a-93f6-4140aff6b36e,2023-08-27,Pending,False,1905.82,NEFT,JBOBGBH7,,61.0,,31.0
bf26c76f-58f8-486a-bce7-44275fb746b3,2024-09-27,Missed,True,470.12,Credit Card,UFUGGB8F,AGT-4127,19.0,Yes,5.0
efba02b5-7716-46dc-a09c-8790cebd9a55,2023-09-25,Paid,False,1822.57,UPI,IKTOGBS9,AGT-8666,87.0,No,59.0
,2023-08-09,Paid,False,,Credit Card,AEYPGB5S,AGT-3659,8.0,Yes,14.0
4573bd7e-7de4-4ddf-bb79-d01874f86b19,2024-04-16,Pending,False,601.16,NEFT,EFWCGBTW,AGT-5143,46.0,Yes,30.0
b2ed93c9-db49-4321-a855-15d7734a0ec5,2024-10-09,Missed,True,1202.27,UPI,GVYEGBHM,AGT-7514,63.0,No,16.0
dbc1887a-753a-431e-ad41-96a6994f6630,2023-07-19,Paid,False,1354.03,UPI,SSGLGBVH,AGT-6800,54.0,No,56.0
f0d37f09-1f03-4d01-823e-ef3b57072f1f,,Pending,False,1191.97,,QVTHGBUN,AGT-0933,56.0,No,40.0
9ecfcc54-4c82-41bc-998f-e08ba21041bf,2024-05-25,Missed,True,129.32,UPI,DQTAGBG6,AGT-6209,75.0,Yes,22.0
37443455-620d-474c-b7ba-d0be9410fa77,2025-01-29,Late,False,1503.27,Credit Card,XCBAGBVX,AGT-0972,77.0,,42.0
1e3ab69d-3067-495c-949f-7aa981f9ce7b,2023-11-10,Late,False,1351.55,Cash,ZHYOGBK6,AGT-9233,29.0,No,42.0
0c60335c-2158-45cc-b108-4bc627bcd513,2023-07-19,Paid,False,1464.94,UPI,XJHMGBZ3,AGT-3632,60.0,No,36.0
3597b4d8-aba2-46a6-b7bd-896e76afeea3,2024-03-05,Missed,True,1421.14,UPI,KISBGB2C,AGT-0095,11.0,,55.0
cefae35d-9ce4-44cc-a1d2-aa8c443ed7d8,2024-10-16,Pending,False,1653.85,Credit Card,MWNGGB3U,AGT-1467,,No,35.0
f7d440ac-105c-4750-88cb-214a27e4a29a,2024-04-20,Paid,False,1139.36,NEFT,IPMEGBWO,AGT-4655,70.0,No,55.0
7773b676-15ed-4c53-b9a1-63d62047371e,2024-06-01,Late,False,272.0,UPI,HYRQGB8M,AGT-8429,36.0,No,20.0
e9b8f117-84c1-46eb-a67e-3517626d3dbe,2025-07-09,Missed,True,141.65,NEFT,TBQGGBQ1,AGT-3041,44.0,Yes,37.0
700d85ea-0880-4c63-9db6-92b1835dc61c,2023-09-16,Late,False,1670.35,NEFT,QSVOGBX2,AGT-1768,8.0,Yes,26.0
059a3515-2d34-4db6-a15d-840263f34bf0,2024-06-03,Paid,False,,Cash,KLYJGBEQ,AGT-6023,28.0,No,5.0
b6801a21-e490-4887-b0dc-4b1539d7b9b8,2025-04-13,Paid,False,1138.64,UPI,EHOMGBOO,,37.0,No,26.0
5164eb72-2495-43cd-b9a0-0c63f1f64f29,2024-12-15,Missed,True,512.86,Credit Card,GKOXGBS8,AGT-2057,24.0,No,22.0
c6eb338e-814c-49df-8af5-464b8b82b5e7,2024-11-14,Pending,False,1406.56,Credit Card,KGSWGBAD,AGT-3562,62.0,No,43.0
1c1fe729-483b-45b7-9d36-b936317efa80,2023-11-22,Missed,True,1096.17,Credit Card,EJVVGBKN,AGT-0452,34.0,Yes,55.0
,2024-08-22,Missed,True,233.54,NEFT,UKEJGBL9,AGT-6487,60.0,Yes,58.0
a6380217-6a07-483f-aa0c-0b1b1b6f7b0f,2025-04-19,Missed,True,1835.45,NEFT,IMCUGB29,AGT-4324,63.0,No,38.0
05dcb6c9-5777-40c4-9880-d2ca1a638805,2025-04-27,Pending,False,397.84,NEFT,JLXIGBZA,AGT-0735,44.0,Yes,12.0
b2ee48b3-d761-41db-9e5a-066984cc15a9,2023-10-23,Missed,True,1038.6,Credit Card,SRGKGBNA,AGT-8231,11.0,No,18.0
c9b74b6f-e459-45f5-ac88-1838c193e0ad,2024-02-10,Paid,False,1398.73,Cash,EXAUGBN4,AGT-0188,31.0,Yes,53.0
8b2e17da-2966-488c-bfe9-cd46d08db368,2024-04-07,Late,False,1169.34,Cash,ZNBHGBTZ,AGT-8182,49.0,Yes,8.0
87660908-92b3-48b8-b77c-ba76801a6e65,2025-04-10,Pending,False,1114.16,NEFT,MIGIGB7M,AGT-0789,18.0,No,51.0
,2024-03-02,Pending,False,1986.67,NEFT,DRDBGBS3,AGT-0768,,Yes,30.0
cf643bc2-2dec-4ae8-bd9d-ff05e41b8980,2023-12-13,Pending,False,498.14,UPI,ALESGB4X,AGT-7973,56.0,No,41.0
,2024-09-26,,,,Cash,QKMOGB7F,AGT-2880,65.0,No,7.0
5c134a6d-d7ce-4042-b88d-4db756e40afd,2024-11-01,Paid,False,1388.92,Credit Card,MUDOGB9U,AGT-2532,56.0,No,
b6541ebe-fa2d-414c-98dd-433759c548ca,2025-01-29,Pending,False,1432.37,Cash,ZKOLGB50,AGT-1129,73.0,No,19.0
015aa267-bcc7-4e52-8dfa-70db3f68bb24,2024-08-27,Missed,True,320.97,UPI,HYISGBGQ,AGT-8064,80.0,,8.0
1f14cac1-4d8b-4ff7-8311-dec30c7f1fb1,2024-02-15,Late,False,744.05,NEFT,TMORGBAK,AGT-1876,17.0,Yes,53.0
0591da97-9176-4b7e-acf9-8b87d34b7504,2023-09-30,Pending,False,,Cash,DGAIGBO1,AGT-0884,31.0,No,52.0
5efeacd4-b9f1-467d-ba2f-6271845544b5,2025-07-14,Paid,False,1038.71,Cash,YHATGBLD,AGT-0519,35.0,No,8.0
9b1f0dd3-5063-41cc-bcf7-e8b8d5d2ef84,2023-10-08,Late,False,1771.54,NEFT,LYGOGBMQ,AGT-8877,37.0,No,21.0
af838797-ac16-4e04-87a0-5367da4235bc,2024-12-27,Paid,False,277.89,Cash,KYDPGBQN,AGT-9996,87.0,Yes,23.0
a5c75f23-93e7-489d-a43f-07e830084c81,2023-08-28,Paid,,491.36,NEFT,LPSXGBZF,AGT-8479,79.0,No,39.0
62f44696-2978-4150-b6cc-3f5e085bd75d,2023-11-02,Pending,False,1331.1,NEFT,RTRWGB78,AGT-4758,25.0,Yes,42.0
5d5dfa9a-29de-40b3-a805-147e5a08a424,2024-10-28,Pending,False,1404.17,Cash,QQJPGBDI,AGT-4273,,Yes,
e5b0377c-7156-4037-a89b-47b01d1a5843,2024-06-29,Pending,False,1092.6,Credit Card,UVFRGB05,AGT-5174,,No,40.0
f3eea5f9-3c7c-4b2a-ae64-155bcaece41e,2024-07-19,Missed,True,1951.41,UPI,HDHMGB98,AGT-7386,15.0,Yes,31.0
eb48a73d-3213-4057-a5a3-22be49440e0c,2023-08-25,,False,1756.72,NEFT,JFJAGBC2,AGT-0942,67.0,No,14.0
ccd6fa2a-2ae0-428e-8ae5-0abd773e2e49,2024-06-26,Missed,True,476.06,Cash,BOIEGBZ2,,64.0,No,13.0
9d8d02b2-629a-4efd-85d8-7bf19acd9094,2025-03-04,Pending,False,179.75,NEFT,PNPEGBPJ,AGT-5852,65.0,No,5.0
c447aa6f-6a96-44e3-9eef-f983e3bbacf1,2024-06-30,Pending,False,1712.6,Cash,XXXDGB8I,AGT-5727,73.0,Yes,25.0
02b667ea-8b88-4e64-ab83-c1212cc9b98c,2024-07-18,Paid,False,1650.04,Credit Card,JNJMGBJX,AGT-9844,10.0,No,28.0
becf4fa9-a74e-4d45-8c70-fc7060de6e19,2024-04-24,Paid,False,126.16,Credit Card,YNVAGBJR,AGT-1779,63.0,No,47.0
431f2c73-4857-44b7-81d3-6def0f6fb9ab,2025-05-13,Pending,False,701.85,Cash,MNCBGB9V,AGT-1302,24.0,No,7.0
302b7b7f-9b1a-4f61-ba83-7cbc86245aec,2023-08-15,Paid,False,259.67,UPI,RQTPGBBK,AGT-4372,2.0,No,3.0
de1bfcd9-b258-4e2c-9bfe-287d82ba6fb1,2024-12-17,Pending,False,1474.69,Cash,PCXLGBK7,AGT-4719,77.0,No,3.0
917f2ffd-7472-42cb-a594-712c708df823,2025-04-19,Paid,False,497.71,Cash,MAMCGB18,AGT-2073,58.0,No,20.0
a12fc5db-344c-48b0-ac97-5abdbd225e57,2023-08-03,Pending,False,1008.25,UPI,JCAMGBBW,AGT-4577,77.0,No,30.0
2905394e-2392-4611-990a-c76b75422f58,2024-03-26,Missed,True,1451.43,NEFT,,AGT-5651,35.0,Yes,32.0
120c7b16-ab11-4c0d-b2f4-b880aa392498,2024-07-11,Late,False,1419.25,NEFT,LFYTGB9N,AGT-3173,68.0,Yes,53.0
9644f99b-ef06-4c2b-a3ab-01e9e17b0cc3,2025-06-07,Paid,False,138.88,,EFPBGBCP,AGT-7021,66.0,No,44.0
46c8cf00-997e-4264-8f74-493eeaa456d8,,Missed,True,1603.14,NEFT,VKYZGB0S,AGT-2082,40.0,Yes,50.0
7953eac4-ba89-418c-8205-12fee052f9d9,2024-12-31,Late,False,561.8,NEFT,RVMZGB91,AGT-9579,62.0,No,22.0
e3a6203e-3e68-44c9-9b8a-5470b08873b6,2024-04-08,Missed,True,1675.85,NEFT,JATQGBZM,AGT-0673,37.0,Yes,51.0
47a33a80-3a20-4331-9fa6-2a4e1c97ffaf,2024-03-30,Missed,True,1805.07,,RDZFGBTE,AGT-6468,15.0,No,21.0
,2024-07-03,Pending,False,112.29,Credit Card,KOGVGBYX,AGT-4027,67.0,Yes,55.0
a11ff18e-5f93-4837-abcd-d2234eb010ae,2024-08-30,Missed,True,1212.86,Cash,KXZIGB9X,AGT-6992,17.0,No,59.0
59a386bf-58c9-4a61-8d24-3f0f8524e0e5,2023-11-05,Paid,False,133.24,NEFT,COSBGBLS,AGT-6837,35.0,No,18.0
0c9c3eca-6d6b-441c-ae62-3abc18b3dd1c,2023-10-28,Pending,False,834.33,Cash,BQYSGBDR,AGT-0352,63.0,No,37.0
3b8d337a-a32d-4537-8921-6a0d76bd5440,2024-02-25,Missed,True,650.34,Cash,FXNOGBZ5,AGT-7544,87.0,No,25.0
8c481b83-32a9-4999-b012-65c6689d2c11,,,True,381.42,NEFT,XGAGGBYX,AGT-5354,13.0,Yes,48.0
a7035667-18b4-481e-bfb6-185b908e87f0,2025-03-22,Paid,False,1577.21,Cash,JFDMGBQ1,AGT-0677,,Yes,6.0
61344866-0ba3-4d86-b421-cbc8bb947d69,2024-07-20,Late,False,784.38,Cash,JGKMGBIW,AGT-5434,65.0,Yes,17.0
db8208b1-708b-411b-a38f-ae88a81e464b,2023-11-25,Pending,False,1098.96,Credit Card,RJZCGBFZ,AGT-3993,65.0,Yes,4.0
58438c85-7fa4-4451-8a43-f98a957c7b0a,2024-09-26,Paid,,135.38,Credit Card,RVYGGBTX,AGT-0097,63.0,Yes,
489c7fc3-353f-4c16-8d1f-06ac876f0ef0,2025-05-05,Late,False,1779.15,Cash,IUCPGBZH,AGT-5120,44.0,No,55.0
9c98d096-b8fe-424f-a5fc-3b245b94b4fd,2024-06-19,Late,False,1979.68,UPI,VCTVGBZH,AGT-2428,15.0,No,43.0
5ba0af3d-05ea-48ec-b8ef-d533dba6a1c4,2023-12-28,Missed,True,1133.4,Credit Card,YNHIGB77,AGT-6319,23.0,Yes,3.0
4d4e96ea-f4f0-4d45-843b-5f4a96c52b25,2025-05-20,Missed,True,1730.0,Credit Card,ZWSNGBOI,AGT-3313,83.0,Yes,32.0
6e4fe2ad-30d8-4aaf-83b9-cf53f9486fd9,2025-03-28,Pending,False,1773.12,Credit Card,PZKSGB11,AGT-2697,50.0,Yes,32.0
6a89095e-71e7-4ff6-bb62-330a8d29f9f2,2024-12-01,Pending,False,402.28,NEFT,EXEWGBNF,AGT-4669,33.0,No,6.0
944a70af-c20e-4536-aefa-4ad8daed0d9b,2025-06-21,Late,False,1302.66,UPI,HNOKGB92,AGT-9074,44.0,No,36.0
efa3ff97-3076-4510-9e67-5ca1856e9351,2023-10-14,Late,False,724.07,Credit Card,OLJGGBJW,AGT-6162,30.0,No,14.0
e1e0d45d-7cba-44b2-9587-dd4d6f3d8b96,,Pending,False,320.76,Cash,RPDMGB88,AGT-8971,3.0,Yes,12.0
92d21d3f-a12e-44ff-aa18-e65f4111af32,2024-10-06,Paid,False,1509.41,Cash,,AGT-9360,56.0,No,8.0
70f13e24-8a83-4d08-9c7c-2f02cff5b500,2024-09-23,Missed,True,1196.27,Cash,,AGT-5673,48.0,,7.0
9fa19f75-9eca-4747-b647-3a074f75848b,2023-09-10,Pending,False,1442.62,Credit Card,CXMFGBFE,,67.0,No,22.0
d8745cdb-04e3-44ee-b2a2-8a3d1fbbb5e0,2024-03-03,Late,False,1966.41,Credit Card,SCYIGBU7,AGT-5627,8.0,No,34.0
d8ab4016-b654-4ee2-a93a-041baad0db5a,2023-08-02,Missed,True,569.64,,JPOWGB05,AGT-3865,14.0,Yes,33.0
5c6c921a-aba8-486c-b1e6-0537ce6daf49,2024-11-08,Paid,False,272.84,Credit Card,SDPQGB7F,AGT-6922,33.0,Yes,9.0
ca7f52fa-78fe-4195-9cfe-25d0c0959ca8,2023-11-05,Paid,False,1993.39,Cash,ZAKWGBX0,AGT-7560,23.0,No,29.0
b9c3460f-8bdb-4070-b5d2-f3d09a8a1a48,2024-09-20,Pending,False,1079.76,Credit Card,ZMWGGBJJ,AGT-6643,17.0,,18.0
,2025-01-31,Late,False,1815.26,NEFT,JZLPGB3F,AGT-9910,82.0,Yes,51.0
e33afe53-d7ae-43ab-8066-3d2c4ca80d4c,2023-11-06,Pending,False,488.31,UPI,NEEGGB23,AGT-1341,63.0,Yes,51.0
d10af69e-b0f0-4a2f-9624-12a12e1ce440,2024-01-13,Late,False,1842.59,Credit Card,QPTOGBNJ,AGT-4528,81.0,Yes,58.0
16fda6fb-3445-4d4e-9036-15bc5f36ce1e,2023-08-25,Missed,True,1410.66,UPI,FULTGBMP,AGT-7391,84.0,No,18.0
1330f2f1-4480-4ebc-8d46-06e49356b7bc,2023-12-24,Missed,True,1336.45,UPI,LYRQGBDD,AGT-1928,66.0,No,
51bd4533-cbd9-44c2-9764-71891a7f375e,2024-09-18,Late,False,,UPI,OPDIGBU8,,15.0,Yes,54.0
f9bfdaf1-907b-4369-b220-baecec46bcff,2025-02-13,Paid,False,,Credit Card,UOXMGBLA,AGT-1010,16.0,Yes,25.0
1a06750e-817f-4ea2-a422-f309c6daa6ba,2023-09-02,Pending,False,1390.29,Credit Card,GRFWGBQB,AGT-6606,6.0,Yes,44.0
eddc8181-d739-42ed-aa14-33a9cd509a3c,2023-09-14,Late,False,,Cash,HMPKGBZ3,AGT-2867,89.0,Yes,34.0
2c2bc631-58de-4264-b4c0-2b22a063cc1b,2023-11-24,Paid,,115.9,NEFT,MGPWGBKF,AGT-0900,51.0,Yes,7.0
15b10775-54ad-4d9a-b8a2-cbc8cc6f8da3,,Paid,False,252.81,Cash,KBJWGBF2,AGT-6714,74.0,Yes,16.0
bb9331bd-0af6-4b46-8e40-d2b73f3ccac5,2024-07-21,Paid,,116.42,Cash,GQOFGBKH,AGT-0553,86.0,,59.0
391e9497-6232-4da5-a3c3-8741cdbdad20,2025-06-22,Paid,False,1080.72,Credit Card,NZAJGB8G,AGT-3275,29.0,No,22.0
2f3c0702-7eab-486e-a313-4ccb6cc388d3,2025-02-27,Missed,True,1714.69,NEFT,RZEWGBXG,AGT-2058,87.0,Yes,14.0
2c05a9fa-9f98-4bb4-a9eb-4918c01993aa,2024-10-19,Pending,False,139.8,UPI,CIQBGBTB,AGT-8017,78.0,No,16.0
a9b262bb-52b2-4764-b195-3712045c5646,2024-10-14,Missed,,,Cash,HLSSGBSO,AGT-5534,16.0,No,45.0
c738f801-8c39-4168-9d6d-598034561539,2025-05-07,Missed,True,1316.51,NEFT,SNEDGBF3,AGT-9720,71.0,No,11.0
a00cba01-11f0-4d19-9f65-ff22e10f9bdb,2025-01-03,Pending,False,474.63,UPI,DILQGBF9,AGT-8191,38.0,,48.0
6f092a79-ba5b-41d9-876e-bb3f846c00a7,2024-10-14,Pending,False,823.94,UPI,YCMCGBLM,AGT-6496,17.0,Yes,24.0
edfa2f29-bdd9-44d1-8421-96f098a7dc0a,2023-12-18,Missed,True,522.84,Credit Card,QNQVGBKS,AGT-1607,26.0,No,21.0
229cf257-6923-4620-a343-0ec3f3c666af,2025-04-26,Missed,True,279.55,Cash,TVFZGBMY,AGT-5712,79.0,No,42.0
f2b70fdf-49d9-4f63-82f3-749f5a8ba365,2024-10-18,Pending,False,1667.64,Credit Card,RXZTGB7B,AGT-7049,60.0,No,20.0
209bc54e-dd48-49a4-8e51-60337489111e,2024-01-17,Missed,True,1673.2,Credit Card,,AGT-7416,79.0,No,3.0
8e9a4e8a-0367-4899-ab85-9ad7e28832f2,2024-12-02,Missed,True,1067.52,,YRVOGBSJ,AGT-6388,4.0,No,33.0
646b73f0-c631-47c1-8ca0-a275352b5fb6,2024-03-30,Pending,False,1308.94,Cash,SXMYGBKM,,84.0,Yes,23.0
3df803d8-d169-477a-83fc-af5ae6c1d291,2023-12-28,Late,False,,Cash,JOXWGB34,AGT-6291,25.0,Yes,3.0
d0725100-2e4b-46d3-9578-2f9641f0c337,2024-10-10,Paid,False,802.97,Credit Card,IMZUGBK3,AGT-5530,68.0,Yes,44.0
629dce86-aff8-411e-92c6-3478580b5a10,2025-01-13,Paid,False,1322.44,Credit Card,FMEMGBXW,AGT-8966,,No,47.0
4e45d1ef-aeeb-4359-9561-9839de36e561,2025-04-23,Late,False,630.14,NEFT,YYOWGBMF,AGT-4604,,No,15.0
eee134f3-0d7b-4ac2-8fa4-a00564fd8359,2024-06-26,Missed,True,773.16,Cash,KCGBGBNE,AGT-3923,2.0,No,52.0
d77a85ee-77da-40bd-817f-573b71d8a1f7,2025-06-24,Late,False,854.38,UPI,KPAWGB2T,AGT-8690,80.0,No,24.0
92e4ede2-2af0-4dfc-b7ce-1bd25d23ad2e,2024-11-11,Missed,True,786.78,Credit Card,CRNHGBIZ,AGT-6759,77.0,No,34.0
ed2fdb2f-ebe1-4e3d-b45d-168e94890994,2024-07-29,Late,False,250.91,,FEXTGBZF,AGT-8324,38.0,No,50.0
4d6983d2-71e9-46e4-9953-a536c3ad6a39,2025-03-11,Late,False,617.91,UPI,QNDAGB2Z,AGT-3264,50.0,Yes,20.0
a07fcc53-e354-4bd7-b254-2a6721f781f2,2025-07-18,Late,False,1481.1,UPI,MHXFGBAY,AGT-0462,4.0,Yes,34.0
5d72e278-3d4e-4986-96e7-79d526ce5934,2023-10-13,Paid,False,723.67,UPI,MPICGB19,AGT-3157,40.0,No,50.0
dcbf134b-ea02-4e32-b90d-5e49df285a8d,,Missed,True,1985.77,Credit Card,GHSPGBM7,AGT-0290,88.0,Yes,13.0
6ab87f63-5e38-4ec3-ab63-baf5b8d4fd04,2023-08-24,Late,False,478.65,Cash,ASHZGBTO,AGT-7977,72.0,No,35.0
3c937950-d1b9-4c3d-add0-6a7224f2ff6e,,Paid,False,670.37,NEFT,TAVOGBO0,,36.0,No,59.0
0c7e34ce-5a57-47d8-ab3e-6b2b46348a3b,2024-05-08,Missed,True,478.2,,XXFOGBOF,AGT-5783,5.0,No,16.0
d8b86703-3c1e-4254-8663-7194616c1707,2024-05-19,Pending,False,1073.06,,IWKDGBKQ,AGT-4996,75.0,No,18.0
c792b959-240b-4270-ae2c-e5ece5915fec,2023-09-09,Paid,False,1313.47,NEFT,ENNSGB5D,AGT-0268,86.0,No,2.0
1a3528ea-157e-474c-8b74-8ac45fdcc50d,2024-08-20,Paid,False,1039.85,NEFT,KCDHGBW9,AGT-1298,3.0,No,10.0
c03ac736-54c1-4981-9d33-4b7e86ee3c35,,Pending,False,211.97,NEFT,ADODGBZZ,AGT-8727,76.0,Yes,42.0
04121451-8efc-4d62-b0fd-e5aeea2254fc,,Missed,True,1831.42,Cash,KUTXGBRC,AGT-3502,,No,22.0
432a8f65-44c9-47bb-8cd5-f5522c283fe6,2024-01-22,Pending,False,443.97,UPI,EYMIGBQN,AGT-1224,17.0,No,
b50b16d7-52c9-44df-9539-4b949278d4f9,2025-06-10,Late,False,1048.04,UPI,PEFZGBZB,AGT-8496,28.0,No,41.0
cec20079-2f16-4e0c-9388-a65448c2a767,2024-08-07,Pending,False,,Credit Card,TTZPGBOF,AGT-9430,62.0,No,37.0
2644b129-d976-4e88-b685-ebe71a4c14bf,2025-03-01,Late,False,865.27,UPI,KGNHGBTR,AGT-5817,,Yes,42.0
dbcf0d34-f7bd-47a0-bab7-d168538233b6,2023-10-14,Missed,True,1827.8,Credit Card,UTAQGBNN,AGT-5756,27.0,No,23.0
64610e90-0e91-4679-a58e-d6569fdc5ba2,,Late,False,1187.64,UPI,KPRMGBOS,AGT-2249,72.0,No,
f3c27452-52ef-44ad-8d57-f7e1a5a6a5b1,2023-07-23,Paid,False,1779.5,Credit Card,HSAQGBIC,AGT-1780,62.0,Yes,15.0
8b9e968d-84d9-440b-96fc-e5a00d351574,2025-01-17,Paid,False,982.47,Cash,QRWPGBD6,AGT-6781,8.0,Yes,8.0
853a2648-120a-45f0-8ec5-ffc654fd79f1,2023-09-13,Late,False,216.45,Credit Card,QVTWGBDK,AGT-0573,8.0,Yes,50.0
5edd632e-e546-4cf8-a772-a0415e50308a,2023-11-15,Late,False,1591.07,Cash,NSTSGBOP,AGT-8485,77.0,No,7.0
c9174a39-3e3e-41bb-bfd5-290a5cd0a3f7,2023-07-19,Pending,False,1296.4,UPI,DYLCGBSF,AGT-9513,5.0,Yes,14.0
aea28b12-d884-48e7-a544-c5e5109772a4,2024-12-15,,True,,Cash,HEAYGB2G,AGT-0238,75.0,Yes,
768fc3b6-1ca1-497a-8986-dc18acb10452,2024-05-16,Missed,True,580.21,Credit Card,OZTPGBRV,AGT-8826,19.0,Yes,45.0
bd679e53-88bd-4163-a9a1-561cb9243030,2024-12-20,Pending,False,1028.54,,BSPQGB1B,AGT-0449,58.0,Yes,6.0
deafc5b9-342d-442d-a83b-0bbbb59e3516,2025-02-18,,False,752.77,Cash,JZGQGBV1,AGT-6726,29.0,No,13.0
dd99339d-1374-460f-8950-fe6323c7e688,2023-10-25,Paid,False,100.04,Credit Card,RSYZGBB4,AGT-7555,36.0,Yes,
d3c7ed00-1de2-48f1-80a2-3cff498c6cb0,2023-08-27,Late,False,,,IKJGGBUJ,AGT-9341,,Yes,46.0
,2025-06-15,Pending,False,986.34,UPI,HHCHGBP6,AGT-5721,19.0,No,18.0
7f02a2ab-4d8a-4b73-b06a-ca2bf2db8d49,2024-12-18,Missed,True,550.22,UPI,YCQVGB4I,AGT-3338,60.0,Yes,33.0
04e5ab5c-092b-4a9b-a13e-f7747fa43674,2024-03-28,Pending,,1668.06,Cash,PSTGGBQL,AGT-9287,88.0,No,2.0
0a224b8f-ae7c-4ed2-bfdb-684f779b2b73,2024-04-11,Late,False,201.62,NEFT,PENMGB0C,,4.0,Yes,51.0
,,Paid,False,142.32,Cash,,AGT-0034,13.0,Yes,22.0
eb76a707-1d9e-402c-9c3b-96f297df5c18,2023-11-25,Paid,False,467.76,UPI,EBISGBXT,AGT-9474,13.0,No,29.0
d3d9b995-7b76-45cf-a521-52f6106b0dfe,2025-06-19,Missed,True,1064.88,Credit Card,LDCUGBJD,AGT-3480,89.0,No,6.0
a7eaa948-fcca-4082-858f-212d7ebe6a61,2023-07-19,Pending,False,388.64,UPI,EWKRGBPR,AGT-2143,30.0,No,
3d4f1981-0014-4c86-a8ca-c10879658f99,2025-06-29,Late,False,1932.88,Cash,PGKZGB9J,,62.0,No,
f100deab-5f32-4392-9d85-8d75683cadb3,2025-02-13,Late,False,107.17,NEFT,HRTRGBVM,AGT-5274,46.0,Yes,4.0
8e907d89-dab3-4452-85ae-337dd6cbea45,2024-01-04,Missed,True,1039.25,NEFT,JYKNGB8A,AGT-0931,67.0,No,43.0
0abe5944-5a60-40b2-a58c-612206f5cb26,2025-04-15,,False,1874.88,Credit Card,NJQPGBTD,AGT-9424,58.0,,55.0
f9f1d77b-24fe-404d-a5d5-d78ba3ef40b3,2025-05-12,Missed,True,168.3,Cash,FLCHGB6K,AGT-8233,84.0,No,44.0
1d5a23f2-4249-4c6d-82f1-5797b460a005,2024-06-19,Missed,True,1259.34,Credit Card,,AGT-6367,38.0,Yes,51.0
cf1da5ea-c2d3-4b06-9fd4-fe1652e6b0b1,2024-08-24,Missed,True,660.95,UPI,UYXWGBVP,AGT-1656,3.0,No,
8639b7d2-541b-4da4-8913-e78ae81ae5ec,2023-09-19,Missed,True,700.37,Cash,SGJUGB4Z,AGT-0470,86.0,No,22.0
f574e1a7-6919-44b4-9b7e-cdf761cfd8ca,2024-11-03,Paid,False,1108.59,Credit Card,SWAKGBKS,AGT-4372,21.0,Yes,37.0
26ebc24c-d65d-4984-8f57-fca49f0cc1c4,2025-06-03,Late,False,224.57,Cash,UVQTGB7L,AGT-3200,0.0,Yes,13.0
042f0c45-2119-4489-b6fc-f43a87c348b1,,Missed,True,399.98,Credit Card,BLQTGB2A,AGT-1932,78.0,No,21.0
a6b570c2-d228-44cb-b57f-2f61511b19ca,2024-02-18,Paid,False,1453.3,Cash,SRNQGBH8,AGT-3976,,Yes,34.0
a981db5a-007e-4ee8-9691-6ed1552284ab,2025-02-15,Missed,True,962.42,Cash,WJETGBO8,AGT-4809,56.0,,32.0
31f9b2a9-8740-4786-892b-f2c209a5a982,2024-09-24,Pending,False,1385.89,NEFT,QCPCGBUI,AGT-7804,13.0,,6.0
1ec02b49-6e93-4858-a472-0971f8a33feb,2025-06-22,Pending,False,979.9,NEFT,SLLSGBAG,AGT-7761,36.0,,57.0
bf74ea70-1f03-4694-b8c9-ee91a9dae4c2,2024-01-22,Paid,,1649.12,NEFT,FBKBGBYH,AGT-1375,78.0,No,56.0
84e6eebf-f49e-4c75-9fc4-e8a19fd0d02b,2023-11-29,Late,False,1519.61,Cash,COFEGB5L,AGT-2064,13.0,Yes,23.0
0b2e50f1-21a2-4e60-9935-180dea998c93,2024-04-10,Late,False,981.77,NEFT,ZGIQGBTI,AGT-9207,15.0,Yes,47.0
a345f789-1694-447b-b437-b2e96d887204,2023-10-06,Late,False,280.99,NEFT,BDPLGB23,AGT-9315,48.0,No,18.0
c518c50f-0108-41bb-8297-75b7eb21d915,2024-03-14,Pending,False,555.53,,IIXRGBO2,AGT-4775,41.0,No,49.0
ee981379-8893-4452-a23d-544d431a4a0b,2024-11-13,Pending,False,1902.54,UPI,YCVZGBYV,AGT-8609,88.0,No,19.0
fb2e1157-1860-4af4-a41f-d9e1d9ba4c99,2024-02-05,Late,False,1742.03,Credit Card,NTOFGBN0,AGT-7514,59.0,Yes,2.0
3d11b195-6237-4835-894b-52eb85a5ee97,,Pending,False,1589.59,UPI,QUDVGB37,AGT-0844,2.0,Yes,58.0
1de620ee-435e-4eb6-87f6-01a9170e13cc,2025-01-13,Paid,False,1444.28,Credit Card,HQPLGBG9,,13.0,No,39.0
6dab003a-bfeb-4122-8042-e02b0a344c88,2025-06-09,Pending,False,1587.06,UPI,NGJCGBTJ,AGT-2277,37.0,No,59.0
e2c9f3ae-74ea-4ac1-b4ff-58110df116eb,2023-09-27,Paid,False,620.35,NEFT,EHTLGBRI,AGT-6172,68.0,Yes,33.0
cb2fa946-3031-4335-85b8-8c915e146e26,2025-04-19,Paid,False,491.35,NEFT,YYEKGBFX,AGT-3236,55.0,,54.0
122dca36-214a-49b2-be86-e7af63909340,2024-01-22,Late,False,591.73,NEFT,WLSUGBGR,AGT-9287,14.0,No,46.0
f5a08c47-42b7-4a36-b160-46ab8ef3b042,2025-02-21,Missed,True,644.38,Cash,WFRJGBHJ,AGT-8606,22.0,No,15.0
3f329d5f-558b-4036-92a2-5db14f34eb62,2025-01-19,Paid,False,597.56,Credit Card,ZNZWGBEX,AGT-5498,10.0,No,46.0
98e1fd0d-50a1-4b7d-96ba-6817f9bdab12,2025-01-30,Missed,True,,Cash,GXWMGBTB,AGT-0950,84.0,Yes,40.0
72a35f55-724c-47bb-ae34-96075fe0c4b4,2025-03-27,Pending,False,872.32,UPI,,AGT-8403,10.0,No,38.0
3fcc6187-de35-4734-80c6-9ed7ab6c815e,2025-06-18,Paid,False,922.64,UPI,EQYVGBKP,AGT-7463,69.0,Yes,24.0
dbd8f2cb-1687-4b3e-a347-2f9d0c957f85,2024-07-06,Missed,True,1456.31,,UVUUGBQ4,AGT-9250,2.0,Yes,30.0
4f5ea8d3-d356-403f-aaa7-d824c1f863ea,2023-09-25,Paid,False,432.6,Credit Card,SOOGGBWJ,AGT-0610,84.0,Yes,55.0
cf90ad49-d99f-4849-a9b3-c17c1813841d,2024-05-20,Missed,True,440.9,Credit Card,IDVKGBO9,AGT-6660,28.0,Yes,26.0
5ed9f642-22d8-4202-83d9-80ba670ac76a,2024-02-25,Missed,,403.29,NEFT,UHMBGB4D,AGT-2345,33.0,Yes,7.0
ead9c96c-09dc-42c3-92bc-64cd27d38ab7,2025-06-22,Paid,False,557.94,UPI,BDFEGBOM,AGT-9542,56.0,Yes,19.0
9ae45e72-156b-43ef-85a2-4ef1b909d6b2,2025-05-21,Late,False,384.68,Cash,ROLIGB7Y,AGT-6564,0.0,Yes,19.0
35d4df48-9e32-41cc-905c-2eaf559dcb20,2024-01-07,Pending,False,414.4,Cash,EWTVGBWV,AGT-5646,77.0,No,30.0
62aaff95-0b56-4bfd-a389-156b32b19db0,2024-03-08,Paid,False,734.18,NEFT,GKRGGBXE,AGT-9303,33.0,Yes,44.0
059e6172-7b1e-4366-b31e-15722a565894,2024-04-09,Late,False,1493.74,Credit Card,,AGT-7221,3.0,No,55.0
f460c738-1959-4190-9532-19d96d654dbc,2024-11-29,Paid,False,1651.17,Cash,FWDIGBKP,AGT-7471,1.0,No,58.0
bb7d908a-9280-4434-86a0-7236ff12b12b,2024-10-14,Pending,False,716.11,NEFT,KHSPGBVQ,,27.0,No,13.0
0b73f339-2b7a-4b52-b2df-db00038bc19e,2024-08-01,Late,False,1774.92,UPI,HSACGBIH,,6.0,No,42.0
57c68619-6813-4933-a314-6e4a34a89425,2023-10-26,Paid,False,267.32,NEFT,SPWTGBU1,AGT-9496,8.0,Yes,4.0
b0ab28c8-9da8-499b-b1d4-2378ade085ea,2023-11-08,Pending,False,1349.49,Cash,,AGT-3277,69.0,No,20.0
53b1c65c-aa9b-42d7-a7e9-a6b207a8dd58,2024-10-15,Missed,True,1309.06,UPI,ZHKVGBXM,AGT-3149,35.0,No,6.0
f3827c1d-d9b6-49e6-b3b3-6527040180b9,2024-06-26,Late,False,1566.0,Credit Card,EMHDGBLO,,44.0,Yes,24.0
89664527-4fd0-4263-9b23-1dba9d86017b,2023-10-28,Paid,False,1418.74,NEFT,OODXGBQX,,69.0,Yes,10.0
12c806b9-ed6f-4c53-9e88-e1c52ec67360,2023-09-07,Missed,True,1989.04,Cash,BZCDGBKM,AGT-3501,40.0,Yes,2.0
b6192c35-3039-48e7-92ec-070a050157e8,2025-06-29,Pending,False,451.7,Credit Card,LCUTGB41,AGT-2384,,Yes,
388714a0-d393-469f-a03c-88dacb0ba6a3,2024-02-26,,False,152.82,UPI,BLJTGBS8,AGT-8200,38.0,Yes,13.0
8f8425ce-6553-4a59-bfa8-73244c215827,2025-05-27,Paid,False,983.3,Cash,RJDVGBL2,AGT-5736,52.0,Yes,
df4b336e-a27a-49ff-b6c8-6f7daa011562,2023-09-10,Pending,False,692.43,Cash,XYKEGBQ6,AGT-9082,68.0,Yes,36.0
e52ce72e-b6e4-4463-968e-319e70f689f2,,Paid,False,732.56,Credit Card,BZYFGBY8,AGT-6340,8.0,Yes,48.0
f52a7d8c-76dd-4021-a5ac-9b5e80125087,2023-07-27,Paid,False,1702.88,Cash,LVLEGB5Y,AGT-4676,43.0,No,
edf685a9-82a4-4700-a438-286418da2e88,2023-11-25,Paid,False,1161.02,NEFT,QXXJGBYR,AGT-4960,42.0,Yes,18.0
0315aeb9-5eee-4320-b3e4-b4085d50736f,2024-11-03,Late,False,1315.48,,GQFWGB7J,AGT-2270,75.0,Yes,33.0
39d977b8-d2e3-46ba-a7cb-ff9339dec702,2025-03-17,Missed,True,1899.29,Cash,GUREGB34,AGT-2794,26.0,Yes,38.0
,2024-06-05,Pending,False,1632.44,NEFT,EOJUGB2F,AGT-6130,71.0,Yes,1.0
b60ceebe-b2d7-4dff-b143-13dc444ae87c,2023-10-14,Paid,False,310.54,Cash,HZKKGBTC,AGT-6252,19.0,No,10.0
610b6a13-adc8-45a1-b9e2-d1d55d2efa59,2024-02-06,Late,,419.4,Credit Card,MXZIGBU3,AGT-3837,9.0,No,41.0
596feef5-420b-46b4-b6fc-6e74c3c30fae,2025-02-14,Missed,True,1915.06,UPI,QEMSGB2U,AGT-4456,70.0,No,6.0
604b754e-eda8-4357-b8b0-9eb655053050,2025-05-13,Pending,False,764.5,Credit Card,PKEKGBNY,AGT-6234,10.0,Yes,44.0
272fe01a-5d0d-4b97-a52a-c5f4bdf2f1f0,2025-03-17,Late,False,1798.01,,JONYGBK5,AGT-1341,21.0,Yes,56.0
78ae357f-6c20-4877-ba01-364b095f39ac,2024-10-30,Late,False,163.73,UPI,DXTBGB81,AGT-9173,56.0,No,19.0
9e30444c-341f-4f6a-ade3-00b085bcd2a1,2024-01-17,Pending,False,684.06,Cash,HYQHGB66,AGT-1581,29.0,No,38.0
156db076-de8e-40ed-b19b-6a0f6927ddcd,2024-03-06,Missed,True,676.64,NEFT,TSQUGB8Z,AGT-1142,14.0,Yes,52.0
ab2f687d-ac5f-4366-8301-9ee81a359cc2,2025-06-18,Paid,False,1244.43,,NTCLGBFI,AGT-6098,78.0,Yes,28.0
34c6e4ec-0ba4-4251-88e5-62fdb0569d77,2025-01-25,Late,False,248.07,Credit Card,YKAAGB15,AGT-9458,28.0,No,45.0
140f5b5f-bb78-4359-9865-cd19552d4bf2,2024-08-23,Paid,False,1803.23,Credit Card,WKPSGBQ6,AGT-2704,40.0,Yes,27.0
230bb446-08ec-4144-a53a-5bb1cba5037f,2023-10-24,Pending,False,1076.53,UPI,DYHMGBMB,AGT-5098,6.0,No,41.0
6946797e-e03a-4f3d-8016-c4e344261cae,2024-01-13,Pending,False,442.81,NEFT,UMKYGBVP,AGT-1387,18.0,,25.0
8564dffc-1f81-47f2-be4b-3b4636edc465,2023-10-26,Missed,True,1580.69,,CVWFGBUQ,AGT-1540,87.0,Yes,44.0
0fbc6b51-4522-4e8c-9864-a88e06000bfb,2024-05-06,Missed,,212.25,NEFT,CCQUGBPD,AGT-6233,19.0,Yes,56.0
9fe1445e-1e6b-49d7-8115-6b9a33b006d8,2024-06-09,Paid,False,465.32,NEFT,WNBBGBA5,AGT-3969,46.0,Yes,54.0
3d858bbc-0071-4aaf-9955-961c4f0dad4e,2023-07-29,Late,False,1003.42,NEFT,OBKCGB8J,AGT-9493,58.0,Yes,27.0
daaa18a1-6574-4f5f-89c3-eb259d23c9c6,2024-11-05,Late,False,1933.9,Cash,EYSJGB94,AGT-4306,70.0,Yes,31.0
a9c16bec-e6b0-46cd-b538-9c6459d7a19a,2023-09-03,Pending,False,1150.21,UPI,JZRQGBGQ,AGT-6405,29.0,Yes,21.0
5e55518c-2245-4dca-8c7f-444991f11e1b,2024-04-22,Missed,True,1797.88,NEFT,RLIPGBFG,AGT-2712,31.0,No,13.0
04d66b21-2214-42c4-aeae-d8b48e689551,2024-04-23,Pending,False,1054.54,UPI,EJBBGB0E,AGT-8620,5.0,,34.0
8b47cac2-d602-41d7-954e-822d67ca84c6,,Pending,False,1697.05,,ANGMGBCL,AGT-7722,8.0,No,29.0
87eebfaa-cee8-45f8-b1d6-6c62256070d8,2024-09-22,Paid,False,1768.3,Credit Card,CHAIGBCK,AGT-7817,54.0,No,4.0
20cf6d06-f5b4-434e-a949-0a99f8c2486f,,Paid,False,769.43,Credit Card,EWITGB2V,AGT-7084,40.0,No,12.0
7fbe5396-6ddc-4b4c-868e-401073120fbf,2024-09-20,Missed,True,285.28,NEFT,ZEZGGBBB,AGT-4476,48.0,Yes,27.0
bd10b80d-7b1c-42ee-a589-04070f4e00f5,2023-11-13,Missed,True,1115.62,Credit Card,HSUSGBVR,AGT-1862,72.0,Yes,30.0
7e4bea56-8259-4b1b-b2f1-da097363023e,2023-12-04,Pending,False,1506.77,UPI,JAHDGB1L,AGT-5809,71.0,No,
bb3d1609-da04-4fac-abaf-9a0568adb1cd,2025-01-20,Pending,False,1575.14,,EVEEGBRJ,AGT-0209,0.0,Yes,19.0
b3f7c7e4-b652-4fa1-9806-b9f864717ce0,2024-12-19,Pending,False,1417.77,Cash,ZNKKGBD7,AGT-3241,57.0,No,58.0
209dccf2-66be-49de-ae76-1a64e0ba8af5,2025-02-09,Late,False,464.39,Credit Card,QILIGBZV,AGT-9979,81.0,No,30.0
65c06c8c-f060-4eee-b760-a4fd26fa94c2,,Pending,False,106.32,Credit Card,IATAGBQA,AGT-9977,36.0,Yes,53.0
8e29c019-9d3e-42fa-a378-fe96a8f5f9be,2025-05-23,Paid,False,1656.91,Cash,RDPSGB1D,AGT-4284,3.0,Yes,14.0
ecaf2a78-afed-4780-b3db-9ca742e31b43,2025-01-29,Missed,True,449.56,UPI,DVZLGB67,AGT-4450,29.0,Yes,18.0
,2024-12-11,Missed,True,373.78,NEFT,IHZRGB1T,AGT-2439,1.0,Yes,5.0
,2024-05-05,Missed,True,566.98,Cash,PBBPGB76,AGT-8253,44.0,No,20.0
8a485900-bbd5-44a2-b415-eeda73f560de,2024-09-19,Paid,False,361.38,UPI,JMHOGBNA,AGT-9597,82.0,Yes,52.0
8910a323-cced-4fa9-ab2e-65ff41e88dde,2023-09-04,Late,False,1924.18,UPI,RVBCGBJF,AGT-4348,62.0,,51.0
7c9e898f-7e96-4d8f-8f47-28824cf4d080,2025-07-11,Pending,False,1382.63,UPI,TBIFGBJC,,,No,42.0
bc1c5a1d-66ca-4848-817e-faf6d70e4809,2023-09-19,Pending,False,1179.48,Credit Card,AGCVGBDK,AGT-5149,7.0,Yes,59.0
c25332b8-2da1-47e5-ad35-bf47e77b5082,2023-09-16,Pending,False,178.39,Cash,DLOXGBM2,AGT-4750,78.0,No,48.0
2c7434c0-18dc-47ee-8918-f2a0a06a5b02,2024-01-16,Paid,False,851.91,UPI,QZUHGBII,AGT-4821,75.0,Yes,59.0
801ee28f-fe95-4313-a5d9-6016a496fae4,2023-09-24,Pending,False,572.93,NEFT,FFSGGBVM,AGT-0081,65.0,No,50.0
70b4f49d-9ffe-468f-9c44-bbb60116a3c3,2023-08-06,Missed,True,1106.29,UPI,OFGNGBN3,AGT-3143,31.0,,58.0
817f6814-7670-470e-9ca3-44d5c48f7a30,2024-01-24,Late,False,1092.75,UPI,LIHJGBDR,AGT-4344,36.0,No,20.0
dd0b461b-e8c5-4333-8186-2d139989abbc,2025-05-22,Pending,False,424.47,NEFT,KIMLGBM4,AGT-0184,27.0,Yes,5.0
fd0e882c-b903-4c7c-9971-ce0e1b55058b,2023-09-19,Pending,False,1778.06,Credit Card,OHKCGBP4,AGT-4149,2.0,Yes,41.0
44362f98-5622-4455-8704-c1fa6c008d18,2023-08-28,Paid,False,350.37,Cash,SZYEGB8O,AGT-0705,45.0,No,18.0
e16d2528-84bc-47bd-b2fd-a670b555cc38,2025-05-01,Missed,True,1424.62,Cash,TCGQGBI4,AGT-1691,65.0,No,16.0
638e6afa-915f-4501-b4f0-304267c421e0,2025-06-12,Missed,True,1855.48,NEFT,QEAFGBGB,AGT-3357,26.0,Yes,8.0
9f3b738b-713f-401b-96ef-59e8068e4265,2023-07-26,Pending,False,520.78,UPI,,,24.0,Yes,55.0
06a66ca9-71d7-422e-8493-50340bd0b516,2025-06-08,Late,False,994.07,Cash,VJAKGB1E,AGT-9755,80.0,Yes,25.0
d8efd8fd-4804-4f1f-a8f1-460fd05ed03d,2025-04-29,Late,False,540.18,,REZKGB8Y,AGT-0526,2.0,Yes,33.0
86dd8cbd-821c-416c-820f-d7c26515446c,2024-12-26,Paid,False,1977.06,Credit Card,ZSVTGBV8,AGT-5382,22.0,Yes,46.0
500f4132-a6ef-49fc-a0b2-404c68dd4193,2025-03-22,Late,False,785.05,Credit Card,WHKRGBQG,AGT-3751,17.0,Yes,
93b3e7a3-d87c-4a86-9be7-b7370804a34d,2024-03-06,Paid,False,1904.76,NEFT,WAKVGBMA,AGT-1155,79.0,Yes,38.0
c03ecc07-c56a-4320-aa82-0595a5b37554,2023-11-12,Paid,False,1055.45,Credit Card,FUOHGBT0,AGT-5047,64.0,No,22.0
6525cc5f-4217-4260-a7a5-147a66a8bc0e,2025-04-01,Missed,,1685.66,,KOJXGBQK,AGT-5158,60.0,Yes,22.0
01eacdad-6f91-4595-9538-7a79c9166d42,2023-08-15,,True,1463.26,Credit Card,ABKQGB7Y,AGT-2300,40.0,,10.0
f6238253-bf94-4677-93f3-5b9e69a7439f,2024-01-10,Paid,False,1117.85,Cash,LCZBGBI6,AGT-5150,28.0,No,48.0
1572fd6f-8e24-4096-951a-9ef7bd4d2b3b,2025-03-26,Missed,True,593.91,NEFT,RTTXGB6L,AGT-2798,50.0,Yes,50.0
3ded82ff-04e9-49b1-a2e0-f20dbf580abc,2024-08-22,Late,False,519.29,Cash,CFXKGB0C,AGT-2779,82.0,Yes,12.0
e0903acf-3e98-4b20-97d5-fa6a50af9dcb,2025-02-15,Missed,True,1692.64,Cash,LLTWGBW8,AGT-3800,17.0,No,15.0
ddc90a65-ba11-4e18-a579-4ec8b0e989d3,2024-08-03,Pending,False,1425.57,Cash,XRXHGB5G,AGT-3738,54.0,Yes,30.0
da500f06-f620-452a-9267-4881ca3b49c0,2025-02-16,Pending,,1891.89,NEFT,,AGT-0297,38.0,No,
73b271da-481a-4979-96f9-c5b6c88e276f,2024-10-19,Paid,False,295.11,UPI,UDRUGB0B,AGT-5781,74.0,,26.0
1f823624-55b0-4443-8c34-065c831b5f60,2024-04-30,Pending,False,,Cash,LKGLGBGZ,AGT-1565,65.0,Yes,40.0
f6fa468f-5449-4821-a4e2-f9878ccf69c5,2023-09-10,Pending,False,572.36,NEFT,UMMCGBT4,AGT-1121,50.0,No,52.0
2e789aee-d85d-419a-aee5-86c7dce8c33c,2023-10-21,Late,,1950.26,,YTXOGBNN,AGT-7685,89.0,No,35.0
471a4670-0146-4ff8-bb97-e08bb3f22879,2025-02-11,Late,False,609.39,NEFT,TMTKGBEL,AGT-3773,66.0,No,32.0
5b4416f7-2e2e-4d16-9785-1b8fe813dff2,2025-04-22,Late,False,1121.84,NEFT,YLSQGBJP,AGT-8109,79.0,No,48.0
321d489f-e006-4319-b7ff-416c79bd50be,2024-10-12,Late,False,981.31,,QDUNGBMD,AGT-8525,,Yes,9.0
e3872790-4b14-4828-9cb0-55080f098921,2023-09-20,Late,False,596.46,NEFT,,AGT-6591,11.0,Yes,41.0
6e25ad3d-efcd-4970-85c2-fb60b54de946,2025-04-20,Late,False,,Credit Card,FXIDGBBQ,AGT-2246,9.0,Yes,44.0
f151ed56-2ed2-4bb2-a8e4-89a4b45a42db,2025-06-24,Paid,False,1989.94,UPI,SWKCGBOA,AGT-6088,62.0,,41.0
38c8eed1-f59a-4efe-b838-22b7553fe8ce,2024-12-07,Late,False,839.58,Cash,TEEXGBWV,AGT-3418,56.0,No,33.0
aed12b33-d7ef-43c7-9b06-d7cdc3b13937,2024-09-27,Late,False,466.97,NEFT,ERKNGB4R,AGT-1828,84.0,Yes,49.0
1c7e5ae6-88a2-4d68-adf4-7665036c641e,2023-11-10,Missed,True,142.24,Cash,MCSNGB6F,AGT-3458,57.0,Yes,50.0
,2025-05-10,Missed,True,1190.23,NEFT,XMRNGB97,AGT-4726,84.0,No,59.0
892553ea-e965-422e-a4be-1490564b4a67,2025-01-03,Missed,True,1029.49,Credit Card,PTUYGBZ0,AGT-8281,50.0,Yes,3.0
7ffafe21-3315-452e-8415-d1bc91e2d088,2023-10-21,Missed,True,317.25,Credit Card,YLASGB7M,AGT-0213,3.0,No,18.0
3d82a74c-3efc-4ce8-b9d7-8d2f36867fb6,2023-08-20,Paid,False,1816.6,Cash,MVVDGBQV,AGT-0019,79.0,No,26.0
,2024-04-22,Late,False,1784.64,Cash,RIUCGBN2,AGT-9868,,No,33.0
378d5947-df8b-4e96-a44a-e3ca3c881baf,2023-08-18,Pending,False,905.99,,HMSZGBDJ,,67.0,Yes,27.0
36e3192e-6311-4d86-bd35-332f2a86305a,2024-05-28,Late,False,252.6,Credit Card,VTYKGBVM,AGT-4693,15.0,No,19.0
2c83fb43-4460-4bff-b86e-8ecbd648590c,2024-11-07,Paid,False,1532.63,Credit Card,,AGT-9298,1.0,Yes,29.0
dce48c84-cab8-4dfa-9189-cbbe28b4b1ce,2025-04-14,Pending,False,1706.72,Cash,FCBGGBGY,AGT-6166,39.0,Yes,7.0
4a1ff5d3-f8d8-451d-98df-da05f29fa1e7,2024-12-26,Pending,False,1706.04,Credit Card,SGSIGBP4,AGT-5075,29.0,No,18.0
b024bdb9-4894-4618-a0ab-10cc4a312c72,2023-09-05,Pending,False,1290.25,UPI,FVFPGBC0,AGT-4709,61.0,No,7.0
12e4c12c-891b-43f6-824c-6e62a220006c,2023-07-24,Pending,False,1720.36,Cash,MUWUGBSX,AGT-4594,54.0,Yes,7.0
fe5eea9c-351c-4e63-a98b-a0539074f5db,2024-09-14,Missed,True,1427.91,UPI,OGQDGB3I,AGT-4677,48.0,Yes,10.0
c433f914-ef48-4549-b0ef-fe2938a38710,2024-02-04,Missed,True,181.24,NEFT,EAICGBUA,AGT-1849,20.0,No,58.0
8bf17b2f-b485-4fc9-8fe7-a1843825d431,2023-09-28,Pending,False,1184.17,Credit Card,CRTJGBIT,AGT-5985,49.0,Yes,22.0
e88b7992-9e61-4d29-8cc7-8724df77d962,2025-02-02,Pending,False,1985.81,UPI,GNGUGBDS,AGT-4032,,Yes,49.0
8d6ccce0-ea52-4ac9-901a-cb476b3d4606,2024-01-07,Paid,False,1461.16,Credit Card,,AGT-1007,32.0,No,54.0
cf628112-aa85-46de-851c-9c6ed3a2ebda,2025-03-10,,False,1664.6,UPI,UICYGB6Y,AGT-6583,21.0,Yes,58.0
3e9ec07f-2aff-4ede-8283-d0503dee9025,2025-04-28,Pending,False,1988.88,,NHRWGBIP,,8.0,No,
cff9fda7-623a-400b-bd63-dceea67c5ad9,2025-04-04,Paid,False,138.79,Credit Card,LGPVGBA2,AGT-9806,60.0,Yes,3.0
dacbf113-a2b8-48f6-9f0f-39d798f335da,,Missed,True,527.87,NEFT,TOXQGBWD,AGT-1173,77.0,Yes,48.0
e149e031-b804-4678-b587-3a33450b5761,2024-02-05,Pending,False,1765.84,Credit Card,SGLGGBKI,AGT-4795,34.0,Yes,54.0
,2024-02-21,Missed,True,1879.78,UPI,OUUHGB0F,AGT-3238,2.0,Yes,13.0
e1230f71-5cd1-4605-bc37-cc8f42864aab,2025-06-24,Pending,False,1174.84,UPI,,AGT-2051,49.0,No,20.0
9c84f75d-18ca-451f-8c44-7c0c9a36e49e,2025-03-24,Paid,False,875.17,NEFT,TSAMGBSF,AGT-5333,21.0,Yes,16.0
eb8d3b81-f527-4793-9752-3815df80d356,2024-02-13,,True,1962.95,Credit Card,JYGNGBSQ,,62.0,Yes,41.0
6b10fa8b-f67e-4d72-83e5-b60c79618fc3,2025-03-01,Paid,,810.88,Credit Card,RDEAGBAQ,AGT-9562,42.0,Yes,12.0
ba660540-8fb6-461d-9d7f-318bce002255,2023-09-13,Pending,False,1293.49,NEFT,DNKJGBUD,AGT-7274,58.0,No,25.0
d59f5d66-9cb0-4789-9dae-d6426172fb13,2023-07-20,Pending,,,NEFT,IRELGB10,AGT-6571,3.0,No,31.0
,2023-08-29,Late,False,1566.69,NEFT,KNMCGBOX,,1.0,Yes,49.0
3fd2e0a8-9842-4e14-8ef4-e9cf0c6fcde1,2023-12-11,Pending,,733.54,UPI,COXKGBA1,AGT-0446,6.0,Yes,59.0
ef375db8-c458-46ba-bc45-684eb6688a00,2025-02-04,Missed,True,1915.01,UPI,XFVWGB40,AGT-4080,66.0,Yes,6.0
,2025-01-14,Missed,True,375.76,Cash,BJJWGB9T,AGT-9762,32.0,Yes,24.0
c2fe3595-a371-4c6e-a9aa-25dd406128fb,2024-12-04,Pending,False,1353.41,Cash,GWJVGBN0,,41.0,No,41.0
6a5510a7-3e37-4c25-8f97-49f3ecb00b36,,Pending,False,1568.67,Credit Card,QXGJGBKQ,AGT-1565,,Yes,57.0
a59cfa7e-a261-4331-a89f-6d9234861f08,2024-11-19,Late,False,1734.15,NEFT,OKKIGBVW,AGT-2298,15.0,Yes,22.0
8ddcdf41-1aa6-4e45-9057-4cda1a9ed9a1,2023-09-22,Missed,True,578.53,UPI,DFWAGBHL,AGT-8935,27.0,No,30.0
f8a1ea7f-edb5-4fba-8599-f31efbbf1c30,2024-05-03,Late,False,1548.08,Cash,JEUOGBG9,AGT-5922,57.0,,37.0
bb1c3458-95fa-412e-8edb-ca09d37c5ac0,2025-07-02,Late,False,416.74,UPI,URMNGBTL,AGT-1968,,No,52.0
2e11333d-5d3f-44ff-8e08-ab244dac13f9,2024-07-21,Missed,,1384.01,UPI,,AGT-9748,87.0,Yes,14.0
,,Paid,,1801.34,Cash,MPCNGBOE,AGT-4154,11.0,No,29.0
be641e99-bed0-494d-87dd-33f736ded203,2024-05-22,Late,False,881.54,Cash,IXKXGB5L,AGT-1047,40.0,Yes,53.0
34254867-2e97-4d2a-82ff-2f5740c31181,2024-11-19,Pending,False,954.78,UPI,OIWLGBIT,AGT-1601,42.0,No,48.0
41ba9c9b-3573-4e3c-82b7-e6a899f4e57a,2024-12-30,Late,False,1463.68,Credit Card,TZHPGBQU,AGT-2321,66.0,Yes,21.0
1d53313b-1e94-42a3-bb1c-9895d2ba4017,2023-12-29,,True,1307.03,Credit Card,AUXKGB0N,,47.0,No,
54aae47c-3b12-4f2b-9df9-fb5c729c3a25,2025-03-24,Late,False,1394.13,Credit Card,MYGZGBLB,AGT-9881,37.0,Yes,21.0
beb7b424-863d-43f8-824c-5c2160d2e7e7,2024-12-12,Missed,True,215.71,Cash,ERLPGBBU,AGT-7181,13.0,No,54.0
7c2c9c84-d39a-4a43-8a20-a98a86509382,2025-05-09,,False,1886.03,Credit Card,CPPOGBS9,AGT-8736,8.0,No,37.0
90370696-f3c2-4555-a275-a3b90f438c6b,2023-09-23,Pending,False,688.32,NEFT,HYXIGBO3,AGT-0576,3.0,No,27.0
97768dc0-5f23-4ea9-ac90-323617c90e16,2025-03-25,Late,False,1610.78,NEFT,SHKWGBJD,AGT-0146,39.0,No,36.0
1080742e-4b49-4b23-b2a4-05d817207a0d,2025-01-18,Late,,1216.21,Cash,JRTVGB9X,AGT-4912,1.0,No,9.0
fb934672-cad4-4bde-8dbe-3ae3d1a690d1,,Pending,False,1337.31,UPI,VXPLGBUT,AGT-6167,64.0,No,33.0
cf2b5c1b-21ca-4c66-a7ca-3846a937164b,2024-06-09,Missed,True,1851.1,NEFT,NYOVGBRC,AGT-6470,28.0,Yes,54.0
93b4049e-b201-429e-8016-d4bcf82383aa,,Missed,True,609.81,Cash,DSYRGBEW,AGT-2730,34.0,Yes,33.0
c85e1cb6-b677-48a3-a7c3-003595c5dcba,2023-12-31,Pending,False,451.16,UPI,FSIRGBBM,AGT-7086,89.0,Yes,
522bee86-1377-4e78-a76a-77481f56650b,2024-02-25,Paid,False,1767.44,Credit Card,PEMEGB8Y,AGT-0619,77.0,Yes,12.0
,2024-10-05,Paid,,974.05,NEFT,TDXKGBZV,AGT-1831,61.0,Yes,32.0
b24a2652-4c7e-48c0-9952-bbd1e7447cd4,2024-01-16,Late,False,1957.95,UPI,HLMEGBEL,AGT-6720,44.0,Yes,19.0
5bebb059-5283-48d1-ba35-3f171f497a97,2024-11-18,Late,False,1145.71,UPI,VFWXGBTG,AGT-3310,21.0,Yes,47.0
fad431b1-fb97-4d2c-901e-556e6d61ae8b,2024-03-20,Late,False,954.66,UPI,RQJSGBJR,AGT-6794,5.0,No,50.0
93729ff6-6f46-4265-bb54-a2584c6e7f49,2024-09-28,Paid,False,1214.65,Credit Card,WZUKGBCW,AGT-0877,73.0,No,30.0
5c5359c8-af67-4688-bb90-aaefa3915775,2023-10-23,Paid,False,1358.3,Cash,FZNPGBD4,AGT-5184,35.0,Yes,14.0
6d98bfbd-faa0-4cc5-a34b-791e3ecde547,2024-02-09,Late,False,415.25,NEFT,NYDHGBPD,AGT-0417,72.0,No,
65adcae1-fef1-43f5-8af1-24232bc6ecaf,2024-01-02,Pending,False,1717.14,NEFT,,,,Yes,51.0
4e05e955-264e-4398-88a1-b151aad92666,2023-11-24,Pending,False,1300.55,UPI,XDGCGBVI,AGT-5533,24.0,Yes,34.0
563f9b68-c4ab-4f72-a399-101fcaf87b97,2025-03-18,Pending,False,713.27,UPI,LFFSGB1D,AGT-5583,28.0,Yes,55.0
27fd66b6-06f6-4253-899a-f9a71b7afaec,2024-11-17,Missed,,1668.2,UPI,FEBWGB2T,,76.0,Yes,52.0
2b10bdcb-2f27-4950-971c-793ae475cf01,2023-07-24,Paid,False,1619.32,UPI,GSGYGB5C,AGT-0338,59.0,Yes,3.0
1ad3d2a4-c01a-4317-a03a-974440ea516b,2025-01-01,Pending,False,421.57,Cash,,AGT-1311,33.0,Yes,55.0
16047c50-994e-4ec1-8d90-c13f72ed1fb0,2025-05-16,Late,,1342.6,NEFT,CRUSGB55,AGT-0964,71.0,No,53.0
11022a3a-7b56-4c12-a265-f3a0072aa2dc,2025-04-03,,,,Cash,ACWYGBL3,AGT-5115,42.0,,32.0
db4d77fb-12a9-4c06-a086-18f7df13cf34,2024-09-29,Pending,False,1259.63,Cash,QGEKGBLU,AGT-0953,47.0,Yes,52.0
ae481afc-00c6-4d0f-ab61-69e4a49e038d,2024-07-19,Paid,False,1825.72,Cash,EDBSGBPQ,AGT-8584,23.0,Yes,27.0
8dab1abe-afb6-4e63-a3af-631f53330058,2024-12-19,Late,,1834.74,Cash,MBLUGBK7,AGT-9064,33.0,No,2.0
d2df168f-9b74-490e-8dc9-48cdd31b98d3,2025-05-26,Paid,False,1567.38,NEFT,UQBRGBY2,AGT-4245,67.0,Yes,2.0
b538c943-3dc6-4687-903e-b446c9c7187f,2024-04-02,Pending,False,743.5,NEFT,MAAXGBEX,AGT-4548,27.0,Yes,46.0
17a76259-967a-494c-b142-69a4974d5f62,2024-11-17,Pending,False,1614.33,,VELZGBDP,AGT-9698,50.0,Yes,58.0
c09d7541-4cd9-44f7-a67d-86f9e81d86a6,2025-06-23,Late,False,1101.79,Cash,PKUAGBEL,AGT-5322,23.0,No,11.0
aaf16f91-6187-4006-993e-b1dc029b434f,,Late,False,1600.91,,LFUIGBGM,AGT-4487,34.0,Yes,
d8523fa2-67b5-4977-ab2e-05eaa4fb76ab,2025-07-11,Missed,True,994.41,Cash,IJFSGBZT,AGT-7453,4.0,Yes,59.0
f9701d68-e1e1-49c2-887d-804e38b3eeca,2023-10-23,Pending,False,423.72,Credit Card,ETGDGBVL,AGT-5154,30.0,No,1.0
60ddd06c-7f00-400b-8a0a-b16f7b12261b,2025-05-09,Missed,True,773.42,NEFT,QOLAGBDU,AGT-4414,71.0,No,54.0
d4f22776-f6ad-40e5-b28c-8cb34a9ec026,2023-11-30,,False,748.15,UPI,WMRBGBPO,AGT-7683,71.0,,43.0
d68f173c-7923-4d82-9f8f-3243a755bab3,2024-11-18,Missed,True,1513.05,UPI,ERPNGBCM,AGT-3383,64.0,No,34.0
b53c5daf-02e0-4bd8-ba53-e07be5938563,2023-09-08,Paid,False,1471.05,UPI,RRDBGBCV,AGT-3332,86.0,Yes,39.0
,2024-01-27,Late,False,101.85,Credit Card,NSDLGBHD,AGT-8386,33.0,Yes,42.0
dc4cdde9-c4d0-4598-a181-af603d288f7a,2025-07-11,Missed,True,555.97,UPI,NMZXGBFR,AGT-1662,43.0,,20.0
5723a094-43f5-451d-b30e-1c1556e3224d,2024-03-15,Pending,False,177.96,Cash,CFNCGBEU,AGT-2400,88.0,No,25.0
2fa6a399-b1f9-4397-be6c-eee53aeb578d,2025-01-23,Pending,False,254.16,Cash,TQEBGB5C,AGT-2370,71.0,No,41.0
fc47bd36-4ba3-4c7b-84ea-f192a9226f2e,2025-07-04,Missed,True,1346.74,NEFT,AOFFGB6T,AGT-0869,80.0,Yes,49.0
d25c547d-6231-4801-8225-684e06a5ba75,2023-09-28,Missed,True,1723.97,NEFT,COVHGB7S,AGT-6672,37.0,Yes,4.0
b1c39fd6-5cd3-4604-967c-c78c359ec6fe,2025-06-06,Pending,False,,Cash,IYTDGB34,AGT-5516,85.0,Yes,48.0
3cdc2dae-e7a9-4be4-a780-60480cb2f951,2025-05-17,Missed,True,,NEFT,IRTUGBSS,AGT-6560,26.0,Yes,20.0
9096623d-9bb4-4e75-88ad-816109fd1638,2024-04-27,Paid,False,696.84,UPI,WBRCGBEW,AGT-3556,66.0,No,31.0
15c0eebc-2548-4804-a294-18809660d418,2024-09-26,Paid,False,192.63,Credit Card,JDIRGBP7,AGT-8404,69.0,No,26.0
786803ea-127b-4a01-a5ea-ab4df3ac07a7,2024-07-27,Late,False,467.69,UPI,UCJZGBGR,AGT-7579,74.0,No,18.0
9f55826d-7e78-4349-b415-07bf4eefb8da,2023-11-27,Missed,True,1646.88,Credit Card,MBHDGBKK,AGT-4797,33.0,Yes,27.0
60863b74-7bca-4e60-9624-586026d0a80f,2023-10-02,Paid,False,966.0,NEFT,JJLDGBQG,AGT-8546,6.0,No,5.0
393b35a7-4566-4eda-bf3e-6027230f2188,2024-02-16,Pending,False,1996.66,UPI,VVHGGBA2,AGT-3948,88.0,No,8.0
661e54c8-bc79-48ae-907c-5f8c5916108a,2023-12-30,,True,779.69,NEFT,QUSYGBHX,AGT-2797,45.0,Yes,24.0
22f91123-d5fe-4c98-af47-bd15f4e745de,2024-08-24,Late,False,488.66,Credit Card,YNJHGBXE,AGT-4544,5.0,Yes,31.0
de85ef86-8eaa-43fd-b10c-595905f26ff6,2023-11-24,Missed,True,127.95,Cash,JFQTGBB1,AGT-3108,6.0,No,25.0
2fe3f393-0447-49a8-9ee1-8f5f9dc1d8b6,2024-07-23,Pending,False,247.52,UPI,BJVXGBO5,AGT-1910,19.0,No,28.0
734ea75c-30ab-42ee-b0c1-675e555ec0fd,2024-05-21,,False,556.19,Credit Card,SNLAGBMZ,AGT-8710,64.0,No,3.0
75f7dd16-ffc5-4637-8784-a12c90bc51b4,2025-05-10,,False,521.97,Cash,ZERQGBX3,AGT-8263,57.0,Yes,35.0
56ed0a51-c6a9-45e2-a3de-5c1d3c154dc7,2025-06-09,Missed,True,1505.07,NEFT,RSLNGBYQ,AGT-7613,37.0,Yes,54.0
df71db50-0a32-4e86-ad13-21e428d0192e,2025-07-14,Paid,False,1640.98,Cash,YVGZGBAG,AGT-5230,26.0,Yes,29.0
b9d886bf-2a0a-498e-a5f0-148e1c709d23,2024-03-03,Paid,False,1433.98,NEFT,JZJMGBSZ,AGT-6395,47.0,Yes,24.0
1d9430f1-1790-4a8a-b090-4afc53834429,,Paid,False,277.51,UPI,QJVUGB79,AGT-1250,5.0,Yes,21.0
237cb553-9b47-4125-a7fd-43f910ffeb22,2024-07-06,,False,1118.03,UPI,AAPTGBA4,AGT-0592,66.0,Yes,12.0
,2024-10-26,Late,False,917.84,Cash,PUZYGBSU,AGT-1385,4.0,Yes,20.0
d5d29847-982f-4b86-a32f-a9ef56ebd6bb,2023-11-28,Late,False,423.26,NEFT,MMFLGBDV,AGT-8912,89.0,No,2.0
d8415af4-3fb1-4379-be09-a8fc4d9da9db,2025-01-29,Late,,1413.01,UPI,PLPBGB6J,AGT-4595,41.0,No,
1b590be8-1d3d-409d-8a7f-4739f276da9e,2024-01-08,Pending,False,1912.54,UPI,VGZEGBIR,AGT-9986,86.0,Yes,32.0
de005c31-017b-4138-983e-69ec61e32f5d,2025-05-08,Late,False,1413.73,Cash,NKSPGBIM,AGT-8973,15.0,No,15.0
e083defd-ea22-4e20-8d98-d49d8304d87b,2024-01-17,Pending,False,1264.96,NEFT,CNUIGBZW,AGT-9993,29.0,Yes,
e090d148-18ec-441e-bc03-69910d243c74,2024-12-08,Pending,False,1332.31,NEFT,HEUCGBJX,AGT-5952,35.0,No,49.0
ec6880d4-7cc6-4ba1-9ec1-101c1d5d2921,2024-01-26,Late,False,1192.2,Credit Card,,AGT-1610,39.0,No,48.0
f4eabae6-09d6-4d53-acca-772e62c26712,2025-01-09,Pending,False,1009.8,UPI,,,84.0,,38.0
b7e6d7cf-b366-4ddf-a477-42ccb82e75ca,2025-06-29,Paid,False,1186.16,NEFT,DABGGBUP,AGT-7580,65.0,No,41.0
82b007de-3c8f-4f82-b542-634b9e4c4ada,,Paid,False,582.4,Cash,RBLVGBED,AGT-8199,54.0,Yes,44.0
1c10742b-fbf6-43dc-b360-1c4176c03e2e,2024-12-04,Paid,False,372.63,NEFT,EIAUGBIO,AGT-8331,66.0,No,23.0
15c6c3af-fd57-4194-9f1c-8529e6e21153,2024-09-19,Missed,True,1065.45,Cash,,AGT-4307,67.0,Yes,38.0
344bebc9-485e-4e3a-8a14-06b43986dfa7,2023-10-31,Pending,False,1080.75,Cash,JNJWGBPL,AGT-0224,31.0,Yes,31.0
94be8e18-1105-4ffb-9e77-60ebb9a6df63,2024-09-06,Missed,True,1397.2,Credit Card,URQSGBJV,AGT-0447,76.0,Yes,7.0
36d5c9fe-11da-42aa-8104-b73e83f26ddc,2025-05-18,Missed,True,316.24,UPI,XOBSGB59,AGT-5843,23.0,No,59.0
2d115e55-05be-4144-aa67-de5886d0f5ec,2023-11-29,Late,False,1196.97,Cash,OZNOGBBD,AGT-8127,88.0,No,36.0
5c30d34a-2ed0-4ac6-b3b1-a8f3316c2c87,2024-10-21,Late,False,1853.11,Credit Card,PUPEGBBD,AGT-9863,27.0,Yes,18.0
76b6b627-2112-4913-9375-48bf42596006,2024-08-21,Pending,False,678.36,Cash,SUEBGBBE,AGT-0426,82.0,No,57.0
243822fb-f4de-4fc0-b371-bf67a8d85788,2023-11-17,Pending,False,,Credit Card,UJHCGBLD,AGT-6227,19.0,No,15.0
9051161d-00fe-46c9-9dbe-631a77ee2351,2023-10-18,Missed,True,1631.52,NEFT,HBGVGB6J,AGT-6704,47.0,Yes,4.0
a3baa4e0-9056-4c6b-b1c4-6c93adb16874,2024-02-19,Pending,False,1496.49,Credit Card,MCMHGBYT,AGT-4152,50.0,Yes,
990d1f83-a59d-4e9e-bd02-5fb3ea7f23a0,2024-02-05,,True,1201.53,Credit Card,SPZQGB02,AGT-6839,54.0,Yes,16.0
87ce786b-c9ea-4fca-8b82-c76c818ad4f9,2024-11-16,Pending,False,429.16,Cash,PDURGBC5,AGT-1659,81.0,No,34.0
811c17c2-6f37-4f03-9d6b-28d4f4260ca5,2024-10-09,,True,,Credit Card,CBOQGBIK,AGT-3453,30.0,Yes,15.0
46345d44-52e6-4165-bd3e-1795d49409d4,2023-12-06,Paid,False,1758.23,UPI,PNTUGBCT,AGT-4933,75.0,No,12.0
6f7055fc-e8db-4c7a-af97-b6bf677607cd,2024-07-29,,False,362.11,UPI,THIOGBU7,AGT-7518,43.0,No,33.0
b4ea89d0-3422-41a1-9271-df5dc9636094,2025-03-13,Late,False,121.66,Cash,VEMIGB2C,AGT-6042,55.0,Yes,35.0
0f60eeed-8ec5-4189-bf5b-bf610605854a,2023-07-28,Late,False,,UPI,VHTNGB21,AGT-2169,87.0,No,59.0
a0ce0a3a-2ac8-4c9f-b0ad-d5b25b2cbab8,2023-07-28,Missed,True,549.47,Credit Card,BKIMGB7R,AGT-9114,76.0,Yes,20.0
70f50c7b-cc48-4d68-950d-76fb80aa091c,2023-11-23,Missed,True,1888.77,Cash,GPCKGB0O,AGT-0643,14.0,Yes,30.0
d1abad7b-0c23-466a-9700-b13c913f9742,2025-05-27,Missed,True,269.94,UPI,EIVAGB2P,AGT-5234,25.0,No,13.0
15a305a3-c8fd-45b5-af50-b5205113d87b,2025-07-01,Missed,True,1874.29,UPI,TBOHGBJA,AGT-6779,75.0,No,47.0
5d9ff484-4127-4bc6-89bd-a515a0f2001e,2024-11-13,Missed,True,776.09,UPI,OXQMGBQ4,AGT-8999,20.0,Yes,57.0
a9f4e557-43a7-4d1b-9434-331550b53f9b,2023-10-21,Missed,True,117.95,,TZOXGBYF,AGT-5098,4.0,Yes,50.0
,2024-11-14,Missed,True,728.43,Cash,,,43.0,Yes,6.0
492df8e3-bbd2-4f17-9e9d-f20215c66fe8,2023-09-29,Missed,True,,NEFT,OJLOGBCM,AGT-1198,42.0,No,59.0
f9d42e4f-553b-48d6-9406-ec6c6b260099,2023-08-14,Late,,516.31,NEFT,VFSMGBVG,AGT-4234,51.0,Yes,43.0
781eadb5-4395-4fd2-864f-b49527a182d1,2025-01-05,Pending,False,1380.13,UPI,PZNRGB59,AGT-2789,54.0,Yes,43.0
ef89bf2b-2972-4eb0-a591-924690f76aed,2024-07-17,Missed,True,840.82,NEFT,SRMFGBFP,AGT-2239,,Yes,20.0
,2024-01-21,Missed,True,1577.19,Cash,NQWDGBLT,AGT-6142,69.0,Yes,11.0
ec0ba820-9d75-4b77-8fea-00043c7f4d13,2024-12-31,Paid,False,1622.24,UPI,JLSBGBAX,AGT-0582,43.0,No,
3222eede-5274-4a31-9fb4-1209b88f8065,2025-02-03,Missed,True,463.78,NEFT,BYCEGB38,AGT-6594,46.0,Yes,26.0
a2336c1d-ba33-46c6-83db-d12b77f52fcf,2024-01-29,Late,False,1735.07,Cash,NAWGGB30,AGT-0151,44.0,No,9.0
320d534e-e1ce-4ca0-ac00-63a5567fcf83,2023-10-03,Late,False,965.24,Cash,IUZBGBHE,AGT-1215,58.0,Yes,4.0
355a05c5-3e8e-454a-a8b4-178ceedef3e1,2024-05-16,Late,False,1573.15,UPI,YWCWGBMT,AGT-3573,0.0,Yes,50.0
189ba441-c372-4bd7-9776-c217451211d1,2024-02-27,Pending,False,1578.6,Cash,DISHGBTK,AGT-3645,88.0,No,47.0
c128e9e6-df36-4d8e-ac85-e48ea4a09273,2025-05-14,,False,1244.94,Cash,OFJBGB7I,AGT-3667,76.0,No,50.0
7db075bd-91dd-4cd9-8ab3-1f69ed126e6e,,,False,,UPI,GZVTGBJ0,AGT-7529,0.0,Yes,6.0
a36799b0-905c-48bb-812f-173f6604e04a,2023-08-22,Late,False,1944.22,Credit Card,QCAIGBJQ,AGT-9986,45.0,Yes,33.0
75da1a3e-bb3c-4cf9-8c17-f9eb437124ef,2024-01-27,Late,False,481.95,NEFT,CGCZGBOW,AGT-4440,26.0,No,31.0
93e021b0-b6c4-4b84-b092-72b64bf7a476,2023-09-28,,False,699.08,NEFT,IFXXGBQ6,AGT-5464,5.0,Yes,48.0
23bd2127-98f5-40e3-8d58-5145e0630949,2024-05-11,Missed,True,736.33,NEFT,XNKBGBKF,AGT-8247,25.0,Yes,59.0
d399a289-691c-4c81-9869-24edead1155c,2024-07-06,Missed,,1669.0,UPI,ADATGBOU,AGT-1964,2.0,No,54.0
84b2e1da-ea47-43e5-8389-1ed80e91b5e1,2024-07-11,Missed,True,1924.43,NEFT,ZHEHGBBF,AGT-6476,41.0,Yes,
32bdcb1f-1e90-468a-96da-66dda6de876c,2024-06-04,Missed,True,,NEFT,YJCYGB22,AGT-4620,5.0,Yes,57.0
79fc3106-c752-41f3-a025-868a0cfd4bc2,2025-04-13,Paid,False,1283.36,,,,19.0,No,32.0
9727ab26-575f-4d66-bcc5-20aebdc0bf96,2025-06-18,Paid,False,,,RQZMGBE9,AGT-1412,76.0,Yes,54.0
4363e3b2-f3a6-46d5-988c-ee107d685696,2023-08-07,Pending,False,,Cash,WHYXGBD4,,20.0,No,18.0
060843dd-b2d0-475c-ae43-1379a5e2fa24,2024-08-19,Pending,False,,UPI,PXVRGB71,AGT-9788,45.0,Yes,3.0
0b433c0c-0798-487a-a1a8-ac37a16f2c13,2023-10-28,Pending,False,877.26,Credit Card,UYCFGBGD,AGT-0222,22.0,Yes,20.0
,2025-07-12,Paid,False,326.26,UPI,XXYDGBUT,AGT-7690,53.0,Yes,45.0
2ff3d812-a339-432f-b332-0379ad575ad0,2024-08-11,Late,False,953.1,,OYXVGBQ2,AGT-2514,2.0,Yes,43.0
2d6c6316-7c34-4209-af7c-83bfa306d809,2025-04-24,Late,,752.67,UPI,MWQKGB83,,21.0,Yes,55.0
cfab50e4-4b6a-4ebc-86ce-2638045e5ec2,2024-12-28,Missed,True,279.46,Credit Card,XXANGBSU,AGT-5096,4.0,No,31.0
aa28deef-259a-4b21-b381-0a58c6e4d0a2,,Missed,True,1129.33,UPI,VLQDGBV6,AGT-7897,47.0,Yes,9.0
69e06eab-9c58-4762-aec2-f0bd5fb85585,2024-09-21,Missed,True,1111.12,NEFT,HSPHGB6T,AGT-7109,28.0,No,24.0
5763942b-6a1e-46c8-b95d-4b5cca18b430,2024-10-27,Late,False,244.0,NEFT,YVIIGBJ7,AGT-8140,8.0,No,46.0
8b261f36-2c41-4c77-ace9-e3cda1acf143,2023-12-27,Missed,True,959.0,UPI,YIDLGBIL,AGT-1663,55.0,No,26.0
5260fefe-239a-4b05-9645-76254e467f70,2025-01-18,Pending,False,366.67,NEFT,ZKQAGBRP,AGT-4066,46.0,No,59.0
2b9c6b9b-4ccf-4a62-9e47-53d8a1761722,2025-06-26,Paid,False,243.64,,LATTGB4H,AGT-3429,45.0,No,10.0
3bc02e42-f9d0-4702-8946-90fdb1d6e799,2025-05-26,Pending,False,592.45,Credit Card,QBMRGBHB,AGT-5418,1.0,Yes,21.0
7acc8f7e-fe3d-4bcd-a354-cbc9f74db188,2023-07-24,Pending,False,,UPI,ALIXGBNH,AGT-8376,60.0,Yes,10.0
48746acf-7fb3-40ee-bfd8-aa71fa3fbc27,2025-03-18,Missed,True,270.88,NEFT,NIIUGBNQ,AGT-3936,25.0,No,20.0
aec246c0-bd69-4825-a2fe-32f10a9a10b2,2024-01-19,Paid,False,1913.84,Credit Card,RRDJGB33,AGT-6983,80.0,Yes,54.0
,2024-02-21,Late,False,1777.38,UPI,GQXSGBT6,AGT-1053,26.0,No,39.0
91d66c8e-8038-4517-9e9c-54f5da825b42,2025-03-15,Pending,False,1919.12,UPI,,AGT-3513,77.0,Yes,47.0
b8edae0a-700c-4294-8eb7-7bd0800aa5a5,2024-06-26,Missed,True,1762.74,UPI,KGUMGBAR,AGT-5620,50.0,No,25.0
ab40fbf2-1f67-44cd-91e2-3b9394a9e76d,2024-02-06,Late,False,637.01,UPI,RPVKGBP7,AGT-8977,37.0,Yes,15.0
e4fad23e-3865-445b-bca1-2336f943018a,2024-02-02,Paid,False,1232.51,Cash,PYCSGBX9,AGT-9307,72.0,Yes,40.0
dcb759e4-0d53-4bde-8716-7e29cd0362ca,2023-11-14,Late,False,1909.78,NEFT,XYAQGBJ6,AGT-1833,82.0,Yes,17.0
dc551ee3-be4e-410b-b6a9-41c2e5af578f,2023-11-13,Pending,False,,NEFT,HHUUGBKA,AGT-1417,12.0,Yes,40.0
a9a4af6d-c4fc-4a84-9aad-8308f0e692b2,,Pending,False,1244.38,Cash,NAVYGBZ6,AGT-5157,70.0,Yes,11.0
91043759-79cc-4904-9cc0-ec31f5ba7576,2025-05-20,,True,1053.01,UPI,VSEUGBKF,AGT-5571,,Yes,18.0
,2025-02-25,Pending,False,1135.25,Cash,NGUQGBRL,AGT-1807,5.0,,55.0
,2024-09-17,Pending,False,1524.72,UPI,SCWFGBNO,AGT-9356,38.0,Yes,2.0
3bbc94e0-fd55-4936-b38f-47213e7790c5,2025-04-05,Missed,True,501.5,Cash,GVWRGBQ6,AGT-0983,48.0,Yes,50.0
b5a44364-edbc-4c36-aca1-8edc8539e97f,2024-01-10,Paid,False,667.93,NEFT,RGZVGBYB,AGT-4716,28.0,Yes,50.0
8eeab192-0191-4b22-bbd4-bd87958d7749,2025-02-18,Pending,False,228.08,Credit Card,LLRSGBQE,AGT-4207,18.0,,7.0
b781a670-1549-438a-8618-2f52a150b18d,2024-10-11,Pending,False,1288.15,NEFT,IKOYGBKC,AGT-6636,7.0,No,42.0
1a20b2bc-61b8-4eb3-8ae0-29e42feb5de5,2024-02-03,Missed,True,844.2,Credit Card,PCZOGB0F,AGT-3856,53.0,Yes,29.0
,2023-11-16,Missed,True,1205.06,UPI,XJAJGBCO,AGT-2668,6.0,No,4.0
dc99447b-3d8a-41a0-bb44-a22149528c63,2024-02-05,Pending,False,1976.95,Credit Card,TRGFGBYA,AGT-4904,55.0,No,17.0
6ba7ccfb-7ff5-4ae4-9177-bcd86a25400b,2024-11-15,Pending,False,1725.64,Credit Card,UJVQGBD0,AGT-7256,15.0,Yes,38.0
f941f18d-25d1-4d6e-906c-bfc63763563a,2024-05-24,Paid,False,608.42,UPI,RRDTGBXN,AGT-5786,64.0,Yes,15.0
28aa7d08-ec4a-4c41-9e3d-7bf3fa5dde2e,2024-07-18,Missed,True,1601.55,NEFT,CTFGGB5M,AGT-5096,32.0,Yes,2.0
f0238e1d-21fa-4ea2-a643-6e0892899a8d,2025-05-04,Paid,False,1911.73,Credit Card,GKRHGBAB,AGT-9402,0.0,No,8.0
5cbf7efa-28cd-4097-98d5-e4ddc5bf3980,2023-11-07,Missed,True,123.91,Cash,JYPLGB8F,AGT-0704,61.0,No,28.0
f3152fe8-0bab-4be1-a711-86af6a6c089d,2024-08-01,Missed,True,1142.94,UPI,FHPNGBNY,AGT-9875,50.0,No,25.0
0a3b1604-a86d-42a1-a659-5ac096cd39fd,2024-06-30,Late,False,838.5,Credit Card,MANFGBSD,AGT-6460,71.0,,53.0
62930b13-c568-464b-8b13-fbe79317d38f,2024-05-25,Late,False,785.86,UPI,XGGFGB2K,AGT-1017,,No,33.0
eb9b3a67-bda4-4bd3-8d42-5a1693a5f20a,2023-07-22,Paid,False,417.09,Cash,JNKQGB7L,AGT-1262,6.0,Yes,34.0
de33653a-8285-4b93-89ae-b45023d87ac3,2025-02-08,Paid,False,1164.64,UPI,ITADGBE3,AGT-0808,40.0,Yes,24.0
313f35e5-2953-4d7b-8a77-7489d5a0fe2c,2024-12-25,Paid,False,1121.81,NEFT,ZGVFGB74,AGT-3292,49.0,No,8.0
8b1db13d-4009-4cc7-b17f-93cc1e9ec26f,2025-01-08,Pending,False,1089.82,Credit Card,LCEQGBOQ,AGT-3837,70.0,No,3.0
dd0d70f1-dfec-41fd-9ed5-1828e73f6eda,2025-06-24,Paid,False,254.53,NEFT,IWYUGBIG,AGT-5249,29.0,No,6.0
8c8b94e0-0ab2-4347-8d46-03f74fbe9082,2023-07-30,Missed,True,794.89,NEFT,CNIEGBBI,AGT-3477,45.0,No,3.0
6caf0713-8c83-427d-bc5b-6cea77817648,2023-12-23,Pending,False,963.63,Credit Card,ABXRGBEM,AGT-9000,72.0,Yes,14.0
,2025-02-03,Paid,False,340.62,Cash,WEOIGBAX,AGT-0496,88.0,Yes,14.0
60d19bc4-ce5f-4aad-99b5-c7dca8467eac,2024-04-29,Pending,False,1213.04,Cash,GXXKGB6Q,,49.0,No,49.0
73b76d59-1fa1-4d35-815d-7d1d76a95518,2025-02-18,Late,False,1610.3,Cash,WLTUGB6H,AGT-3734,55.0,No,51.0
aa7990cb-84ee-442f-b345-ff943a7428a6,2023-08-18,Late,False,701.48,Credit Card,FEBGGBO2,AGT-8512,63.0,Yes,50.0
aa4ee70e-bbc7-4a0c-9eed-4fa9c1035a22,2023-09-06,Missed,True,1239.96,Cash,LJIHGBUJ,AGT-1594,,No,39.0
d0cdac81-9096-4000-bbfd-032531af5002,2025-07-01,Late,False,1608.8,Cash,YDZQGBVW,AGT-1111,88.0,Yes,48.0
eeb8ef1d-49f8-4b7c-b304-823e909b700f,2023-10-25,Missed,True,1678.73,Credit Card,OMMQGB7V,AGT-9610,86.0,Yes,24.0
af5ad67f-09a9-4e7b-8030-71c24be148c9,2024-11-02,Missed,True,162.94,Cash,TQGRGB7R,,56.0,Yes,48.0
ad6a7673-2bf1-481d-88d8-c7e9d61fc5b0,2024-01-21,,False,1202.35,NEFT,,AGT-6010,33.0,Yes,58.0
3f453df7-f775-4fd6-bd3c-fb0d2abee76d,2024-03-17,Paid,False,1098.59,UPI,YUBEGBLF,AGT-6699,70.0,No,
efc162a5-9747-4d9e-8df1-1a1085bf35ff,2025-06-25,Pending,False,323.09,NEFT,IWNMGBPT,AGT-5976,57.0,Yes,21.0
5c83cf91-2d75-4c45-86c8-65c75fd2b96e,2024-06-11,Paid,False,,NEFT,NXFNGB2A,AGT-2998,9.0,No,35.0
329c5c4a-30e9-4105-83e3-3ab11905a73a,,Late,False,1922.5,Credit Card,LDKDGBVX,AGT-1897,5.0,No,52.0
4a505af3-33f9-45fc-8de4-4fc792f841ea,2024-05-03,Pending,False,635.01,NEFT,PYCYGBDQ,AGT-9111,8.0,Yes,51.0
46640e05-76bd-4680-87a7-c1b8477cd5d2,2025-03-21,Pending,False,1311.16,Credit Card,YCFKGB0R,AGT-1551,65.0,No,43.0
f1a61c8e-a03f-475c-afa3-2b63bb611547,2025-02-13,Missed,True,931.82,NEFT,JWPXGB36,AGT-9457,,No,58.0
46b188d4-d986-4bec-a2a2-92dade8bcb1f,2025-06-06,Missed,True,1274.7,UPI,YIVAGBBB,AGT-1766,77.0,Yes,59.0
4207ccd4-147a-4d09-9e28-e85dbc49b1ba,2025-02-23,Pending,False,1775.09,Cash,GNLRGBL8,AGT-4797,19.0,No,27.0
1ecffe29-ed48-4849-b7ef-da06d8ed6c65,2024-01-30,Paid,False,1259.51,UPI,XCKRGBSM,AGT-0198,14.0,Yes,53.0
e1ea9ecf-3927-4d7e-b839-72635ff17083,2024-08-21,Paid,False,1685.19,NEFT,ZOICGBYC,AGT-0162,30.0,Yes,27.0
308641c0-b772-46fa-9153-b7d8c9b2ea31,2023-09-03,Paid,False,1459.33,NEFT,UVCXGBO5,AGT-3083,30.0,Yes,1.0
128ccbb6-afc5-40ed-af98-625002ea5a87,2024-12-23,Missed,True,205.47,Cash,MLPVGBI5,AGT-5969,18.0,No,24.0
56683e27-67b1-4327-9159-3514f9788f98,2024-11-29,,False,,NEFT,,AGT-7638,55.0,Yes,42.0
6a306a62-0b47-4a75-ad31-b094bfe49443,2024-08-09,Paid,False,1967.63,NEFT,GMCKGBGK,AGT-7156,5.0,,39.0
c59305a2-64f1-4d79-ba16-1a21f97c8da1,2023-10-11,Missed,True,244.97,Cash,HHGGGBZ1,AGT-8433,40.0,Yes,52.0
,2024-05-01,Pending,False,1810.84,Cash,UNMMGBUI,AGT-2585,0.0,Yes,35.0
4d45fe33-5eb1-4b12-b20c-8d0b595a8c54,2024-11-07,Missed,True,162.35,NEFT,ULJLGB6Y,AGT-6997,23.0,Yes,32.0
0b355e2c-dfa2-48e2-910e-74bef4e28b1f,2023-08-23,Paid,False,1152.96,NEFT,BEWFGB7G,AGT-0025,76.0,Yes,20.0
641775a5-8bc2-4722-8648-a315c6da54d8,2025-05-08,Missed,True,810.69,UPI,FNONGBDE,AGT-2521,68.0,No,36.0
27d357fb-b758-4340-b117-8e72a1d3d97e,2024-03-09,Late,False,935.37,UPI,CFVQGBPZ,AGT-2882,69.0,Yes,27.0
6a3962bc-cc28-43ab-89bf-314f1e17f0e3,2024-12-21,Late,,1414.94,UPI,TUBDGBE1,AGT-9817,79.0,No,30.0
d687625c-420f-4ee5-8a98-91a9c58815ac,2025-01-13,Pending,False,516.76,NEFT,KHJFGB6U,AGT-0435,86.0,Yes,36.0
708421da-ebab-45bb-a425-c58fda90ca40,2023-12-07,Late,False,815.87,UPI,JWAQGBJU,AGT-6352,29.0,Yes,27.0
644637e4-4dee-465b-b4c9-d9195e848115,2025-05-05,Paid,False,1677.85,NEFT,DSYNGB6S,AGT-1656,27.0,No,54.0
92bc13dc-735f-4ab1-a978-dd4b231a42cf,2025-03-05,,True,541.68,UPI,HRHLGB14,AGT-1401,2.0,Yes,
d85c6978-c8f2-4d5f-a1df-80db98b55b60,2025-05-18,,True,1230.42,NEFT,KTYDGB24,AGT-8232,43.0,Yes,27.0
,2025-07-17,Missed,True,1364.54,Cash,QAIOGBTP,AGT-6109,67.0,Yes,21.0
4375ec56-bf16-4a2b-a655-100b7b9f175b,2025-05-07,Missed,True,1102.35,Cash,HQWTGBKY,AGT-0569,47.0,Yes,49.0
56426380-1523-4fe2-bb03-89b834b18346,2024-05-02,Missed,True,639.02,Cash,BAZDGBTJ,AGT-6680,28.0,Yes,5.0
8359b106-4b92-451b-a473-a9cd37ef958b,2025-05-14,Missed,True,1253.08,Cash,LTSNGBAV,AGT-0153,64.0,No,51.0
8d51a2cb-811c-43e9-9643-7489d16494ec,2025-07-08,Late,False,1862.19,UPI,PVSXGBVJ,AGT-7037,88.0,No,15.0
0e5d9c0b-836f-49fb-b689-b484710122d7,2025-04-23,Late,False,635.07,Credit Card,DBDCGBDP,AGT-8679,78.0,No,1.0
016263a8-70f2-4c18-bb4f-2b8e42fcc999,2025-01-05,Late,False,1388.09,Cash,GYSZGBXC,AGT-9131,56.0,,41.0
8ecee76f-786b-49bb-add1-5d76fc963f0b,2025-06-12,,False,982.81,NEFT,OFDIGBFZ,,33.0,,3.0
1179be9d-1b31-428d-8ec0-f66fdc1fa238,2023-07-22,Pending,False,131.37,Cash,KSLSGBS5,AGT-4574,27.0,No,41.0
ce30c2d4-fa39-44d4-8dd8-e68ed1cbdec2,2025-04-09,Late,False,691.98,NEFT,PIDBGBVG,AGT-8117,60.0,Yes,59.0
c67b1a1f-6342-447f-8426-bafb9af468d9,2024-10-30,Late,False,1610.53,Credit Card,GABGGBAI,AGT-1401,15.0,No,36.0
594f522c-a29f-4eed-bbab-c7c0d5d618f5,2025-07-12,Missed,True,1431.47,Cash,XWHVGB8W,AGT-8889,41.0,No,18.0
973b2803-2d50-4ae4-a487-f5c88a3f762e,2023-07-19,Pending,False,1609.61,,EJAMGBBI,AGT-4179,29.0,No,32.0
67c00fbc-cec4-4cb7-979f-1b4f222c5772,2024-09-11,Late,False,1868.75,NEFT,FQDQGBKY,AGT-2634,50.0,Yes,6.0
2c799f8b-849c-4fc2-9612-a1479cff7f5b,2023-10-01,,False,1511.39,,JGFYGBX7,AGT-4186,26.0,Yes,55.0
3bc67d20-c2ca-4004-9140-2a8916ea9b53,2025-06-02,Missed,True,1223.33,Credit Card,ZVIPGB75,AGT-7679,65.0,Yes,
dfc9702b-a4d5-4a48-bc52-c0226474536c,2023-11-03,Late,False,,NEFT,JSAVGBUF,AGT-5213,6.0,Yes,32.0
,2023-09-21,Paid,False,1036.41,Credit Card,AKRGGBW2,AGT-1492,50.0,Yes,12.0
5de96bb4-b516-46f2-98c0-42cc361a27e1,2024-07-08,Paid,False,873.84,NEFT,KBXYGB72,AGT-1323,26.0,Yes,44.0
c9fd1c01-4ae7-4890-9645-ccff2a76c7d0,2024-05-04,Pending,False,,UPI,,AGT-3931,73.0,No,18.0
838ac0a0-e005-4f9d-aad9-a5f2b2432ea6,2024-12-11,Missed,True,871.53,Credit Card,TTTDGBS1,AGT-4907,39.0,No,6.0
b28a30c1-8efe-4925-af87-7734d7716fc2,2024-07-30,Late,False,1689.24,UPI,HTAMGBU8,AGT-1582,13.0,No,20.0
bb73655b-dff8-4ef7-bfa9-611c8d41a1c5,2024-03-16,,True,778.98,NEFT,SPTZGBZY,AGT-8859,13.0,No,34.0
a60876f9-7c2e-4e1b-89f2-2734a6b24987,2024-09-17,Missed,True,,Cash,,AGT-4440,7.0,Yes,28.0
9abfc308-a1dc-49d8-9f67-b19ef9a28879,2023-11-19,Pending,False,951.14,Cash,LIQZGBWX,,71.0,,27.0
771c3480-4e9a-40e3-b2eb-a4d3f78731b2,2025-01-05,Pending,False,,NEFT,SBYVGBLH,AGT-4644,80.0,No,25.0
bb45a34b-35c3-476d-8b20-9d5d5a19d5a8,2024-04-06,Pending,False,,UPI,ONTEGBO0,AGT-4098,49.0,No,9.0
896da3f1-0b96-4e40-aa5a-5aba7c12b2f2,2025-01-19,Paid,False,1570.23,Credit Card,GJRGGBT1,AGT-4512,40.0,No,5.0
14325801-bc19-45db-9647-4abac47a34a5,2023-07-22,Missed,True,1925.56,UPI,WMMSGB6B,AGT-6427,85.0,No,
03a3e1eb-44a9-4eda-a1f3-b103fd703c49,2023-12-15,Late,False,503.04,NEFT,NQFPGBS5,AGT-6721,45.0,No,18.0
5fec97a3-0b35-4ed6-9eff-8c52ba0958d2,2023-11-24,Late,False,1788.16,UPI,HVSTGB21,AGT-4270,6.0,No,7.0
8fc5b4e3-fbb5-4754-a2d5-f6a5e4871c37,2024-03-23,Pending,False,311.48,Credit Card,KGYUGB6N,AGT-2492,51.0,No,31.0
8ab1fb43-119c-462f-9b9c-74cfe4019604,2024-10-19,Missed,True,614.69,Cash,,AGT-1076,47.0,Yes,30.0
,2024-09-01,Paid,False,1082.97,UPI,QZZUGBMS,AGT-6268,14.0,No,2.0
275bf60e-600a-45e2-971b-269e49be6a4e,2025-03-18,Late,,275.45,Credit Card,SQRNGBS0,AGT-6244,42.0,No,20.0
3a27c3c3-e535-47d1-a86e-79c147f1d870,,Paid,False,1188.36,UPI,DNQVGB2I,AGT-8474,73.0,,19.0
cc92e1c6-6061-4141-9def-29de2b420427,2024-03-06,Pending,False,1864.75,Cash,LPUAGBTK,AGT-9611,79.0,,
b57b7fee-b25f-4f5d-a064-d30bd18d4873,2025-05-10,Pending,False,572.39,,OUKMGBER,AGT-3726,24.0,Yes,25.0
d3e639a5-1b0c-4c65-8c3d-b18f166e9438,2024-03-14,Paid,False,197.85,Credit Card,WGELGB1L,AGT-6651,73.0,Yes,17.0
551d6ad8-8afc-4553-bb56-50e729184f01,2023-08-10,Pending,False,1399.68,Credit Card,,AGT-1506,75.0,Yes,31.0
8800a7c1-0328-40b3-8702-52d3f70854ea,2023-08-23,Pending,False,1125.76,Credit Card,RUNCGBJV,AGT-9783,12.0,No,46.0
c7bc72b1-d432-4671-a2c3-28a8f875323d,,Late,False,147.57,UPI,SJFNGBNJ,AGT-3240,,No,22.0
f1f5699b-b8a7-4580-b6d4-cbf4e8a06993,2024-04-26,Late,False,294.87,UPI,TVYMGBLA,AGT-6367,1.0,Yes,59.0
7f725207-4b15-4bc2-af5c-d35bf39cd383,2024-11-24,Missed,True,1319.14,NEFT,AHZYGBA2,AGT-2001,8.0,No,54.0
3dae06f1-72bf-4614-93b1-7d2117324c2e,2024-05-24,Missed,True,250.98,Cash,RPHEGBXU,AGT-1954,25.0,No,5.0
ee5ad047-29ce-4e54-87bc-a9583cdbb51e,2023-07-26,Late,False,1624.14,NEFT,YUCUGB6F,AGT-7058,0.0,No,44.0
3310c9e8-e436-44bf-8fab-731abed54583,2024-12-23,Pending,False,535.1,Credit Card,LWTKGBUT,AGT-2034,36.0,Yes,15.0
706fb3c4-06ad-4dd9-b635-253e67151902,2024-06-28,Missed,True,714.42,,MSJEGBIB,AGT-8736,75.0,No,47.0
90260bba-3594-4c34-80de-a4d12db9eedf,2023-11-16,Paid,False,1926.97,Cash,PXVQGBQ1,AGT-4953,15.0,No,
12dd7042-ff8c-47dc-9618-dc380e3ee732,2024-04-23,Late,False,592.58,Cash,WYUYGBQX,AGT-5895,8.0,No,23.0
0c5acc7c-fac2-4585-adb2-a421ee12a125,2023-07-24,Paid,False,248.61,UPI,HNMEGBB2,AGT-3447,80.0,No,28.0
bf2ab69d-a2da-49fe-9766-4083bcb58229,2023-12-15,Late,False,617.47,Cash,DTKJGBT5,AGT-2937,52.0,,48.0
c3ba897b-46c6-4f6a-892e-9fa6bdc22868,2023-12-27,Missed,True,1808.44,NEFT,PNFOGBAV,AGT-6556,64.0,Yes,47.0
cf664240-3bb3-4a1b-a2d4-144b9abf2034,2023-11-05,Late,False,839.48,Credit Card,PFVPGBCE,AGT-6909,59.0,Yes,8.0
1b56b6b1-55d9-48e7-8d24-af8223b3f881,2025-03-07,,False,467.09,Credit Card,GTQGGBQH,,84.0,No,45.0
cae3a07b-e0a4-4557-ba7e-f4c8888a904a,2025-01-01,Pending,False,452.9,NEFT,UHLGGBGX,AGT-9710,42.0,No,24.0
1ebfa3af-ba55-46f3-bc79-ecb4abe84452,2024-03-07,Pending,False,1948.95,Credit Card,HNYLGB0O,AGT-5038,48.0,Yes,25.0
a50ccba7-4131-464d-9786-490fd2ef3bcc,2024-11-02,Missed,True,1610.69,UPI,NICFGBBG,AGT-6544,12.0,No,5.0
1fb193d2-7a60-4adc-87bc-68ff33826e4f,2024-05-10,Late,False,1691.97,Cash,RIWOGBW8,AGT-7048,87.0,No,18.0
,2024-11-14,Missed,True,179.27,Credit Card,WTAVGB0O,AGT-5973,79.0,No,
ee6a6f5c-82c3-4e42-a0b6-a733c8bcb7dc,2023-11-11,Late,False,905.41,NEFT,NSMSGBSL,AGT-4342,7.0,No,32.0
e5b7abf5-bf11-438d-bbcf-9fd514baaf3a,,Late,False,1181.16,Credit Card,PPATGBW6,AGT-3550,44.0,Yes,59.0
96731fd7-f8f0-48c9-9896-e32a03e98625,2024-03-24,Pending,False,472.18,Credit Card,DUQDGBN0,AGT-6783,65.0,Yes,20.0
13ff28e8-57fd-4b7b-ae50-b460cfa4e73f,2023-12-15,Late,False,1245.51,UPI,HVKVGBAN,AGT-8688,66.0,No,56.0
e223a5f7-598b-4bc5-86ff-222f3fc24b7f,2024-12-18,Pending,False,1657.73,UPI,YQLJGBR5,AGT-5498,14.0,No,36.0
6664c164-e694-405c-b52e-2f99c63282b2,2025-04-22,Pending,False,781.42,Credit Card,JTABGBKM,AGT-9365,74.0,Yes,43.0
b9046f19-377c-4322-8a86-aa53f4bad4e8,2024-03-06,Late,False,1522.27,UPI,EBFFGB9G,AGT-7398,,No,14.0
34cef604-095f-4fdb-9676-b4442e64fc30,,Missed,True,604.66,NEFT,OJQCGBFY,AGT-1721,1.0,No,2.0
66ba3fc3-2fce-471f-aedc-ae43b1d4a4fc,2025-05-24,Paid,False,1785.27,Credit Card,,AGT-0816,70.0,Yes,26.0
29bcc4ec-bab2-4494-8a09-0ca5f3f2d4f0,2023-10-29,Pending,False,511.93,Cash,LXYGGBWQ,AGT-7522,39.0,No,22.0
fdeaabb1-ca63-4c9f-a7e2-0d280dbc06c9,2025-02-28,Pending,False,226.76,UPI,YDVFGB52,AGT-5221,55.0,Yes,26.0
8946d55d-2973-461a-931b-b7c25a5f35af,2024-02-16,Pending,False,1118.73,Credit Card,PVNZGBJV,AGT-6056,85.0,No,37.0
efdf5a0c-4d43-4699-ad6c-f587fe76d34f,2023-10-20,Pending,False,1639.48,UPI,NFJCGBGZ,AGT-9483,36.0,No,47.0
a75a3ac0-751c-4bf9-aaef-368707d1f079,2025-05-26,Pending,False,1516.5,NEFT,CJKUGBZD,AGT-3032,11.0,Yes,57.0
bed227bc-28dc-447b-8865-5c52f0ff541c,2024-04-05,Paid,False,1868.17,NEFT,NXQGGBV8,AGT-4078,49.0,Yes,20.0
39d09d7a-56a6-4c8e-b99b-f10f14b3741b,2025-04-08,Paid,False,1649.9,NEFT,EKUZGBI8,AGT-0743,9.0,Yes,58.0
5357db91-4196-4dc8-bfdc-0243c3a093c3,2025-01-06,Missed,True,1400.57,UPI,NZFEGBXO,AGT-6470,45.0,Yes,58.0
a3bf7d6a-4f83-4b8c-9013-7591c7c7161c,2023-12-12,Paid,False,1970.55,Cash,FRVEGBD3,AGT-5479,29.0,No,7.0
44711fa4-bea4-4ace-8836-a62053c0feda,2025-04-10,Paid,False,707.36,UPI,XQIMGB6K,AGT-3955,14.0,No,19.0
cac44a4b-f4db-4498-803e-f238c924bd46,2023-09-16,Missed,True,1940.09,Cash,QYDVGBBG,AGT-5719,75.0,,46.0
ae715073-459b-441f-ad19-3cd27ab4b2b2,2024-09-18,Late,False,1173.33,UPI,DOSGGBCL,AGT-4382,38.0,Yes,15.0
38753c5d-6034-4e9b-b24b-0939ac1114a9,2023-09-06,Paid,False,507.57,NEFT,IQHKGBW8,AGT-2619,77.0,No,37.0
56724552-4eeb-40c8-98ec-856aa796cad6,2024-10-05,,True,1194.21,NEFT,MXJKGBB4,AGT-6694,20.0,No,52.0
,2024-09-26,Pending,False,1881.0,NEFT,TLWQGBKB,AGT-1829,57.0,,19.0
2427e54f-421d-40be-9053-47145ca0854a,,Missed,True,451.88,Cash,VVSBGBEL,AGT-6508,47.0,Yes,10.0
a1fe5dfa-fbcb-4431-8fde-f1f4b20a8a7e,2023-11-06,Paid,False,495.47,Cash,RUEBGBOO,AGT-0212,48.0,No,37.0
511c744a-f9f3-4ec9-9b11-4f0eebba5d72,2024-03-09,Pending,False,996.19,UPI,SHJVGBAT,AGT-3533,26.0,No,3.0
40beee28-0e79-4f16-a0cc-cde2e6f8a3c1,2023-12-08,Paid,False,1374.55,NEFT,SJOTGB1C,AGT-2879,72.0,Yes,24.0
04a9ee61-c0fd-478b-bdfc-bc208934a3f5,2025-03-03,Paid,False,1229.16,UPI,BOKWGB9O,AGT-6353,5.0,No,48.0
e96cb270-0fd2-411c-ae60-cdf536bdd83f,2025-07-18,Pending,False,352.33,NEFT,QPOXGBU5,AGT-4580,3.0,No,29.0
3295e5e6-6e4b-4ae9-bae7-404427ddf668,2024-07-08,Pending,False,1963.83,NEFT,WGPNGB0I,AGT-5384,38.0,No,7.0
11423250-aa8d-45d0-b6f4-3c3ffaacbb92,2025-05-08,Late,False,1726.72,Cash,ZPCCGB7A,AGT-0462,0.0,No,50.0
c849a04c-a0d5-4a13-acd5-e82ee0aef307,2023-11-10,Late,False,855.09,NEFT,GGGOGBO4,AGT-2234,71.0,Yes,37.0
dc4cf357-f483-4e1c-ac6f-5ffa2e09e36a,2024-08-09,Pending,False,470.77,,IKOLGBQB,AGT-1879,60.0,Yes,4.0
,2024-11-10,Pending,False,223.6,Cash,DLVOGBTS,AGT-0901,7.0,No,47.0
ed85d3ed-dc6d-4fc2-a016-0b24f5acbe15,2025-07-12,Paid,False,959.2,UPI,RYBWGBH4,AGT-3636,10.0,Yes,43.0
,2024-06-05,Paid,,1956.07,UPI,YVDQGBUW,AGT-2934,34.0,No,34.0
4b937fba-8737-4b15-a7ad-696e8fc9a2d1,2024-05-08,Pending,,1459.53,Cash,IKHHGBD5,AGT-2848,57.0,Yes,4.0
cb45c2d7-5cc9-4ac8-8540-9e4d11e3c85e,2023-08-05,Late,False,971.71,UPI,ADDSGBLU,AGT-6513,26.0,No,29.0
2ced56a7-ccf6-42a5-b5b7-ffdfd15dbb2e,2025-06-15,,False,1846.51,NEFT,SQKAGB4F,AGT-2827,17.0,No,8.0
ee4bd8be-eb17-456a-814b-c503f0757040,,Paid,False,1661.16,NEFT,WDJYGBY4,AGT-1086,29.0,Yes,35.0
995b778b-7d91-4786-8c3d-afddfc278936,2023-12-08,Missed,True,1659.62,,YPHHGBGY,AGT-3628,57.0,Yes,10.0
73c4920d-cc36-47b5-99c2-082f0893a5da,2023-09-20,Late,False,135.85,UPI,TNYUGBTL,AGT-6636,2.0,Yes,30.0
ff39c802-0312-4c78-b71a-0ebb460e0fa1,2023-11-30,Late,False,417.53,UPI,NRZHGBEY,,14.0,No,40.0
5a0c3817-fc8a-49e3-9cec-82c36fc2a7fc,2024-07-05,Late,False,118.69,UPI,UMVSGBDA,AGT-3724,8.0,No,34.0
eca51b6b-cfed-4a6f-a090-230f5b3a9835,2024-11-09,Late,False,1462.84,Credit Card,HPXKGBCU,AGT-3236,85.0,Yes,17.0
aa81bb3f-e938-4804-812b-c243ffd38bde,2024-10-12,Paid,False,1054.57,NEFT,CVZTGBHE,AGT-6266,34.0,Yes,17.0
4c118477-f427-42f9-a64a-2b863ebb0e55,2025-05-29,Late,False,1312.6,UPI,XLHOGBDR,AGT-7222,49.0,No,51.0
,,Late,False,1120.48,NEFT,COQNGB5D,AGT-1081,3.0,No,50.0
7b1c64ab-42c2-420e-bd5f-9ca782941f22,2024-04-27,Late,False,1968.71,NEFT,IKQXGB6R,AGT-5438,33.0,,41.0
9808b20b-27a2-41de-8305-576987e99367,2023-09-06,Pending,False,966.82,Credit Card,WWLZGB1E,AGT-8435,65.0,No,26.0
9a8505c8-ed78-49e3-b44a-6e176bac2887,2025-07-10,Paid,False,991.66,UPI,NXCNGBQI,AGT-9698,40.0,Yes,53.0
8fe9d95c-6e4c-4273-9a64-a493072c8e73,2024-03-29,Missed,True,293.98,NEFT,BRHKGBQF,AGT-5496,8.0,No,50.0
3cc2456c-5570-459a-8965-83dc96d377df,2024-12-20,Missed,True,334.38,Credit Card,VLBPGB4R,AGT-8491,34.0,Yes,28.0
1be90aa2-65d6-41b5-aa19-74928ca2fc4a,2024-05-20,,False,498.66,UPI,IBWOGB57,AGT-3909,88.0,No,3.0
0608adb7-5cb2-4960-a5a3-3834f3a86af7,2023-10-02,Late,False,1147.66,Credit Card,ZKJVGBUH,AGT-9612,31.0,Yes,8.0
9fe9bd67-e0b1-4b94-a94d-fb1425b6fcd4,2024-07-13,Paid,False,121.12,Cash,LBGJGBZR,AGT-7782,25.0,Yes,7.0
e8cb908c-f6cd-4530-a3d0-55aa2eda9fe3,2023-10-09,Paid,False,188.42,Credit Card,GXFXGB9V,AGT-0234,38.0,No,10.0
f8782426-8d84-4d23-a734-d77886411c71,2024-03-12,Late,False,260.29,UPI,EUGQGBNT,AGT-2119,69.0,No,37.0
d5c4cb76-84dd-438c-bc19-3a524500fb0b,2023-11-30,Missed,True,1823.4,NEFT,NGEPGBAB,AGT-7808,47.0,No,49.0
acd6203b-f22f-4cd6-8be4-de89dd36e9df,2024-06-17,Pending,False,741.74,Credit Card,VVTHGBBT,AGT-2836,44.0,No,36.0
9c1480a5-08e3-43bf-a3c8-345c1be3cbc9,,Missed,True,957.59,UPI,PUZCGBJO,AGT-0351,76.0,Yes,28.0
4c8f2f88-9b52-4047-9734-36646ded802c,2025-05-23,Missed,True,1220.97,Cash,QUUBGBGW,AGT-2196,42.0,Yes,40.0
b3a715f4-c602-4530-8de8-1f6f5b9fc700,2024-03-04,Pending,False,1298.4,UPI,NVQZGBGJ,AGT-8849,19.0,No,26.0
1ff1bc30-aeb9-445c-ab73-b723a06ed37b,2024-04-12,Missed,True,1729.01,Credit Card,KDOMGBZ3,AGT-9406,35.0,No,40.0
d7f11d61-fb76-496a-9276-c12ff9649b32,2024-09-09,Late,False,1607.34,Credit Card,EQSRGBS9,AGT-0004,52.0,Yes,20.0
,2024-07-19,,False,318.39,UPI,VXDTGBCK,AGT-0909,15.0,Yes,8.0
7306f701-0708-4c14-b244-7f04a8754a01,2024-07-24,Late,False,1920.91,NEFT,JSFHGBGI,AGT-0649,63.0,No,16.0
87242760-0da2-4543-8428-72cec5535d8f,2024-07-31,Pending,False,181.38,Cash,,AGT-4492,43.0,Yes,15.0
441bf8ac-8bdc-47fa-8307-b8966fcf5224,2024-04-26,Missed,True,1911.27,UPI,TDFKGBET,AGT-3252,84.0,No,47.0
3f04cd54-31e6-4c96-9ec3-542021d5c281,2023-12-29,Late,False,807.72,NEFT,KUTSGBXE,AGT-6755,48.0,Yes,56.0
7fac85ba-f69f-4c0a-b658-e32bc18c0023,2024-01-03,Pending,False,1745.45,NEFT,CRKSGBI7,AGT-9192,79.0,No,38.0
c69fe039-d6e3-4ad2-9480-29a3995bc214,2023-10-28,Pending,False,1046.51,UPI,VBTLGBLR,AGT-3019,62.0,Yes,51.0
85491752-769f-4316-b303-5e887148dc21,2025-03-13,Pending,,1317.64,Cash,WEPOGBCC,AGT-5017,14.0,No,2.0
a299e577-87e5-4a50-9c85-f3ba4c0b55a5,2023-09-09,Paid,False,781.93,Credit Card,ENRAGBMY,,8.0,No,1.0
b2a7a2d0-a9b7-44c6-bded-34654ca7129b,,Missed,True,1985.89,UPI,UFFHGBOK,AGT-2859,59.0,Yes,12.0
a5fa084a-3e63-4251-a9a7-a8f5a98b2810,2023-11-02,Late,False,274.11,UPI,AQMWGBP6,AGT-1513,82.0,No,1.0
6f13b1eb-ec07-4005-bdca-4154b22b9a31,2025-03-17,Pending,False,1139.22,NEFT,YQHXGBLF,AGT-4354,67.0,No,39.0
15dbe510-17ce-42d5-b867-d97067d2b1b6,,Missed,True,298.96,Cash,,AGT-0183,89.0,Yes,54.0
623ffe81-9eb1-4cc8-b455-517a85ec4a8c,2023-10-11,Pending,,604.86,Cash,UYYAGBHB,AGT-5000,58.0,Yes,38.0
52dadab1-30a4-4b73-9f76-f2d8f3703fca,2024-05-18,,False,1010.82,UPI,FPBCGBZT,AGT-9640,13.0,No,43.0
ece95204-cddb-4c1f-9a99-ed5a7864bc47,2023-12-29,Paid,False,1188.36,Cash,,AGT-9271,11.0,Yes,23.0
8d8e7b40-8bfe-4bcb-9589-497808431309,2024-06-18,Missed,True,1460.25,Cash,,AGT-1083,35.0,Yes,46.0
c878298d-c367-42e1-8da8-b34066dd08f0,2024-02-07,Late,False,110.19,Credit Card,,AGT-7885,75.0,Yes,12.0
7ec5caf4-41b4-4cfb-a028-ebc9b0d39a83,2024-10-24,Paid,False,1708.0,UPI,DPXDGBDI,AGT-5759,9.0,No,31.0
25f41612-7344-4658-a1c5-dea858b46889,2025-04-21,Late,False,1147.85,Credit Card,WGDJGB1S,AGT-9974,11.0,No,31.0
2015a531-6140-4359-af3b-ab7de793bc08,2024-11-08,Missed,True,398.69,Cash,PGJPGB2C,AGT-9742,78.0,Yes,20.0
486fe3f8-49bc-41ed-acdb-559cef5a0967,2025-07-04,Late,False,1805.41,NEFT,NPSUGB80,AGT-3583,80.0,Yes,37.0
cb6005bb-66a8-45ef-ad80-6991cb479785,2024-01-02,Paid,False,726.65,Cash,ALMDGBGG,AGT-1977,81.0,No,15.0
628edfa7-05d1-4312-9d24-fae7834f8436,2024-05-20,Paid,False,574.93,Credit Card,QWCOGB3N,,67.0,No,34.0
586cacf1-a9d8-475e-800f-a4209f2033c3,2024-06-03,Late,False,335.83,NEFT,EWBEGBCA,AGT-6760,74.0,Yes,28.0
15cd3388-c8a6-4c43-8f51-f44e23688fa0,2025-06-09,Late,False,966.62,Cash,LGBYGB3D,AGT-3502,83.0,No,25.0
091be903-371e-48d2-bf94-043f3792d351,2024-01-25,,True,978.25,Cash,REOEGBS5,AGT-7916,77.0,Yes,9.0
91781f6a-4f2e-4616-bbb2-b23cc002bc23,2025-06-19,Paid,False,568.14,NEFT,XICLGBN7,,78.0,No,28.0
74e7cc10-f5a7-4458-b568-74e031d48323,2024-11-14,Pending,False,1369.85,Cash,YDCBGB1V,AGT-8733,39.0,No,25.0
b682e60e-f14c-4df2-bfee-a69dee7a8548,2024-02-05,Late,False,147.46,,PUJXGB1H,AGT-4205,23.0,No,50.0
de85f2b4-6ded-4999-aadc-33596f827245,2025-07-17,Missed,True,306.42,NEFT,PPRKGBZZ,AGT-2672,74.0,Yes,29.0
48a91848-d430-4f21-8978-92de0b975153,2023-08-28,Late,False,756.6,Credit Card,TRYGGBD5,AGT-3386,34.0,No,29.0
f992f801-20c0-497a-8bf7-6ecf2ce33549,2025-07-09,Missed,True,1028.04,NEFT,LTGYGB4G,AGT-2691,14.0,Yes,39.0
7977ca47-3871-4cfe-86d1-57347d9662bc,2024-03-17,Pending,False,,NEFT,ANQFGBTZ,AGT-0319,51.0,Yes,32.0
2b876232-031c-49ee-ac7f-374d12d96c00,2025-03-18,Late,False,1132.48,,WIRVGBR7,AGT-5095,29.0,No,22.0
,2024-01-23,Paid,False,,UPI,UPSSGBX3,AGT-7849,54.0,No,26.0
38919178-3fad-43e0-a842-efdb81d795e0,2024-02-13,Paid,False,428.19,Credit Card,MWQHGBTB,AGT-2735,38.0,No,1.0
8d29a436-2168-4769-aaa7-261b2d6e8fc8,2024-02-28,,False,1052.04,UPI,YDWNGBNM,AGT-5825,62.0,Yes,54.0
4d0cc0e4-f0a1-4943-a190-7647fcf27c92,,Pending,False,202.17,Credit Card,KBNVGBH6,AGT-6986,55.0,No,53.0
3fc81442-fcdc-4d30-b0ed-16bdddec8a3a,2024-07-10,Pending,False,440.99,UPI,DPMZGB7R,AGT-0629,48.0,,47.0
89e699e4-f5f9-40b4-901d-5fbab10fdc82,2025-01-03,Missed,True,1649.61,UPI,UWUYGBIQ,AGT-8112,80.0,Yes,4.0
da4a8046-a28b-40f0-bb28-63ec1def34cd,2025-05-15,Paid,False,766.43,UPI,SMZJGBAE,AGT-9252,14.0,No,24.0
936b2d12-9b6d-44f3-864d-83c59263afee,2024-09-04,Missed,True,1044.42,NEFT,NBWXGB9H,,11.0,Yes,31.0
2b1a103a-2229-4b13-b410-1f4489ea3073,2025-07-06,Late,False,967.5,Cash,GMOKGBUI,AGT-6098,19.0,No,50.0
d394722a-0b28-4ae3-8a1d-b3ca47bd06c1,2024-10-10,Late,False,993.45,UPI,ZZLEGBOX,AGT-1036,33.0,Yes,17.0
37321e90-e69c-4382-a1f9-f7b56fe65926,2024-10-31,Missed,True,292.07,Credit Card,CRLYGB3G,AGT-0999,,Yes,12.0
ae5acf69-99a2-4cd6-bfc6-f25d2fcc0f32,2024-03-20,Pending,False,1373.94,UPI,ONOCGB8J,AGT-4522,48.0,No,30.0
9b5eee08-9997-490a-840c-2b303f184320,2024-12-26,Missed,True,297.19,NEFT,XCDGGBD3,AGT-9321,76.0,Yes,30.0
32d22116-816b-4eab-a1a4-52df8772a758,2024-08-08,Paid,False,,Cash,WLBOGBA1,AGT-1779,,No,52.0
ee5da197-1a92-4e42-bde4-06127e7b1367,2024-09-19,,False,330.18,NEFT,CAXOGBRH,AGT-1042,16.0,Yes,9.0
13173c51-2031-484f-9ff1-ffed0accfc49,2024-10-01,Pending,False,284.4,Cash,LMSHGBOZ,AGT-4963,65.0,Yes,38.0
3d2940f4-041d-4309-8a5d-96e939ec74e4,2024-05-29,Late,False,1052.97,Cash,BSDZGBD5,AGT-3282,35.0,No,20.0
3aacc6a4-37d8-4474-9d7b-aa57df05b964,2023-09-07,Paid,False,589.54,Credit Card,ZXAJGBLS,AGT-3629,19.0,Yes,27.0
5d8d1d03-006e-46ca-8bc5-a641a9c218d8,2024-08-31,Late,False,975.9,Cash,,AGT-0184,58.0,No,56.0
3517a365-1366-4782-a5bd-21297bb386dc,2023-11-17,Pending,False,108.48,NEFT,QICIGBCS,AGT-0206,43.0,No,55.0
e4769dce-36ea-4d84-8afd-082dd7a1cecd,2025-01-14,Paid,False,957.62,NEFT,MQBTGBSJ,AGT-2651,3.0,Yes,12.0
3ac30f51-e5e9-46df-94dc-46296bfafc74,2025-06-07,Missed,True,349.59,UPI,LQTWGBZQ,AGT-6097,16.0,No,
00e1c9ed-26ec-422b-9e13-6a10c2201d8a,2023-12-07,Late,False,1472.74,Cash,QNDHGBZN,AGT-8972,17.0,,20.0
4f3e3911-4e2e-4814-9510-fb3c1b10073b,2024-10-12,Paid,False,1623.61,Credit Card,YHWLGB4J,AGT-1802,23.0,Yes,23.0
014c8dce-835e-45e1-b6ff-9fba678ba113,2024-10-19,Paid,False,1583.84,Cash,FHCHGBR0,AGT-9996,74.0,Yes,29.0
883f2e2e-dc0e-44ea-abff-59edf7c572b9,2025-07-03,Paid,False,641.85,Cash,RSXBGB6X,AGT-8004,85.0,,23.0
a67648ab-1468-4941-b318-e814329771d5,2023-09-18,Pending,False,1390.24,UPI,RMHHGB8J,AGT-8614,,No,13.0
e60283a4-02db-4554-8d51-d9dd7e9db3c3,2024-08-29,Missed,True,947.74,Cash,IWMVGB6H,AGT-8166,24.0,No,17.0
e3b6302b-7b29-4f13-9862-4d0df11f5d11,2024-11-03,Paid,False,322.8,Cash,,AGT-4013,51.0,Yes,29.0
30c89b0a-6815-4d0d-95a6-2ed3f45de436,2023-12-05,Missed,True,172.31,Credit Card,NXZNGBAG,AGT-1931,33.0,Yes,8.0
5a40ec6e-046b-4839-9fdb-8d9514f1bb68,2024-08-24,Missed,True,290.25,Cash,WTHFGB3N,AGT-0939,5.0,Yes,5.0
020e3a9b-39ec-447c-a936-1f9ae1d01e31,2023-10-15,Missed,True,1701.93,Credit Card,IZDZGBYL,AGT-1021,30.0,Yes,40.0
050a14ff-48f8-4fb6-b0e1-e3f8fb4e6e0e,2024-01-31,Paid,False,943.97,NEFT,YMLLGB1Z,AGT-3585,12.0,No,24.0
ca54c90d-087d-482d-9d39-2d875de03c7b,2025-05-02,Missed,True,226.25,Credit Card,RYUQGBV4,AGT-6504,70.0,Yes,9.0
a4ac29ba-88b1-44a7-8a89-68860c7bab41,2024-12-23,Paid,False,901.1,Credit Card,,AGT-2113,49.0,No,51.0
4fbe51f6-80be-4877-838c-c872d10391c7,2024-10-07,Paid,False,1239.29,NEFT,LYLRGBHX,AGT-9129,35.0,,35.0
c3784c5a-4b85-45ee-8793-cdf1fff82bdb,2024-03-04,Paid,False,416.8,NEFT,,AGT-2516,32.0,No,19.0
d8c05cad-6a42-44c7-95d8-39a4fbb69b4c,2024-05-05,Missed,True,268.04,Cash,ZSCDGBJB,AGT-6366,67.0,No,31.0
be0c653f-9e01-435e-b33d-fb834d77189e,2023-09-30,Pending,False,1439.89,Cash,LCHBGB4U,AGT-5265,38.0,No,6.0
c33e68bb-186a-4077-b153-16e2a40c1c47,2023-12-07,Missed,True,1473.79,UPI,ZKMAGB0A,AGT-4466,55.0,Yes,
254d7a12-5a71-4538-89d7-260334bf80a9,2023-10-25,Paid,False,,Credit Card,ZUZWGB7W,AGT-8706,63.0,Yes,39.0
4ee65f67-99c6-4323-9d49-bb7e86d1662a,2025-03-12,Paid,False,288.62,Credit Card,QEXEGB6V,AGT-8946,70.0,No,11.0
fd5be859-cdae-4319-bf7b-5e4d52c6097a,2025-04-24,Pending,False,1374.77,UPI,LQRIGB95,AGT-5613,0.0,Yes,51.0
89e82e04-7952-4b23-8930-5a83c07f9330,2025-05-15,Missed,True,1415.9,,PZDFGBVX,AGT-0364,34.0,No,18.0
e3abbdaf-b157-4beb-880a-7e4f8458ac12,2024-02-20,Missed,True,824.76,Cash,HZFGGBFP,AGT-7315,76.0,Yes,13.0
fd1ca95c-617a-44c0-8dad-3923fc26a467,2024-10-18,Missed,True,1890.05,Cash,SLKMGBIW,AGT-7844,73.0,Yes,25.0
99728999-7a07-4375-91c1-7d480f9659d9,2025-03-10,Paid,False,790.31,UPI,MSLZGBEW,AGT-4879,55.0,No,2.0
ec442d0a-465f-4f0e-97ee-e554c28b7e44,,Paid,False,1860.84,Cash,RZERGBPI,AGT-1542,62.0,No,14.0
1363cae9-452c-4102-ac04-dc991e501e84,2023-10-19,Pending,False,109.61,Cash,HQJNGBEE,AGT-3090,68.0,Yes,31.0
7066fdc9-2374-44f3-afe3-f1b9cf6a5fd4,2024-06-23,Paid,False,260.75,NEFT,BSCMGBWG,AGT-0121,64.0,Yes,14.0
f919d810-c7c5-4738-aca5-483bc9395fbb,2024-05-31,Pending,False,1925.87,UPI,UFHQGB8S,AGT-9960,31.0,No,18.0
c0507ac1-4a1e-47fe-a556-803d3c9b9ccc,2024-11-23,Paid,False,1467.28,NEFT,BVULGBXZ,AGT-7739,46.0,Yes,33.0
a3b6f21d-5ffe-46ef-a9cf-223fc9f1a71e,2025-07-02,Pending,False,309.89,UPI,FNJZGB98,AGT-5490,11.0,Yes,57.0
d7961b83-c7b0-4460-adbe-aca8eb73b74c,2025-07-14,Late,False,998.76,Cash,AHHUGBSX,AGT-1470,35.0,Yes,31.0
b97baad3-adf3-4653-9c8d-16b50509cef7,2023-10-20,Missed,True,784.03,Credit Card,HHCLGBHM,AGT-0282,51.0,No,12.0
8ee533a1-196e-4efd-8f6d-a635f377a898,2023-08-14,Late,False,1093.42,Credit Card,THCIGBEA,AGT-9126,2.0,No,
b42478e7-8438-4567-8af1-817f407be6a5,2025-04-21,Missed,True,296.72,Credit Card,PJZKGBRV,AGT-3273,57.0,Yes,23.0
b3e8e7ef-f286-49a5-9f8e-04b40a7a39cb,2024-10-31,Late,False,1319.94,Credit Card,IZMEGBHM,AGT-6473,44.0,Yes,50.0
cd9b1af3-ac83-4465-87d0-cfd450e8de83,2024-01-02,Pending,False,199.74,NEFT,IUFKGBP7,AGT-6576,51.0,No,30.0
b3ddf9fb-28fc-4ad3-925c-d543351cea04,2025-04-06,Pending,False,301.96,NEFT,VDRIGB4E,AGT-7912,13.0,No,46.0
1a0f0441-5c25-4017-bda0-1b8740ab70d1,2024-01-12,Pending,False,372.04,Credit Card,,,2.0,No,34.0
424a050f-df63-4161-a511-c9a8fc359ea4,2025-03-28,Missed,True,1278.82,UPI,,AGT-7253,73.0,No,59.0
e4fc7218-33fe-43b2-b217-990a01ff4e59,2024-02-15,Late,False,1596.38,UPI,WMVTGBSR,AGT-0457,37.0,No,15.0
8326e308-de1c-404c-8ee8-8ceeae1b7be0,2025-05-25,Pending,False,1519.84,NEFT,IKOBGBMA,AGT-5666,68.0,Yes,47.0
6a4b775f-4723-4ea3-927f-4bdfd3f8380c,2024-01-19,,True,1559.45,Credit Card,EAONGBD5,AGT-1981,62.0,,12.0
beab10f5-3657-4b6b-985d-a82bb0878926,2023-09-19,Missed,True,678.99,Cash,NBQKGBBS,AGT-1105,15.0,Yes,24.0
f62fb0d6-c390-4c7b-8100-d9c3bce5df1f,2024-08-03,Missed,True,167.23,NEFT,VPKNGBNP,AGT-9156,33.0,Yes,22.0
111d5866-c706-446e-9671-54623c4f93bc,2024-03-25,Pending,False,565.37,NEFT,ZWQHGBRC,AGT-9250,7.0,No,28.0
62a9bffb-9496-42ec-9e4c-60ce24278f3e,2023-10-15,Pending,,1053.6,UPI,CJXBGBZW,AGT-5595,60.0,Yes,54.0
994e0c52-91d8-4104-843b-d657c617c424,2025-04-07,Pending,False,1445.25,Cash,EUEWGBSI,AGT-0727,,Yes,58.0
fc0d88a2-7601-45ad-aeae-45bbc6365e1e,2023-10-24,,True,284.88,NEFT,TZCJGBPJ,AGT-8572,73.0,Yes,7.0
7a4c1a1b-295b-4dd0-ad1a-9145bb1e05d5,2024-12-18,Missed,True,1883.28,,WEAJGBDW,AGT-6936,13.0,,12.0
f41a65c3-1cd9-4df1-9f56-86e9b035fd7e,2023-07-26,,False,1620.33,NEFT,YAVPGBWO,AGT-1629,50.0,Yes,13.0
a7703cca-8b82-4c6b-946c-5bd0c550c890,2023-11-17,Paid,False,1049.63,Credit Card,URAEGBG7,AGT-8458,46.0,No,59.0
e54e44ae-6924-4c21-8fce-d173b87801e7,2024-06-07,Late,,1254.91,NEFT,FAMLGBUC,AGT-2908,31.0,Yes,39.0
76608e03-5690-4d87-ae78-bce7b6913cb6,2024-03-16,Late,False,102.81,UPI,AQLXGBY4,AGT-6098,12.0,No,7.0
1ea949d1-ce4a-4341-b2a2-358d87d95ed4,2024-06-17,Late,False,1346.22,Credit Card,ZWFJGBGH,AGT-7944,61.0,No,8.0
0e41aa64-a25a-4d01-bf99-22ef273822db,2024-08-02,Pending,False,1385.66,Cash,APSQGBHX,AGT-0749,85.0,No,31.0
7980e1c6-c0d1-48ad-85a1-ca434d7fc425,2023-09-16,Pending,False,1375.79,UPI,MMAHGBTE,AGT-7909,81.0,No,55.0
aec7f98b-0bf8-49ea-a56b-a964c448fd79,2024-04-03,Pending,False,1192.43,UPI,OBIMGBJE,AGT-4216,72.0,No,47.0
,2023-11-21,Missed,True,1123.63,Cash,,AGT-5483,65.0,Yes,29.0
a737b4e3-50b8-4a15-a1a2-0d0e5a8f2c89,2024-06-09,Pending,False,308.78,UPI,TUCQGB27,AGT-2517,13.0,No,56.0
d5eae833-7cd8-4d1a-80e3-f319d66898f2,2024-03-12,Missed,,1914.37,Cash,HMMHGBM2,AGT-3041,11.0,Yes,39.0
0f6802c2-2ba0-4b23-a10c-ce23ce4ff98b,2024-11-15,Late,False,558.36,NEFT,JCJPGB2J,AGT-0446,31.0,No,20.0
7d1fa636-d50b-4483-abfc-c20e9b6d700c,2025-03-19,Pending,False,1614.84,Credit Card,QBLYGBHH,AGT-0207,89.0,Yes,57.0
7c1dea11-2e3d-42d0-8647-cc6d19542516,2024-10-09,Missed,True,1089.88,UPI,KHQQGBDK,AGT-5267,38.0,Yes,33.0
e229b443-08d5-4e6e-9914-889898cb605a,2024-01-30,Missed,True,111.72,NEFT,ROPIGB1W,AGT-8981,83.0,No,49.0
de9f0bf6-d489-452d-ae71-403f27e8c488,2024-11-19,Paid,False,461.88,Cash,FQGWGBAJ,AGT-3690,27.0,Yes,16.0
1e4d3de9-ff57-4321-bc18-4230a3906e10,2024-07-21,Late,False,,Cash,KIAWGBSU,AGT-8805,50.0,No,17.0
f1ebef61-5a77-4d61-94d4-5b31971b151b,2024-10-28,Late,False,560.06,Credit Card,PMGBGBHK,AGT-2438,66.0,No,38.0
78d315d5-5fdb-4046-8f81-ecbb74ba9871,2024-11-17,Paid,False,1112.27,UPI,ZDMNGBFU,AGT-7072,38.0,No,53.0
6d95e958-ea99-4369-a18e-15f3af1c4fbf,2024-03-26,Missed,True,,Cash,,AGT-0613,57.0,No,34.0
1689fb57-98de-4484-a790-cac5773e08a8,2024-08-10,Missed,True,917.85,UPI,KMPXGBXA,AGT-5061,64.0,Yes,6.0
768cb960-fc7e-4136-afc6-3f173ed1093e,2023-12-22,Missed,True,390.7,Cash,LUPBGBVG,AGT-5238,83.0,Yes,34.0
13422927-ab71-41f8-90a1-d66145ec9a5e,2024-08-27,Pending,False,259.92,UPI,ZIQKGBNN,AGT-8160,84.0,No,37.0
776295f2-083f-4ebd-9470-49f4a276ffcc,2024-03-20,Pending,False,115.13,NEFT,PKTQGBN3,AGT-9865,51.0,Yes,30.0
98120615-fea8-4bb6-84f6-91bc425da770,,Pending,False,611.38,UPI,TBECGBLC,AGT-2751,47.0,No,32.0
1ac61aee-8fd7-4d0e-9e73-2b6e15a29578,2024-08-31,,False,,UPI,MZEAGBPU,AGT-5801,42.0,No,10.0
25bcbc22-3fa2-4f3c-90fe-8f9f87f41d37,2024-05-16,Missed,True,922.67,Credit Card,DPMFGBO1,AGT-5666,83.0,No,56.0
8ee23d9f-6b9b-421d-89bc-c733708a79ac,2024-10-24,Late,False,1774.36,NEFT,,AGT-4456,21.0,No,20.0
bacf5a02-1b76-463b-b0f4-dbe6b72ce311,2025-07-03,Missed,True,675.68,Cash,GLIBGBN7,AGT-2128,49.0,,27.0
82128167-7490-4020-888c-ee842591fa7e,2023-11-25,Paid,False,964.24,Cash,DALTGB8H,AGT-1682,4.0,No,40.0
ba98edd6-39b5-4f6f-88b2-21d442a13a3e,2025-04-18,Paid,False,179.24,UPI,VGPRGBSV,AGT-9266,60.0,Yes,8.0
52e4961a-e920-44cc-b0c2-87cb78da2d65,2023-12-24,Pending,False,1308.3,,ZNVAGBHY,AGT-6417,86.0,Yes,31.0
a7b01e26-9708-4a3e-bd2b-bcf82a82944e,2023-10-31,Late,False,1971.28,NEFT,MOOKGBQ7,AGT-6778,61.0,,6.0
752f4fb1-85ca-4bf0-b6b3-3388290cdac2,2024-09-25,Late,False,1528.86,Credit Card,JAKCGBU5,,76.0,Yes,4.0
1bddd22c-6a6c-4f21-a96b-5569b667e767,2023-08-01,Late,False,338.99,Credit Card,QCLWGB9G,AGT-6721,62.0,No,56.0
569eacaf-1d5d-4f17-83b0-0701ea68269e,2024-06-26,Paid,False,1009.9,Cash,BFPWGBPS,AGT-0834,39.0,Yes,6.0
,2023-11-09,Late,False,636.06,UPI,IXYOGBVV,,55.0,No,25.0
f410ecfd-e26b-406c-9e2c-2816716522a8,2023-07-28,Pending,False,1958.87,UPI,,AGT-1209,63.0,No,55.0
481f28f1-e65e-4129-b704-60417fe70637,,Paid,False,1050.9,Credit Card,RDYGGBX1,AGT-7620,52.0,Yes,19.0
50661ae9-8e9a-4b5e-bc74-b2781bb9712c,2025-04-16,Missed,True,280.26,NEFT,DSTPGBTK,AGT-6344,20.0,No,5.0
389b8297-6b3a-4756-be14-6c87216ac562,,Paid,False,1346.65,Cash,VYIMGBFC,AGT-3816,16.0,No,23.0
fdfde19d-2779-4f2b-bbd3-3bd9b0a48709,2024-11-16,Paid,False,975.47,UPI,FQBAGBRT,AGT-0863,28.0,No,36.0
dea4154b-0a90-49af-9e78-ab777ebb7126,2025-06-14,Pending,False,140.47,NEFT,ADGWGBC1,AGT-8727,52.0,Yes,17.0
d27ba469-1152-4e89-a2b9-e8f74c53c55d,,Pending,False,1301.34,UPI,MRHEGB0N,AGT-1116,60.0,No,20.0
4047fb27-947e-4a2e-9ed7-2c3bc72d7815,2024-12-20,Pending,False,669.62,,ASNLGBNO,AGT-6519,67.0,Yes,35.0
a3dbfba5-e338-4190-a106-13f1f33b9c7d,2024-06-18,Paid,False,1831.53,NEFT,AGWUGB4P,AGT-9829,6.0,Yes,45.0
3c4fd276-7386-4a07-91f8-385307c4d668,2024-11-29,Missed,True,1799.86,Credit Card,OJMZGBHF,AGT-2604,19.0,No,45.0
de8baf77-a8c2-44be-b7e8-0e2f955f3e26,2024-05-20,Pending,False,1047.37,Credit Card,AEQLGBKB,AGT-7525,21.0,Yes,38.0
41919d82-8db6-4fa2-8e82-8bc735a8f82c,2024-10-06,Late,False,1228.59,UPI,HZOIGB5A,AGT-1844,8.0,No,8.0
0d8517ab-5e57-47af-be7d-df288e46afb0,2023-12-29,,False,538.98,NEFT,HSZSGBF7,AGT-3926,71.0,Yes,13.0
ec6678ea-c02c-46a2-babf-9665f52686e4,2024-09-12,Late,False,1530.29,Credit Card,MCVVGBOZ,AGT-0051,3.0,Yes,44.0
62b559e3-a996-41c5-ae5c-af588b58cfa4,,Paid,False,1806.28,NEFT,KUAYGBYR,AGT-8356,76.0,No,13.0
ee168ea6-b300-4375-8657-101d91d1beb0,2023-09-21,Missed,True,509.37,NEFT,RTQWGBD6,AGT-7467,82.0,Yes,35.0
d9bca909-ca10-4ed0-abb9-b79e1390858c,2024-08-10,Paid,False,191.13,UPI,FYMPGB6L,,20.0,No,41.0
41384b03-bf95-4a5e-8683-8fa257a10e80,2024-09-17,Late,False,1740.12,,MZCTGBK3,AGT-8966,22.0,Yes,44.0
3e0df68c-25ac-4d8f-b461-30f517beccc8,2025-05-29,Missed,True,1145.53,UPI,BBBLGB1J,AGT-2645,27.0,Yes,4.0
,2024-01-05,Late,False,666.69,Credit Card,,AGT-7856,1.0,Yes,29.0
75c5b1b5-1bc8-4ed5-8fb2-ad7dc2a65ed4,2023-07-19,Late,False,165.66,UPI,SERPGB3O,AGT-5589,59.0,No,5.0
9696d29a-9d88-4d5a-8520-6d75a0991a74,2025-07-08,Late,False,197.36,,DPWNGBGY,AGT-4220,5.0,No,3.0
a5124d27-5186-434c-9293-ef9ffebb16de,2024-03-26,Paid,False,426.46,Credit Card,MXTUGB3O,AGT-9991,84.0,Yes,27.0
e1e1b234-0d49-4643-bdbe-cd65510eebf0,2024-07-07,Late,False,1876.21,UPI,CCMOGBUP,AGT-6033,70.0,Yes,45.0
5f95c095-7d8f-4ed3-9f34-85326d25c5f3,2025-01-19,Paid,False,400.79,NEFT,AVMIGBQ0,AGT-9578,31.0,Yes,48.0
cdf64e71-52c2-46ce-b2e7-a3c1d25e6600,2024-09-22,Missed,True,628.58,UPI,NNDXGBGN,AGT-1379,,,4.0
0bb38316-f5cb-4b0d-8c7f-6de2398a559e,2025-07-17,Pending,False,1597.87,,UQMMGB3J,AGT-4881,84.0,No,36.0
3e340b46-299e-480e-bd50-1cdcf84be36d,2024-10-13,Missed,True,1542.39,Credit Card,UGFBGBFF,AGT-2081,30.0,No,45.0
358806be-b168-4b2b-b576-c41326b31132,2025-02-10,Pending,False,669.08,Credit Card,OOETGB0T,AGT-7751,27.0,No,27.0
818d4c36-ef10-4061-ac51-a2e31d89617a,2023-10-06,Pending,False,122.33,Credit Card,DZUHGB1H,AGT-0406,76.0,No,42.0
d709eb38-2d52-4655-b6cc-176106b28eff,2023-09-14,Late,False,1773.95,NEFT,IVCJGBDD,AGT-8202,,Yes,7.0
2e68b504-63f8-42a2-bffe-192b2760d8bf,2024-12-13,Late,False,309.07,NEFT,IOCUGB6Q,AGT-3339,25.0,Yes,5.0
a3d542c6-f866-488f-8865-f2a2fcd353cc,2024-07-02,Pending,False,371.14,,LUHYGBLC,AGT-2984,88.0,Yes,29.0
0c90dc38-c62c-4dc1-8314-002f7ea726cb,2024-06-22,Late,False,1156.81,Cash,RWIPGBHI,AGT-5725,33.0,No,17.0
176052bd-20fe-4ddb-8ad9-e13276031220,2025-03-08,Late,False,914.99,Credit Card,UNJEGB7J,AGT-1646,41.0,No,13.0
67c6dc42-4076-466d-9a5b-9898c5d4d800,2024-02-21,Paid,False,973.18,UPI,CCPMGBSR,AGT-5263,68.0,No,8.0
f549f4d5-89bf-4413-9475-82a72b94d721,2024-12-28,Missed,True,1124.25,Cash,CINUGBIE,AGT-6502,5.0,No,28.0
ee54bedc-e6df-402c-a68e-97467d4f95f3,2023-11-24,,False,,Credit Card,QZLYGB2F,AGT-2912,37.0,No,36.0
28f4f509-69ec-4036-a094-a1e8cc0afba0,2024-12-13,Late,False,1863.6,UPI,XATTGB9A,AGT-5229,0.0,No,29.0
d7d08c09-aff4-4883-8d55-daeb102106ab,2023-08-04,Late,False,300.42,UPI,ICCPGBG5,AGT-0466,21.0,No,6.0
b4928344-7a9e-4cbb-830f-ee1255a6bfa6,2024-01-14,Pending,False,330.69,UPI,BQOMGB77,AGT-4266,73.0,No,3.0
3934578b-ffcc-49bf-a8dc-36d8d8ebe1be,2024-01-09,Missed,True,1339.36,Cash,UASWGBVV,AGT-4892,73.0,No,26.0
c3fb97ac-8715-4901-97d0-840500c350cf,2024-12-11,Missed,True,150.0,Cash,AWYHGBL2,AGT-3140,15.0,No,41.0
b631002e-a5eb-4073-b62a-e36a61476317,2024-02-28,Paid,False,,NEFT,RZPTGBSM,AGT-1549,20.0,Yes,31.0
acd40448-8c9c-4370-a8f4-73ea09a3ca6e,2023-08-13,Missed,True,1176.8,NEFT,UHTAGBAF,AGT-4356,25.0,No,23.0
e9758f01-85b4-44a2-80be-9c4cded4bb8f,2025-01-28,Late,False,703.19,UPI,CDTLGBNJ,AGT-8925,48.0,Yes,25.0
13fc2952-2b76-4bb5-9aea-adf396935fc4,2024-01-07,Paid,False,360.08,Cash,DNVTGBWC,AGT-4363,47.0,No,40.0
,2024-10-17,Missed,,1606.88,NEFT,,AGT-3766,60.0,Yes,40.0
4e11af3b-a680-419a-91ad-93ec70c78ef8,2023-11-19,Late,False,444.72,NEFT,ZDKRGB7S,,,Yes,42.0
4d6a47fd-0899-46ae-a17d-60796e7957f1,2023-08-10,Missed,True,1037.87,UPI,HOMZGBB2,AGT-8892,79.0,No,14.0
4bae9078-d1bc-4f69-8b47-db7b2f0b4072,,Late,False,229.59,Credit Card,FHYIGBFL,AGT-7938,,,51.0
1a4f5e79-fa3f-4624-8e30-c60ef9b7fd4c,2024-02-17,Late,False,1929.44,NEFT,XHWDGBRH,AGT-1960,84.0,No,48.0
1bcb5e71-8e60-4b3a-9874-a30a78a907f8,2025-02-20,,False,802.4,UPI,QZLHGBUX,AGT-2690,20.0,Yes,11.0
3de646d6-fc2e-4b41-a593-bfd7b8f122ec,2024-07-30,Pending,False,194.42,Cash,CVJUGBQD,AGT-4158,65.0,Yes,46.0
f097741c-c0a9-4e90-8286-b130b79a56f4,2023-10-19,Missed,True,1765.07,,ELDXGB1O,AGT-1624,7.0,,30.0
da7d0298-57e8-4ad5-86b5-3d981755e09a,2023-12-05,Missed,True,1962.47,Cash,SHYMGB3L,,20.0,No,
a59afa68-2bf0-4993-8ebe-4263c6c616db,2025-06-24,Missed,True,1801.12,UPI,VZTFGBIS,AGT-1845,65.0,No,25.0
5664e715-de74-446e-a94c-4806543eb140,2023-09-18,Pending,False,556.56,Credit Card,WRAOGBJ1,AGT-5241,54.0,No,12.0
cb717d7c-593f-4689-83d5-c34afa4d23d4,2025-01-01,Late,False,1938.99,Credit Card,JMAJGB9H,,43.0,No,7.0
53b73ed5-29d3-4536-b924-bdfafa2265af,2023-08-16,Missed,True,888.56,NEFT,PZCIGBNK,AGT-2743,83.0,No,46.0
9ff3d143-e0c7-4c5a-b18e-9f96ef8079fd,2025-04-27,Paid,False,967.85,Credit Card,ILFAGBJU,AGT-1631,49.0,No,22.0
aaaf597f-19d9-40d4-9a48-2886d4ba9e7d,2023-08-29,Pending,False,956.33,Cash,OZRKGBNS,AGT-0799,62.0,Yes,44.0
50cc8ac2-b04c-41ab-b7b0-6c9a0122fb74,2024-08-04,Pending,False,580.62,UPI,,AGT-7633,23.0,Yes,34.0
2f3f9407-a202-4946-8da5-d0a3df68e63e,2025-01-03,Pending,False,1183.06,,ZOMNGBB7,AGT-8686,63.0,Yes,
bb5e7a99-387d-4117-92f7-837f7f568251,2025-06-11,Late,False,1648.73,Credit Card,XCPUGBSZ,AGT-3958,11.0,Yes,50.0
cd095a42-1915-4e09-8481-d43b31092213,2024-05-04,Pending,False,464.18,Credit Card,WPBIGBJH,AGT-8594,82.0,No,32.0
2af1f750-f242-46eb-b59d-eb3c1af61b19,2024-02-06,Late,False,353.53,Cash,JHORGB4S,AGT-7840,83.0,Yes,19.0
30c0fe26-39a2-4c9b-ad4c-8132e1950fb8,2025-06-08,Late,False,1462.19,Cash,IUBAGBRV,AGT-9662,80.0,Yes,8.0
aced7ad9-3d53-4c3a-af11-dd5f3a7b9ffc,2025-03-08,Paid,False,912.61,NEFT,KIFTGBYP,AGT-4987,45.0,No,46.0
,2024-05-29,Pending,False,1434.79,Credit Card,IPSCGB73,AGT-4997,21.0,No,49.0
430c5c75-e5ee-4786-80a7-75facba9938e,,Missed,True,709.14,UPI,DWVJGB09,AGT-5142,78.0,No,58.0
377cc500-19e4-476d-a6c0-5deabc3cd47e,2023-07-20,Paid,False,674.06,UPI,FBIDGBBS,AGT-1938,54.0,Yes,6.0
e4085a60-a03f-4f8b-b556-7f6b20e2894b,2024-01-11,Late,False,977.2,NEFT,VLQKGBP1,AGT-5827,85.0,No,56.0
720f2bfb-26dc-43e1-b607-a64228ae54ea,2023-08-14,Late,False,200.7,Credit Card,NDNXGBBE,AGT-6328,42.0,No,14.0
450b2d49-70a5-47c3-8b9f-e8e43c6e79f1,2024-10-09,Missed,True,1631.04,Credit Card,BSFIGBT5,AGT-2652,33.0,Yes,54.0
847501fd-ccd1-4192-8433-e5fb5d95e2e6,2025-03-02,Missed,True,236.01,Credit Card,GGEXGBVF,AGT-0989,38.0,No,36.0
e945484c-b8ad-4667-b86b-3e1f11385138,2024-04-11,Pending,False,1126.38,UPI,KSJPGB2D,AGT-9315,17.0,Yes,32.0
,2025-02-10,Late,False,1914.44,Cash,MLTKGBDO,AGT-8621,,Yes,55.0
b0cd49d1-7219-4693-ba17-b1dc63b926be,2025-01-12,Late,False,1563.51,NEFT,ZQAHGBZK,AGT-0608,36.0,No,26.0
1567d6da-b610-42d2-bdb6-83d2506d7245,2024-11-12,Missed,,1131.97,NEFT,,AGT-8277,34.0,No,27.0
9064db14-54d8-4b6c-9e1e-1071fdb1457f,2024-02-21,Paid,False,,NEFT,ODSPGB8M,AGT-4614,46.0,No,18.0
3acc2fed-3947-4f56-a0eb-3514509df96c,2025-04-06,Paid,False,499.21,Credit Card,MNIEGBB2,AGT-2621,39.0,No,18.0
0b85f781-b6c0-4542-b613-9d970536ca25,2024-02-21,Late,False,1667.9,Credit Card,HVLDGBV9,AGT-3796,25.0,No,25.0
5c5a3681-00bc-4593-81a4-498f9e7359a8,2024-09-01,Missed,True,346.33,Cash,NZFWGBQB,AGT-2521,75.0,No,41.0
19936741-55d2-4f92-8d5d-b57caef27d37,2024-09-24,Late,False,1726.01,Credit Card,YPUFGBEF,AGT-4933,,Yes,35.0
81f2c22b-3b33-48b5-a316-bf676600005e,2024-10-02,Late,False,,NEFT,BYTXGBR7,AGT-7905,18.0,No,45.0
6ac2e03a-0584-4245-9998-447391145b0c,2024-08-06,Missed,True,570.59,Cash,QMGVGBR9,AGT-3970,34.0,No,40.0
bedd3074-2c09-49a5-9e53-3dc9e2d26ee2,2024-07-12,Late,False,1393.31,Credit Card,JQPQGBNO,AGT-5094,23.0,Yes,22.0
3b0d2b4b-fc02-4e76-99ae-5acb74f2db94,2024-11-13,Paid,False,799.38,Credit Card,FASDGBBA,AGT-1018,74.0,No,16.0
5d0bd41f-9891-4e00-9e81-d51dedd3899c,2025-01-25,Late,False,1743.17,NEFT,FIGLGB9C,AGT-6224,84.0,No,50.0
f2fd2332-3346-48a7-b252-ade94495c0a9,2024-12-14,Missed,True,845.18,Cash,AZQRGBWF,AGT-2036,70.0,No,18.0
,2025-07-02,Late,False,1640.99,Cash,EQUUGBWC,AGT-3654,86.0,Yes,33.0
eaf10ca5-a8b3-4c00-bb80-a98511db9662,2025-03-03,Paid,False,459.75,UPI,MYXPGBG8,AGT-3642,81.0,Yes,13.0
3acb3f67-29f3-49e9-8116-6d9af19ac118,2024-01-18,Pending,False,1334.7,Credit Card,PUJIGBMQ,AGT-3209,70.0,No,3.0
8b964b36-520f-4b2a-b0b2-41d09f945672,2023-10-17,Pending,False,975.08,Credit Card,HKITGBMU,AGT-9926,,No,
43edc700-aa7b-4569-a29f-93b0ae3a1fec,2024-04-01,Paid,False,296.92,Cash,URIGGBFQ,AGT-7087,,No,12.0
5b62fb73-0c3a-4de7-8c3f-eea3d2a5adca,2024-10-29,Missed,True,344.03,UPI,LVTUGBNG,AGT-7731,34.0,No,34.0
ec30e4ba-de36-42b3-b8d1-497c8e79a377,2025-07-08,Late,False,1246.39,NEFT,FEPVGBDM,AGT-7664,51.0,No,
a61098e5-0730-4953-9f3b-afac2436b5b2,2024-06-02,Pending,False,1107.98,Credit Card,ZKEXGBVR,AGT-6778,60.0,No,45.0
ac700d40-64e2-44bc-8ef8-54d5739f2e4e,2025-07-07,Pending,False,1991.77,Credit Card,,AGT-0990,42.0,Yes,5.0
0e7dd805-c165-4b01-a26b-9225e706d30f,2023-08-21,Paid,False,1483.39,UPI,TGZUGB8U,AGT-2394,40.0,Yes,13.0
69b62607-d95d-4c1f-b460-94f6d781b58c,2024-07-15,Pending,False,1753.34,NEFT,NINIGB32,AGT-1268,56.0,Yes,41.0
3aa8efb8-f4fb-4f27-84da-28456b1a6ed6,2024-11-30,Missed,True,1544.18,Credit Card,VYVKGBJW,AGT-1871,25.0,Yes,27.0
59975dd7-ffe8-49e7-bc56-807a0742ed2d,,Pending,False,1542.11,Cash,FQRFGBNS,AGT-0533,80.0,Yes,48.0
9c0cb2a4-46e3-4aad-b002-212f0f5194ea,2025-06-02,Missed,True,1517.38,Cash,KCXUGBEM,AGT-2789,18.0,No,39.0
fdbf87b6-acff-4e32-9aad-c765086ffc45,2025-01-06,Late,False,1148.56,Credit Card,PZVAGB12,AGT-2874,57.0,Yes,59.0
f0d536b0-665d-4f37-bd2c-e41dfaef1e47,2024-03-07,Late,False,1303.29,NEFT,RGQWGBDI,AGT-3007,,Yes,24.0
e3f4e702-bcc7-4a3c-ab4e-df4e4a29ecf7,2025-06-17,Late,False,818.07,UPI,IMSOGB02,AGT-1225,58.0,Yes,54.0
36df3055-b385-4662-ada5-1c011ee9f28d,2025-03-23,Paid,False,930.46,UPI,VKKFGBZC,AGT-9463,,Yes,40.0
9bc2569d-e3f2-4ad4-b43e-55bf17bac49f,2025-03-29,,False,1297.63,Cash,FPRDGBAH,AGT-5694,15.0,Yes,37.0
f7468740-7830-40f4-a550-4671c9b762b4,2023-08-30,Pending,False,706.79,Credit Card,QRRSGBVO,AGT-0224,66.0,No,39.0
90042480-5a92-4c8c-9a4a-2056f9ce35d1,2025-01-16,Late,,462.2,Cash,KGVUGB3P,AGT-1702,71.0,No,
09ef6d0d-c865-46c5-940f-957488974887,2024-03-27,,False,349.42,Cash,DUVMGBKU,AGT-0482,59.0,Yes,33.0
a1ae887c-bc82-4e06-83c5-514744cd6ca9,2023-11-08,Paid,False,718.67,Cash,MGFRGBF6,AGT-4501,12.0,Yes,55.0
12d1aec8-1df1-415b-b490-9e8340934302,2024-03-05,Missed,True,1997.39,UPI,QTCJGBN4,AGT-6342,18.0,Yes,44.0
b2474d32-c536-4c2d-8255-e0fdcfee68a0,2024-07-19,Pending,False,747.25,NEFT,ULGLGB2C,AGT-3284,39.0,No,13.0
cab35554-60ba-4db0-bb8c-b20acf44266d,2024-05-08,Missed,True,1969.4,UPI,DAITGBHJ,AGT-4920,68.0,,46.0
77aca3cc-30c1-450e-be0b-4efba7f1c36c,2023-07-23,Pending,False,1064.24,Credit Card,GHWJGB1I,AGT-1686,12.0,No,42.0
a089b222-2c8c-498b-8419-c3d08de0bb5a,2024-12-29,Paid,False,1718.05,UPI,,AGT-2934,86.0,No,14.0
,2023-08-20,Pending,False,1559.97,Cash,WWXPGBGQ,AGT-8914,36.0,No,45.0
,2024-05-30,Missed,True,275.08,UPI,LBSXGBT2,AGT-2979,61.0,Yes,23.0
12a7897a-e875-4b85-b7ec-b777b215bc0e,2025-06-16,Missed,True,984.74,NEFT,TUFMGBC7,AGT-0013,0.0,,16.0
,2023-11-30,Paid,False,525.15,Credit Card,HFNHGB0N,AGT-1372,,No,36.0
,2024-11-23,Missed,True,1508.23,Credit Card,WRNLGBPK,AGT-4056,14.0,No,
86ca4235-2311-4d74-a097-b093173b26bb,2024-12-20,Paid,False,1960.14,NEFT,,AGT-5139,76.0,Yes,53.0
3e999993-9a11-46ce-a1ba-9cd014267c44,2024-02-10,Paid,False,785.87,Cash,TXXLGBY8,AGT-8891,67.0,No,18.0
da5fb5a6-b016-482e-9208-863906d45e64,2024-04-29,Paid,False,,NEFT,DLEKGBIR,AGT-1929,54.0,No,35.0
b5ce5a9a-01f4-4997-8e52-1f37680ba494,2025-04-15,Paid,False,704.88,Credit Card,CXUMGB65,AGT-7936,64.0,No,18.0
096b3932-51e8-4882-9c17-1f8aa47afbe4,,Paid,False,1116.31,Credit Card,ERRBGBX0,AGT-5441,37.0,Yes,7.0
,2024-09-05,Missed,True,,,XEAXGBJB,AGT-6467,18.0,Yes,49.0
6b7942ca-0b02-47e7-abc5-8317f5b1bf30,2024-11-25,Paid,False,1899.11,UPI,ARHYGBF9,AGT-3386,77.0,Yes,50.0
a3d47fa4-3c9d-468b-9736-651b33bf14a7,2024-02-13,,False,1608.53,Credit Card,UUZXGBA3,AGT-2808,67.0,Yes,44.0
8559a5fe-5cf5-43b9-967d-9edc23839746,2024-11-07,Late,False,363.24,Cash,EWJDGB48,AGT-8705,27.0,Yes,46.0
5f096bcc-bb01-4f37-8343-1a81b4a2322b,2024-03-22,Pending,False,1206.68,Cash,HOGFGB3J,AGT-0472,28.0,No,44.0
f3545739-115e-4e9c-b400-dfbfed4efe2f,2025-06-10,Paid,False,278.6,NEFT,HASPGBPU,AGT-2961,6.0,No,23.0
edec6081-2928-4a38-810d-61996a08ced6,2025-06-13,Paid,False,1948.65,UPI,SXIIGBOV,AGT-9210,67.0,,59.0
01aa5d2f-21c1-4305-84db-7911e90168cd,2023-08-20,,True,533.46,NEFT,OHFXGBAU,AGT-1617,77.0,No,26.0
485ce981-3f25-4a84-ae8e-4cb1a7b44f28,2024-12-15,Pending,False,1081.63,Credit Card,DHCHGBVV,AGT-2412,61.0,,32.0
ce55939c-a07f-4887-a3ee-a090383ce1dd,,Paid,False,108.84,Cash,ZSRMGBML,AGT-6158,70.0,No,32.0
bc1ea649-2589-46af-b78a-2d81aabd19b4,2023-08-25,Pending,False,1926.41,,KEIAGBA9,AGT-5392,,Yes,52.0
49528b86-bbdb-40fc-9e59-ba3897756513,2025-01-22,,False,224.2,Cash,DENEGB95,AGT-5212,18.0,No,35.0
fd2c5a86-21e0-40c2-85a1-1600f3e72fa4,2024-02-27,Pending,False,120.19,NEFT,PRZNGBWH,AGT-3336,32.0,No,9.0
47d9c7b0-83ee-4de4-95bb-15c963c5ff9a,2025-04-17,Pending,False,1839.65,Credit Card,CUKSGBRB,AGT-2470,35.0,Yes,6.0
8966cf72-463c-4031-a4e8-b12eb2613499,2024-02-05,Missed,True,570.91,NEFT,VLOLGBH5,AGT-4819,36.0,No,35.0
5d55a4ad-871c-4c46-92df-2075de5cfc1a,2025-03-08,Pending,False,1994.6,UPI,JVTAGBN5,AGT-5563,85.0,No,38.0
e5fca0a6-1358-4bff-8145-4add939a8faf,2023-11-15,Paid,False,914.91,Credit Card,OLGMGBS2,AGT-1765,86.0,No,23.0
730c9076-d751-40fe-b280-6916e50a65ae,2024-01-10,Paid,False,1072.55,UPI,GAKPGB5B,AGT-9239,33.0,Yes,15.0
4222b963-c0e3-433b-82f4-c2103d38024c,2023-12-13,Paid,False,1523.42,NEFT,OYXOGBVK,AGT-5769,36.0,No,6.0
e1e99ee9-fc39-4820-90d4-5931c877a112,2023-09-21,Pending,False,1093.52,Cash,DYKJGB10,AGT-1196,11.0,Yes,12.0
45bf6c03-df1a-4541-b7e1-b4b974236171,2023-12-27,Paid,,612.69,Cash,RSQCGB3Y,AGT-9031,36.0,No,14.0
4d8d06e3-26db-468a-ac86-884563b4887e,2025-01-19,Late,False,239.89,Credit Card,OGRBGBAN,AGT-8156,81.0,Yes,59.0
7da8e1fa-9f94-4347-ab01-f879534964d6,2023-12-28,Pending,False,,NEFT,MFQJGBFV,AGT-3768,67.0,No,12.0
1d272639-250c-4876-ba7a-54dba8b25648,,Late,False,,Credit Card,LSLPGBE8,AGT-9650,50.0,No,22.0
f5a2717a-af0f-4f4b-a331-4ddabcc00d31,2024-07-15,Missed,True,1346.54,NEFT,ZZEDGBPF,AGT-4384,77.0,No,22.0
7cb39fc7-1d44-4275-8f48-8d86a3ccae98,2023-10-03,Pending,False,814.09,Credit Card,WIENGBWQ,,56.0,Yes,49.0
69d15bf9-9b7a-43cc-8901-34d18a63f4ca,2024-11-03,Pending,False,1503.41,Cash,OFQRGBBZ,AGT-1805,5.0,No,1.0
2dce06c6-bc74-4959-b5cf-b7577c83f0c1,2023-07-27,Paid,False,,NEFT,MPDGGBO9,AGT-6436,31.0,Yes,11.0
f04771dd-519a-406d-ab8a-470bf1bbd6e3,2024-08-23,Missed,,1577.55,Credit Card,GLIUGBGW,AGT-4591,57.0,No,47.0
68b71285-fe4d-4dd3-a56a-b2e549bd635e,2024-08-13,Missed,True,1314.26,UPI,XPZCGBG9,AGT-1863,56.0,No,51.0
7329d2b9-2df0-4b8d-973b-4a7ea48eea7b,2025-04-08,Missed,True,1282.94,UPI,NLMKGB2J,AGT-6600,66.0,No,38.0
6ff53f49-f4bc-44a6-93d2-ecf6e759f876,2024-05-18,Paid,False,,Cash,XLIDGB1J,AGT-9164,36.0,Yes,29.0
fab6052e-09ce-4f60-8002-50103455af63,2024-10-01,Pending,False,548.75,UPI,NRLBGB4M,AGT-4786,40.0,,48.0
964c0854-d34d-4a1d-89e9-99f6bf78ccd3,2023-12-03,Paid,False,387.18,Cash,EBWDGBF3,AGT-2619,76.0,Yes,30.0
930be732-ffd0-4859-900a-69ced37e87da,2025-04-28,Pending,False,1205.54,NEFT,IJACGBIP,AGT-5013,68.0,No,32.0
a1b1c9f1-a223-4ddd-89a4-53e5a872d288,2025-05-28,Late,False,688.65,UPI,MLSCGBO2,AGT-8560,71.0,Yes,53.0
6acf1115-05dc-4258-bb6b-c02d5f8b1259,2023-10-12,Late,False,481.28,UPI,JAMBGBI2,AGT-1693,32.0,Yes,
,2025-03-08,Paid,False,1155.83,UPI,AEJPGBA6,AGT-8458,55.0,No,
5b69c7b6-bd74-473a-a2ff-068e31ecd6d3,2024-12-28,Paid,False,963.18,UPI,HSLJGB54,,78.0,No,13.0
bbaea42f-a782-4d8b-a57d-0c7148ff1166,2025-03-05,Pending,False,1156.02,NEFT,YJLPGB91,AGT-7270,32.0,No,
b591702c-3132-4b7b-a9f8-8e8fc95d7943,2025-04-04,Missed,True,1857.73,Cash,EONNGBLV,AGT-0452,51.0,Yes,40.0
7829ba18-5b8b-41f6-8025-e5230ab0e3e3,2025-01-21,Paid,False,1751.3,Credit Card,PKXEGB9O,AGT-8650,39.0,No,53.0
069c3216-4f3c-4d1c-ac8f-9787230469fd,2025-04-06,Late,False,176.76,UPI,CAVWGBTD,,31.0,No,53.0
ab943db9-98fe-4eeb-85f3-7f482b847fa1,2024-08-08,Pending,False,296.24,UPI,SJNRGBWY,AGT-1654,88.0,,25.0
b06e426b-60c1-423e-8d10-0463b82d8f6a,2024-05-14,Missed,True,1288.84,UPI,DZFZGB4M,AGT-5294,50.0,Yes,52.0
,2023-07-22,Pending,False,327.74,Credit Card,CKGBGBXK,AGT-2759,,No,12.0
6c1f2e76-d673-4b2d-a1ec-18a3b26b7cc7,2025-05-12,Pending,False,286.59,NEFT,HZXJGBAS,AGT-7149,51.0,No,57.0
f0fa3373-65c1-4bd5-a090-e434b1937b08,2024-07-23,Missed,True,1809.71,Credit Card,JEFVGB7V,AGT-3158,67.0,Yes,1.0
936fdd68-3c56-4b51-bb34-e4628afd781f,2023-09-25,Late,False,927.67,NEFT,SQEMGBAS,AGT-0767,10.0,No,54.0
a61a54c8-8c3e-491e-9396-fb2b2daccd95,2025-07-17,Pending,,934.9,Cash,XSBIGBSP,AGT-7434,26.0,Yes,8.0
1a39c1a5-e252-4bdb-b475-a237cf58fb87,2024-07-12,Missed,True,1675.91,Cash,VFDUGBJ2,AGT-7306,59.0,No,40.0
2be1d377-1ae9-4001-9076-049734dda279,2024-12-02,Missed,True,1442.12,Credit Card,JSLGGB0A,AGT-9817,53.0,,21.0
66cac0d3-f915-44bb-a172-b399346fecfe,2023-08-13,Paid,False,1100.13,Credit Card,QVBKGB1B,AGT-4121,,Yes,51.0
a09d7186-25a7-41be-819b-a9d0904ab2d3,2025-06-27,Missed,True,616.33,Cash,JABUGBPL,AGT-6306,86.0,No,16.0
dcf33688-5ead-4489-9abf-f92fefd9498d,2025-01-31,Paid,False,884.84,NEFT,,AGT-0360,,Yes,33.0
fdf18728-8889-4d59-b152-f4ff9c424734,2024-11-20,Late,False,180.84,NEFT,JLBOGBNX,AGT-3093,13.0,,36.0
1cacc158-f3c7-4300-bb1b-e899da239436,2024-09-07,Pending,False,343.04,UPI,NYNBGBR1,AGT-4647,34.0,No,15.0
d9564248-309b-4383-8aa4-38e7422b0b4d,2024-04-05,Missed,True,769.09,Cash,PKGBGBCZ,AGT-1401,76.0,Yes,
e30d3c0b-5ad6-46bf-bf12-3c58f673c10d,,Paid,False,1248.09,Credit Card,MTTCGBH7,AGT-5782,18.0,No,18.0
455501cd-a115-41e9-9f1b-021346780bf3,2023-11-09,Missed,True,1770.58,,FDVNGBAQ,AGT-5039,33.0,No,57.0
7bfd5840-859f-4c41-9096-5857225dc0a9,2024-11-17,Paid,False,712.97,Credit Card,XPQQGBFH,AGT-3138,16.0,Yes,23.0
9a9206de-5895-4a30-9f8e-39048b439e00,2023-07-28,Late,False,701.65,Cash,YLUYGBBJ,AGT-6049,7.0,No,30.0
a0ba0ec5-3d85-442b-9d58-672fb6afcd98,2024-10-27,Late,False,,NEFT,LSCPGBLP,AGT-9396,77.0,No,
4498e39a-01dd-404c-abce-61476c9a3fd8,,Late,False,292.11,UPI,PPYSGBX3,AGT-2304,22.0,Yes,
f441a1a5-2952-4561-9ba8-c2a7688bacc0,2025-04-25,Late,False,1098.54,NEFT,BWKGGBYJ,AGT-3598,38.0,Yes,35.0
fee2fe1c-ccc5-4d5e-bd70-dc0f3c6d3501,2024-02-05,Missed,True,262.14,NEFT,PIZPGBMR,,52.0,No,28.0
ba998d2e-729e-495f-8015-76370f461dac,2024-05-25,Pending,False,306.06,NEFT,QNBOGB01,AGT-8708,83.0,No,36.0
7ee90b0f-600b-4943-aefd-8fc79a91dd80,2024-10-08,Missed,True,321.37,Credit Card,XPWXGBT4,AGT-6678,57.0,Yes,30.0
fe901fd2-d0f7-4158-9e9e-f9281acc6cdb,2025-01-18,Paid,False,1237.63,NEFT,CIAXGB73,AGT-5494,16.0,No,24.0
0f437062-6ce9-44ba-9bf2-c1344011e8d2,2024-10-25,Pending,False,1799.67,UPI,SDTYGBDH,AGT-3365,78.0,Yes,9.0
,2024-04-07,Paid,False,798.23,UPI,OKKOGB7O,AGT-9593,44.0,Yes,59.0
4a8fb353-bf5d-4cf2-9192-8a2215ce77e3,2025-04-25,Missed,True,1915.61,NEFT,GHDEGBRR,AGT-8342,9.0,Yes,1.0
cd0684cc-0702-4650-b661-8fe6c70d54af,2025-07-14,,False,256.87,UPI,UREGGBKI,AGT-1436,70.0,Yes,47.0
404e7675-9c34-4c0a-a162-c52b38e67d51,2024-07-02,Pending,False,1085.76,Credit Card,RNXTGBTW,AGT-3303,26.0,No,39.0
cffbd8db-a3e4-49f6-aed9-5fd2ae9a2baf,2025-06-15,Late,False,809.85,Cash,UXETGBI0,AGT-5265,89.0,Yes,
,2025-07-02,Pending,False,1410.74,Credit Card,CFOOGBGS,AGT-2184,23.0,No,31.0
44f404fc-6827-4671-a8c4-4d90c6032eef,2023-10-22,Pending,,422.45,NEFT,VASKGBYY,AGT-3045,4.0,No,9.0
1f69620a-e2cb-4067-96b5-7eb96be702fc,,Missed,True,602.72,NEFT,QAXLGBH5,AGT-6320,37.0,Yes,6.0
c5e88b13-4665-4b42-999f-ef505819b004,2025-06-13,Pending,False,1165.09,Credit Card,UWBKGBMO,AGT-9006,60.0,No,50.0
2274d14b-06df-4b7d-b897-96a368dede83,2024-07-03,Missed,True,1944.28,Credit Card,PMOLGBEZ,AGT-9958,61.0,Yes,
f2af9449-b0e7-41d2-b461-a0d8ce629dfb,2025-07-09,,,1658.86,NEFT,OJBLGBDW,AGT-4830,23.0,Yes,13.0
019fdbf7-70ef-4fed-be06-51880d124d60,2023-08-09,Pending,False,1145.65,Credit Card,EZQFGBMR,AGT-4506,27.0,No,
703bead3-4043-4921-adcf-3c29a97032e7,2025-06-15,Paid,False,815.48,NEFT,ASRKGBG2,AGT-1032,24.0,,4.0
3ac592af-51c7-4889-b19c-bf2063bc68d8,2023-08-08,Pending,False,1454.9,Credit Card,PDSRGBFF,AGT-4481,7.0,No,27.0
d4e41ceb-bda4-4ded-b8c5-7b2b349defc5,2025-07-16,Missed,True,783.24,NEFT,VOZWGBK8,AGT-3838,15.0,Yes,
70c9a9bb-3eba-4b1e-9d50-0785ef707fc6,2025-06-11,Pending,False,339.13,Cash,TUQSGB5J,AGT-6544,32.0,No,7.0
d51e585b-084e-4071-a78b-a065ca8afcfe,2025-06-25,Late,False,1627.68,NEFT,GUQZGBBD,AGT-8428,82.0,No,50.0
,2024-05-23,Missed,True,623.78,Cash,EEBLGBAD,AGT-6017,87.0,No,27.0
546d3fd6-fc4e-4bb0-98e4-2dae46c16ee1,2023-12-27,Paid,False,1894.54,Credit Card,LHDRGB0X,AGT-7322,17.0,No,27.0
f958dc67-f80a-4e97-8492-49e14920d915,2024-12-02,Paid,False,572.01,Cash,USLEGBR6,AGT-7679,10.0,No,20.0
142bbea0-acd2-4e7a-9e02-92792a7f7479,2024-04-20,Paid,False,1947.52,UPI,WMDIGB9O,AGT-6574,40.0,,2.0
7c207c69-05a5-4c82-91fb-a5ce0d1caa84,2025-07-05,Pending,False,1396.49,NEFT,KHMGGBQD,,61.0,Yes,
6943f08b-755a-49b7-b96a-c58f89238c0f,2024-11-22,Late,False,1676.18,Cash,NQRYGB7T,AGT-6391,13.0,Yes,15.0
eb32b1a5-5ad1-468b-8bd2-51f9838c0f5f,2024-08-13,Late,False,546.03,,YIPVGB71,AGT-3071,9.0,Yes,54.0
60d87454-9c17-48d7-b09c-ae52ef897c34,2025-07-03,Paid,False,1030.52,Cash,VQBKGBXW,AGT-3130,4.0,No,13.0
3211a3d1-57ff-43f9-b090-fc3e4879a6aa,2025-06-23,Pending,False,853.18,NEFT,WWAQGBOY,AGT-3647,72.0,Yes,19.0
a0a0326d-fd5b-42e1-95e2-677ba246564f,2024-12-09,Late,False,1612.16,NEFT,XKAOGBPR,AGT-0415,63.0,No,39.0
3b9fa797-414c-410e-a82c-99159deb5991,2025-02-28,,False,1271.75,NEFT,NUNVGBLW,AGT-1658,1.0,Yes,44.0
811f7916-30ba-4acd-a220-b011bbeff761,2025-03-05,Missed,True,962.53,Cash,TSTTGB9G,AGT-5291,74.0,Yes,4.0
d4488514-6770-4d63-8ebe-096fcf08f85c,2025-07-05,Missed,,1704.77,NEFT,,AGT-6989,53.0,Yes,15.0
063aa452-708e-4da7-a4b9-11ab2a3f1e28,2023-09-28,Late,False,822.24,UPI,LHWDGB2K,AGT-2787,85.0,No,43.0
cc3dc56f-907e-4d17-9ea8-005f8a9ac4ac,2024-05-05,Paid,False,240.69,Credit Card,MLGUGB2T,AGT-2886,46.0,,39.0
2ccb8bc8-ce1d-460e-98d1-777a2727efc5,2024-10-21,Paid,False,412.37,NEFT,JUTDGBF7,AGT-3886,66.0,Yes,37.0
0771d6d4-447d-40f5-8dff-67a1bb4086f3,2024-02-27,Paid,,441.11,NEFT,UFPZGBI0,AGT-8232,76.0,No,50.0
e62acd18-3bae-465a-82ec-d8e0b573a9d3,2024-02-27,Pending,False,764.84,UPI,IBDIGB07,AGT-6469,61.0,No,54.0
d37d4754-1ddb-4938-b887-cb2845cb3071,2024-09-17,Missed,True,1037.92,Cash,EEPHGBTE,AGT-7521,,Yes,23.0
1a36d175-66ad-4652-a3e8-679471a82fdf,2024-10-01,Pending,False,1551.17,Cash,BCRUGBT1,AGT-0870,25.0,No,20.0
1ec6d80a-f1f1-40fc-8bd7-b1e5cd106c1b,2024-11-19,Late,False,1462.97,Cash,CIVBGBA2,AGT-1625,84.0,No,22.0
5e32f550-acac-44a0-9d4f-cdb855d51a5f,2024-02-07,Paid,False,1153.29,UPI,CMBVGB5Z,AGT-2674,81.0,No,29.0
597edb71-9802-4de6-a30f-128ce91be598,2025-03-08,Missed,True,543.11,Credit Card,RPJAGBIY,AGT-4515,56.0,No,59.0
28b62c02-8c4e-4778-806e-cc746c149417,2025-06-09,,True,233.99,Credit Card,NZGNGBLI,AGT-1947,4.0,No,48.0
60918a26-6cd7-4a84-95bc-c612773907d5,2023-11-21,Late,False,640.08,Credit Card,WFOSGB9U,AGT-3067,46.0,Yes,17.0
2f6da2df-8096-4452-940f-7f9aed75f459,2023-11-24,Pending,False,1924.45,Cash,WVWXGBBZ,AGT-4753,60.0,Yes,6.0
e849fd53-92ab-4f0f-be79-22c1b4277079,2024-04-25,Late,False,1749.48,NEFT,XJTZGB9X,AGT-8469,76.0,No,46.0
1a1e2642-c6d1-44bb-99c3-994c5cd52392,2025-05-07,Late,False,1556.93,UPI,XSOMGBKR,AGT-8370,49.0,Yes,46.0
8435c442-71bf-4412-bc6c-f37473f74927,2023-08-05,Paid,False,966.48,UPI,QCWAGBYM,AGT-7976,26.0,Yes,26.0
b44a44bf-e42b-4674-9503-5c1e4c3dffa2,2025-05-09,Missed,True,513.63,UPI,UVIZGBYU,AGT-5447,68.0,Yes,33.0
2393b912-c68a-4ef7-9b33-9f95114a1fae,2023-10-28,Missed,True,1467.28,,,AGT-0690,11.0,Yes,56.0
f542d756-4ca2-485b-98e4-a7654ec7aa9a,2024-07-25,Pending,False,1525.84,Credit Card,GKYDGB5A,AGT-5919,1.0,Yes,23.0
bca4d15c-19b3-47a5-9109-34b91c290b91,2024-11-04,Pending,False,1098.5,Credit Card,KINVGBWF,AGT-3589,12.0,Yes,52.0
be077eb1-f2fb-4241-9bbf-32defd8df9a0,2024-06-13,,True,1136.01,UPI,PJHWGBYC,AGT-2097,71.0,No,20.0
bd8af5f9-6215-4aff-89d7-cf3ab9a7f198,2024-04-02,Paid,False,1642.71,UPI,DSDPGBYK,AGT-6654,16.0,Yes,23.0
1c0d4144-6d22-42fe-adcc-d2b6d60535d6,2025-07-03,Missed,True,1849.74,NEFT,QCKIGB7T,AGT-3905,16.0,Yes,24.0
8941f6d9-84b7-4fff-99ad-747c940bda61,2025-07-03,Missed,True,1317.48,Cash,YBPKGBJQ,,,Yes,49.0
215c1d58-1167-4641-a235-f0ffd1680090,2024-05-14,Late,False,794.86,Cash,CJQLGB7P,AGT-1240,12.0,Yes,7.0
60d1da01-4952-49a0-ae19-df8f19df1e4f,2024-10-19,Paid,False,1666.41,NEFT,IKGFGBVG,AGT-3271,18.0,Yes,32.0
4634a1de-b006-437d-8f3a-7d41ae7e927b,2023-09-23,Missed,True,1915.88,Cash,NOJOGBU8,AGT-1273,,Yes,
16891e11-8387-4526-9820-00b9b031dd06,2024-05-02,Missed,True,1971.65,NEFT,NCMSGBVO,AGT-8749,40.0,Yes,35.0
7a9eb3df-6b37-44a4-8f0f-7607ba2a256e,2023-07-25,Late,False,1435.82,Cash,,AGT-0494,23.0,No,
7e721187-2a62-4cc1-85ed-020e4af99505,2024-10-29,Pending,False,1538.09,Credit Card,ZTZYGB0D,AGT-7215,80.0,No,22.0
9b151923-2898-4827-9f8a-7fe543dc233e,2025-05-09,Missed,True,427.77,UPI,DIWEGBZ4,AGT-5786,35.0,Yes,50.0
d931d13c-2a5c-4cab-aed1-fb12ab7edf34,2023-09-19,Missed,True,717.95,Cash,BQBDGBV6,,26.0,No,23.0
c0d36175-c7fb-4d8b-ac52-5b22a99cadb0,2025-04-05,Paid,False,1169.88,UPI,QTFTGBL2,AGT-7364,,Yes,42.0
9729c3a4-84a0-4538-bd27-2127eef6c76e,2024-09-09,Paid,False,1795.51,UPI,,AGT-9115,73.0,No,59.0
765363c6-e329-4022-bac6-14ec6c661c64,2025-02-23,Pending,False,491.28,NEFT,XTOWGB4H,AGT-4678,35.0,No,53.0
d0d68b1f-5dc6-475d-9d35-11ab817d70c0,2024-08-31,Missed,True,1583.05,Cash,CSAIGB8B,AGT-2761,24.0,Yes,44.0
11501afb-6dfa-44dd-9a5d-1ee2065ca95b,2024-12-07,Late,False,466.55,UPI,ZLVOGBQ9,AGT-8664,,No,3.0
74735176-398a-4ef9-a80f-c9e5e2e54816,2023-10-04,Pending,False,501.59,Cash,ZOSFGBJW,AGT-9290,19.0,Yes,54.0
b5d1e7da-f248-4108-9185-9b23460726ca,2025-01-16,,True,925.34,NEFT,TJZXGBDR,AGT-1940,31.0,No,50.0
b20bb577-463e-4d50-8203-3256172019bb,2023-11-12,Pending,False,1911.13,UPI,KHBPGBJ6,AGT-0684,43.0,Yes,4.0
9b5691de-ad7e-4126-858e-6d35a12a0da4,2023-11-25,Paid,False,1034.64,Credit Card,PGGAGBLR,AGT-3735,43.0,No,4.0
f9d86060-b688-47c6-8581-51d3cea41feb,2023-09-29,Paid,False,,NEFT,ZSJIGBJ4,AGT-4402,24.0,Yes,28.0
23a788b4-6d2b-41fb-aa6f-e6039c640467,2024-06-30,Pending,False,874.67,Cash,TAAMGBCT,AGT-4491,44.0,Yes,48.0
5139d553-f05f-44d7-befd-04814618d6f3,2025-01-09,,False,1709.59,NEFT,CFJWGBOU,AGT-2453,2.0,No,12.0
e2cb7f1f-452f-4f50-8fce-47507b7d3c83,2024-03-07,Paid,False,1450.58,UPI,UMIZGB9A,AGT-4116,62.0,,30.0
82ccab3c-e05b-4f5d-aaef-24525c611e3f,2023-09-27,Pending,False,152.06,Cash,OAUWGBX9,AGT-5918,89.0,Yes,42.0
488dc61a-5f88-41a5-b2c2-7ac56a4e0d9d,2023-11-22,Paid,False,1009.77,NEFT,GJIBGBKL,AGT-8908,56.0,No,6.0
9b0e5ff3-ea98-4aad-90b5-ac5393dd765e,2025-02-27,Pending,False,109.52,Credit Card,WLWIGBLZ,AGT-9930,87.0,No,30.0
d42f8c1a-780c-4700-bf88-b2c1ffbbc38d,2024-01-04,Missed,True,1997.51,Cash,TTRRGBNM,AGT-2494,38.0,No,43.0
271d3a76-46c9-462c-a6dd-fcc486f823a7,2023-08-01,Late,False,1354.34,Credit Card,,AGT-1719,8.0,No,36.0
f2e4a08e-f788-4579-9e0d-f873d637606c,2024-01-19,,,700.72,UPI,HUCEGB3W,AGT-7906,15.0,Yes,33.0
da3bd802-7c3a-4d4a-8676-745bb89a44f7,2024-06-30,Missed,True,1644.59,Cash,AEHMGBCK,AGT-2725,11.0,No,34.0
7bfef27c-b5c7-42f1-b0a4-aea2e1ef17db,2025-07-03,Missed,True,1294.62,NEFT,GPJUGBDW,AGT-9574,83.0,Yes,14.0
4cca5c24-c272-4693-8ecf-d7ef6163c5b8,2024-09-06,Missed,True,605.65,NEFT,QVEVGBMT,AGT-2302,,No,6.0
852b8ad3-4bc8-4242-930a-bb649cf173e5,2024-06-03,Paid,False,248.21,Credit Card,PBHEGBMR,AGT-5379,40.0,No,14.0
aa6814c9-5b6b-49df-9ebd-559cb3ed68dc,,Paid,False,290.1,NEFT,FWVSGBVU,AGT-9231,22.0,Yes,36.0
9732d28f-10e4-47a3-b645-dd2321ec2e9b,2024-03-18,Pending,False,1044.46,,,AGT-3094,36.0,No,42.0
1a9cc8e8-aacf-48ed-aca7-a09117d59747,2024-07-04,Late,False,163.84,NEFT,QVFVGB7C,AGT-3006,58.0,No,42.0
63302024-220b-44e5-984e-1bcdef51e38e,2023-11-14,Pending,False,1404.24,UPI,ECAWGBKW,AGT-1913,14.0,Yes,50.0
dac49f33-8eff-437f-b813-628c5a2bdec2,,Paid,False,546.02,UPI,IIIQGBTS,AGT-9123,5.0,Yes,9.0
fb5b17d8-ab12-48db-b473-28bbd353ac4a,2025-02-23,Missed,True,337.91,Credit Card,SULCGB8A,AGT-5700,89.0,Yes,33.0
6fe3a36b-2145-4bb7-848d-7507293d062b,2023-10-22,Paid,False,1585.35,Cash,BSLWGBFZ,AGT-2078,18.0,Yes,
,2023-08-16,Missed,True,1324.27,NEFT,CWKOGBCM,AGT-5106,,Yes,39.0
605a2b55-910d-4481-8711-03630354a82b,,Late,False,174.83,Credit Card,SDXPGB8P,AGT-6773,62.0,,18.0
41404370-7cf8-44b4-aaf8-bb6d2b2abffd,2023-07-24,Pending,False,1476.93,Cash,EEKNGBGW,AGT-1443,9.0,No,37.0
2db4f406-6abb-4e9d-94bf-91e231243372,2025-01-03,Paid,False,1366.54,NEFT,SZAXGBRH,AGT-8215,10.0,No,14.0
c827c40f-173c-4b58-9ca3-d2eb13bb04e7,2025-02-09,Paid,False,957.17,Cash,UWIIGBUG,,70.0,Yes,33.0
a73c3b34-e202-48ac-953b-719818749596,2025-05-11,,False,,NEFT,QWFOGBXM,AGT-1112,8.0,Yes,43.0
698aadd0-d983-4196-9728-57cd5ed341a0,2023-12-02,Missed,True,1833.87,Cash,FMQLGBRP,AGT-7161,,Yes,46.0
a8c591ae-c888-4c5f-82f8-44a35488b566,2025-05-14,Paid,False,605.81,Cash,,AGT-4991,7.0,Yes,25.0
1ee9eacb-b0d3-4b35-9952-7b11f012ce4f,2025-03-21,Pending,False,164.36,UPI,EFFAGBWK,,4.0,Yes,14.0
9f8f50f3-76b8-4122-8037-baa16cacdf13,2024-10-14,Late,False,1226.02,,AKPHGBQR,AGT-9483,40.0,Yes,1.0
38a00bbc-eaaa-42b4-937a-4489a516f38b,2024-07-21,Late,False,610.29,NEFT,AZFFGBUM,AGT-4101,58.0,Yes,53.0
a4f8f8f8-c6f1-4598-9116-4195e45e7828,2023-09-17,,False,1370.23,Cash,URCBGB1Z,AGT-1748,45.0,No,27.0
0549905e-7486-4c19-9d22-36f7cbc71088,2024-10-02,Missed,True,1299.72,NEFT,WYHIGBDA,AGT-2684,77.0,Yes,12.0
dcdf8589-9dda-46dc-a4a1-943579886d54,2025-06-24,Paid,False,,UPI,MXFTGBNW,AGT-0699,3.0,Yes,28.0
eed3d7b0-535c-4df8-a160-f0b56257aaff,2025-03-29,Late,False,1017.6,Credit Card,EMMCGBEO,AGT-6662,,Yes,52.0
66996186-7d35-489b-8773-88e4fd0d5e4b,2024-11-28,,False,1135.99,UPI,ADDIGBE7,AGT-2078,4.0,No,23.0
7b0a7c88-cd67-470e-bbb5-b331c6d613f6,2025-06-24,Missed,True,1599.4,NEFT,DDVQGB62,AGT-8206,79.0,No,51.0
51850b28-c29a-4a64-8030-09979b7feea2,2024-10-24,Missed,True,1608.9,,OLCYGB0E,AGT-4612,67.0,Yes,54.0
c48f7599-2881-4f40-aa9f-f08393c27823,2025-02-03,Paid,False,1666.29,UPI,QXQMGBUY,AGT-0018,84.0,No,
4756053a-4d27-434b-a38b-cc43166901c5,2023-11-20,Pending,False,350.78,NEFT,FRDRGBUN,AGT-6952,28.0,Yes,28.0
6831d2d3-e212-4a05-b339-33f873909514,2023-08-03,Pending,False,510.9,Cash,KGRMGBXF,AGT-9211,3.0,No,13.0
80ee8332-edc4-4316-a24d-6146aa1a89ea,2024-07-09,Pending,False,1008.43,Credit Card,ESMFGBOH,AGT-4223,22.0,Yes,14.0
ea93fe0c-09a8-455e-8155-07a519453ad6,2024-05-11,Missed,True,1625.21,NEFT,BZHRGBG8,AGT-1111,49.0,Yes,45.0
49efaf77-2536-4927-8675-d71c9f6e03d8,2023-08-11,Paid,False,259.79,Credit Card,BJXGGB4A,AGT-4715,80.0,No,12.0
50fb9696-f50b-4141-8fa4-26707a8e5119,2025-06-11,Late,False,874.73,NEFT,QGOCGBU7,AGT-9080,17.0,Yes,18.0
fa6e9e24-8ac5-436a-aca1-4cade6523bc0,2023-10-30,Missed,True,1269.79,UPI,WMGKGB1F,AGT-1857,62.0,Yes,3.0
66f7e244-cc82-4e1b-b589-2d60bd9be69e,,Paid,False,760.66,Credit Card,,AGT-8082,40.0,No,41.0
f456a952-ff0b-4f1e-8472-2c30fafa854e,2024-07-11,Missed,True,1853.98,NEFT,CMPMGBZ4,AGT-8278,41.0,No,21.0
842576aa-10e8-4a5b-bd5c-cf1488fc5ff1,2024-11-01,Pending,False,1247.11,NEFT,VYRNGBR3,AGT-2592,16.0,No,34.0
5d3ff4a0-b5b2-4a46-a97d-a287a740ad46,2025-02-17,Late,False,1505.34,NEFT,KZEFGBSZ,AGT-9118,45.0,Yes,3.0
8b397487-fe31-482c-8245-be662f63ae62,2024-08-08,Pending,False,461.8,Cash,TKXAGBAS,AGT-7956,32.0,No,47.0
3490337b-0c13-4d26-a21c-d6cd4f6e77af,,Late,False,228.66,UPI,YJURGB62,AGT-3524,52.0,Yes,57.0
8ea3b419-0a4e-468b-8b78-9b0918418ebe,2023-10-27,Pending,,1442.95,Credit Card,FOXFGBYH,AGT-2571,6.0,Yes,25.0
c6dcec14-f8b5-478a-9c6d-6f81bc1ca9b5,2023-09-11,Paid,False,1973.8,Cash,LRMJGBYL,AGT-2627,61.0,No,43.0
afe8e5b2-8be0-42b8-80a7-320bc7009405,2025-02-20,Missed,True,982.67,NEFT,MVIXGB15,AGT-3902,89.0,Yes,7.0
3ddf4b86-c492-40bd-bd93-5c902efc231f,2025-06-02,Missed,True,372.79,NEFT,UENHGB12,AGT-7514,2.0,Yes,58.0
a0e25a82-fd25-41b7-a220-b298802cbedb,2024-08-07,Pending,False,1985.29,Credit Card,TODDGB7R,AGT-3467,2.0,No,44.0
fc4ac229-cd45-4548-9606-50906efbbc4b,,Missed,,663.44,Credit Card,TSDFGB0C,AGT-2292,39.0,No,30.0
625a611b-43c8-42bb-b4be-0429c15de517,2025-04-25,Missed,True,485.13,NEFT,HGJLGBDA,AGT-6439,17.0,No,36.0
a0064f3b-cdc8-470e-ad88-c78fee612c94,2025-03-28,,False,755.62,Credit Card,GWZRGB95,AGT-8222,55.0,Yes,27.0
2c232f60-771e-47e2-bb48-1c02414d2445,2023-07-19,Pending,False,117.56,Cash,ZBQRGB3Q,AGT-5975,17.0,No,36.0
,,Pending,False,1787.4,Cash,SMDZGBNG,AGT-5748,85.0,No,31.0
bf3606e5-72ea-48b2-a40c-ae8035d13741,2024-09-30,Paid,False,775.02,Credit Card,SNTRGB9Y,AGT-3875,82.0,No,36.0
03618377-280d-4a47-99c6-de6dae6172dc,2024-01-04,Pending,False,1987.13,Credit Card,MOZCGBR2,AGT-7075,40.0,Yes,43.0
a9ab2373-3011-49b3-a4db-cda9f7d34aa1,2024-07-04,Pending,False,309.13,Cash,PRRQGBSY,AGT-1817,8.0,Yes,59.0
ab1a9e06-feb1-497c-b951-445dd3628400,2023-08-03,Pending,False,994.38,Cash,SXUCGBHZ,AGT-4331,42.0,No,52.0
e9606a7b-50c8-40dc-b7dd-37db3004388a,2024-03-28,Pending,False,174.59,NEFT,VNNMGBIY,AGT-9259,24.0,No,40.0
,2024-01-02,Missed,True,1147.61,NEFT,GVVCGBKA,AGT-7473,5.0,Yes,9.0
dbdd4912-47b4-488e-bf1d-5a6c1baa95a1,2025-06-05,Late,False,1833.53,,DMMYGB72,AGT-0213,22.0,Yes,8.0
c4c0e707-4549-4ccb-86d3-97c53f94013e,2024-03-04,Paid,False,1861.74,Credit Card,SAWBGBK9,AGT-7398,79.0,No,53.0
2e9cf1c3-9501-4efd-89d8-e5f535b49f4b,2024-02-27,Paid,False,831.71,Cash,NFYNGBQW,AGT-0111,,No,53.0
412dfa60-7363-44d9-8c69-f6e2e1d12f6d,2024-06-12,Pending,False,619.42,Credit Card,MAEJGBG2,AGT-6813,11.0,,10.0
b3150d0f-28c4-499f-b7f1-9f135b8bce1c,2023-12-10,Missed,True,1059.31,Cash,,AGT-0635,14.0,No,15.0
2e2741b9-ceae-414e-8aef-69a6097b085a,2024-11-21,Missed,True,414.58,NEFT,GBELGBDU,AGT-5263,18.0,Yes,8.0
fac3bf49-cf7f-4461-88bc-98b7793ed06f,2024-06-18,Missed,True,670.11,Cash,TOYHGBFH,AGT-0499,33.0,No,18.0
de731956-065f-46b1-ae2a-cca30d641301,2024-02-14,Late,False,1703.9,Credit Card,XPXLGBUI,AGT-3043,54.0,Yes,41.0
18ff03a0-5635-460f-8eaa-35983229b7f0,2025-03-16,Pending,False,1651.74,,QIVYGBDE,AGT-4672,12.0,No,14.0
09a3cdf5-0de2-4fc2-aab2-5afd8be6c7b9,2024-01-14,Missed,True,817.06,NEFT,IXAHGBXT,AGT-6687,17.0,No,16.0
b00d1188-8588-4639-bc16-b307bf2139b6,2024-05-04,Paid,,676.32,Cash,,,77.0,No,5.0
b01df706-db4f-483e-bc8e-1d6e245321e9,2024-10-18,Pending,False,771.05,Cash,,AGT-2330,31.0,No,20.0
6f963518-4e08-4781-8855-22aa08c915a6,2024-10-25,Paid,False,922.17,NEFT,PGPVGBBC,AGT-3286,58.0,Yes,31.0
623cc35e-b1bd-4ae3-a326-7b36c391802b,2023-12-21,Pending,False,250.93,Cash,SHEVGBBX,AGT-7106,33.0,No,25.0
6450fdc0-ae1b-4a0f-a40f-5e52f28cb7a3,2023-12-19,Paid,False,391.41,UPI,NKHEGBAO,AGT-9880,55.0,No,42.0
d89b042f-2dec-4a40-8a8b-bed6750ea4b2,2024-05-15,Missed,True,125.52,Cash,ZSMJGBZT,AGT-8408,10.0,,20.0
20c2752d-ad2a-47bb-8e25-f5564c01e988,2025-06-06,Pending,False,1805.11,NEFT,VLTQGBK9,AGT-2705,21.0,No,
,2024-07-23,Paid,False,485.86,Credit Card,AOOMGB2K,AGT-9860,,No,54.0
b17094fa-8986-446b-9278-2f6cb2be8578,2024-11-12,Late,False,1131.59,Credit Card,ORTAGB4K,AGT-3109,39.0,No,13.0
9f148d97-67eb-47f2-a493-912623e6ea5b,2024-01-25,Late,False,1527.15,NEFT,LUYFGBI6,AGT-3451,64.0,No,28.0
5c0df204-2cd4-4373-b777-2220cdb6773a,2024-10-16,Paid,False,952.05,Cash,CWXLGBS1,AGT-9175,12.0,Yes,36.0
3b3865a6-8b05-40fd-be7b-649cb8faf230,2024-02-25,Paid,False,1550.55,NEFT,OCZDGB86,AGT-7056,13.0,Yes,53.0
bafc968b-15ca-468e-9c81-ca61c359faf8,2025-01-22,Paid,False,1091.1,UPI,GOXPGBL6,AGT-5453,,No,45.0
88cda758-5689-493f-9b45-19b4afaf33aa,2024-01-10,Late,False,1329.13,,QFUGGB1T,,15.0,No,26.0
125b8802-813d-40aa-a746-ce5dc748a466,2025-05-24,Paid,False,439.3,Credit Card,WKQGGBCG,AGT-6072,67.0,No,10.0
f50ba719-a376-46f3-9a88-abb6152f749e,2024-04-09,Missed,True,1204.54,Cash,SEULGBSK,AGT-3180,46.0,No,20.0
b5e0cd22-ff69-4259-9c06-dcf407ca9c14,2023-11-01,Paid,False,1535.96,Credit Card,TWMRGB1T,AGT-5747,8.0,Yes,45.0
a23c920a-a663-4e10-bf49-66a65d2d938d,2023-10-06,Missed,True,1805.17,Cash,ACODGB5P,AGT-8392,75.0,No,36.0
447d8a49-893e-485e-8404-ae4be8afa7a2,2023-12-04,Missed,True,1496.7,NEFT,DAVXGBDC,AGT-6191,21.0,Yes,13.0
7c308f5d-87c6-4929-8fce-759f9dc7451d,2024-12-02,Pending,False,1626.29,NEFT,JGOUGBOP,AGT-2531,68.0,Yes,37.0
3ba5b89a-30d4-46c5-8b0b-5ccee4fc0e1f,2025-06-12,,False,1444.2,,WXSEGBE9,AGT-6515,28.0,Yes,53.0
f57584b8-1bd1-4135-9936-41320de8152a,2025-05-20,Missed,True,811.54,NEFT,FPTJGB4M,AGT-1762,64.0,Yes,43.0
1aa5c38a-59c2-47b7-9b97-4800cb42a83d,2023-10-27,Late,False,865.32,Cash,QXTTGB2J,AGT-1070,82.0,Yes,52.0
8756f320-a7b1-4251-82a5-254bfc977ea1,2024-08-07,Missed,True,435.42,Credit Card,IBKDGBIG,AGT-8743,88.0,No,22.0
0ee39b2d-f383-4182-bb89-415de1ddff33,2025-03-08,Pending,False,1031.82,Credit Card,ASXDGB0W,AGT-7561,60.0,Yes,56.0
f69dd101-db5a-43b4-b078-4f901b5ff2d5,2024-03-18,Late,False,847.07,Cash,SIJAGBSK,AGT-4644,58.0,Yes,54.0
bc494b16-da3e-49ed-8c32-344139e15443,2025-06-22,Missed,True,359.22,Credit Card,EDQQGB70,AGT-1802,73.0,Yes,13.0
,2024-10-04,Paid,False,1560.35,Credit Card,LRATGB5M,AGT-9660,60.0,Yes,47.0
eea9fb69-4fea-4f65-9df6-70ebc624ef36,2024-11-02,Late,False,1081.02,Credit Card,DYBEGBYM,AGT-7891,54.0,No,34.0
22315eb4-659b-4763-bdca-30a9b5523586,2024-12-16,Pending,False,1264.04,Cash,WAQTGBAO,AGT-9234,89.0,Yes,19.0
8d0e1ef5-5e2a-4073-805f-24deb0d7cf16,2023-12-23,,False,1125.64,NEFT,AAPMGBY8,AGT-2416,89.0,No,13.0
83990da7-6647-46bd-a2d0-169dfef8f835,2024-01-25,Pending,False,715.81,Cash,PYRWGB4K,AGT-8372,46.0,No,40.0
7fa5af1e-866a-4577-b126-bf4db8540d65,2023-08-05,Late,False,1800.81,Cash,YUBRGBSV,AGT-0760,15.0,No,41.0
62cc9391-2513-4678-ba68-6511839cb45a,2024-08-04,Paid,,838.29,UPI,ZYPSGBOQ,AGT-1557,9.0,Yes,25.0
024ee2f4-076b-49b9-b51b-776c262903a2,2025-02-04,Late,False,966.43,Cash,NQZAGBH7,AGT-3522,71.0,No,33.0
d80a01ed-d178-4491-9f53-f5e57f5580f0,2024-03-05,Late,False,262.7,Cash,DSWXGBLI,AGT-1291,41.0,No,4.0
95b3f793-0464-47d6-83fb-f34359108857,2024-08-14,Late,False,1662.32,,TDPWGBIK,AGT-0079,81.0,Yes,1.0
5657198d-6ed5-4d5c-bcae-970ebeeca092,2024-10-07,Missed,True,,NEFT,BHALGBD4,AGT-2364,82.0,Yes,12.0
2b4be766-40b9-4da0-a77e-3f2f4c521662,2025-04-20,Pending,False,1152.82,,USHAGBYX,AGT-7558,80.0,No,39.0
4c082b7a-ebed-4109-afa6-b4bf4d99b1b1,2025-03-02,Paid,False,649.68,,TAQOGBIC,AGT-0115,67.0,No,56.0
6fb05485-1df6-4ece-91b2-5e3c8295d1cf,2024-11-24,Late,False,1313.48,NEFT,KKEUGBWA,AGT-8589,21.0,No,40.0
089662df-69ca-4bec-9dec-588cdf0b9cf5,2024-11-01,,False,655.76,UPI,KZJBGBOK,AGT-2749,22.0,No,44.0
d71caaca-6aed-42a7-bf50-8061141b046f,2024-09-18,,False,1690.23,Credit Card,IGSKGBAE,AGT-8918,65.0,Yes,2.0
19e81e95-b430-4292-b41f-0a9371998cce,2024-04-22,Missed,True,638.11,Credit Card,KMSWGBD2,AGT-1263,51.0,Yes,10.0
4b688ec1-d213-4327-beba-3fdb4dc84c2e,2023-10-28,Pending,False,303.1,NEFT,EZZZGB2G,,78.0,Yes,35.0
f21dccd2-525a-4ddf-b1e6-22c0d0a07351,2024-02-06,Missed,True,556.05,Cash,ZBRFGBVV,AGT-6942,81.0,No,51.0
83c38223-6243-4387-9b8a-d3d85a511033,2025-03-21,Late,False,796.61,Cash,PRLVGBPF,AGT-0512,2.0,No,9.0
b434ac53-a315-452c-b105-f99c15f62ef7,2024-01-09,Pending,False,173.54,NEFT,ZTDKGBZN,AGT-5296,82.0,No,23.0
,2024-10-23,Paid,False,343.47,Cash,DBNWGBKG,AGT-6282,49.0,Yes,34.0
3cbedcd6-d459-41a1-a2d8-3765f874c2b4,2023-12-30,Late,False,585.44,Cash,NBCJGBOX,,48.0,Yes,4.0
78e8a71d-cf45-4c15-8fea-2187f497eb09,2024-05-28,Late,,1025.39,UPI,SYXBGBF6,AGT-9493,26.0,No,55.0
b5c2f9f0-869a-486a-b7e3-b42d81ff563f,2024-07-20,Late,False,1596.17,Credit Card,IJFWGBFC,AGT-5259,68.0,Yes,32.0
16e22f38-9e88-4de1-946b-d0f4b12aebd4,2025-05-26,Missed,True,152.39,UPI,QNHBGB5Q,AGT-6396,65.0,No,36.0
ed6a48d2-2d6b-4769-8982-b3a2a403fba7,2025-01-05,Paid,,1490.35,NEFT,QUVJGB99,AGT-4935,39.0,No,7.0
3e9b9681-0e0a-478c-bb2b-07b2d8986376,2024-09-13,Late,False,1015.19,Cash,FCPHGBPE,AGT-5909,52.0,No,15.0
31afa071-3c67-407f-9a79-267e3153ee2e,2023-12-29,Late,False,996.87,Cash,GZLZGBCT,AGT-1720,,Yes,55.0
47904cc3-84c5-46b2-903a-727cfcef6d16,2024-03-11,Pending,False,967.62,NEFT,AVQEGBIY,,77.0,No,29.0
bacabe78-cdb4-4598-aca5-3221fdc29514,2025-03-28,Missed,True,862.81,,RVZRGBMW,AGT-3386,58.0,No,23.0
22d990ac-5b15-4604-ac2d-b8987b0da653,,Missed,True,1393.5,NEFT,BMXMGBGO,AGT-0774,8.0,,20.0
306c5a59-9e8e-45a9-8bc2-6788e38cf506,2025-01-12,Missed,True,1209.09,NEFT,YKPRGBRG,,65.0,No,13.0
e060eb85-70ac-40df-a2c4-1eb1081357c7,2023-09-21,Pending,False,137.14,Cash,ZXNCGBZH,AGT-6038,58.0,No,41.0
,2024-09-29,Pending,False,1828.81,Credit Card,APYLGBF9,AGT-6706,20.0,Yes,42.0
9eeb06a2-47fb-4222-8821-1dd645f0eb96,2025-02-22,Pending,False,1369.59,,SLDWGBKU,AGT-3569,84.0,Yes,49.0
c1538225-5b14-4a88-9420-148bcdcce1f6,2025-03-09,Pending,False,483.38,Cash,VBWYGBQZ,AGT-8030,29.0,Yes,49.0
df8f5725-36c9-4b8a-8f31-2312acfa0313,2024-09-10,Late,False,1279.63,Cash,BXNZGBY1,AGT-0026,54.0,Yes,41.0
ba04db6c-e15a-4dca-bf95-c8543012e115,2024-07-27,Pending,False,1525.68,NEFT,KZPPGBED,AGT-9186,,No,9.0
49e9009b-8e35-4312-a661-20eb459d53b0,2023-12-20,Paid,False,855.88,UPI,GLRUGBEE,AGT-6165,22.0,No,27.0
ee56abdf-e15f-41c7-a0de-8953b0c7da07,2025-06-16,Paid,False,1874.69,Cash,YHYJGB3E,AGT-6533,63.0,No,32.0
6caf37dc-df2d-4f85-9e16-30b842e34e2c,2024-05-19,Pending,False,1086.66,Credit Card,,AGT-7765,40.0,No,56.0
bbd47819-b664-4b10-9f22-184e7e26bb62,2024-03-19,Missed,True,1892.54,Credit Card,YGOIGBTH,AGT-6214,19.0,Yes,13.0
f060c71e-5342-4975-acf1-b80ba989ec58,2024-10-01,Pending,False,131.09,NEFT,OJZIGBTP,AGT-6189,65.0,No,19.0
,2024-05-25,Pending,,206.2,NEFT,OICUGBS0,AGT-1491,79.0,No,33.0
7020963f-69c7-420f-b40c-2bdf9e86ca68,2024-01-17,Missed,True,203.33,NEFT,MTEAGBGE,AGT-5064,13.0,Yes,46.0
,2024-11-21,Pending,False,1170.69,NEFT,NRSCGBLN,AGT-7695,73.0,Yes,17.0
0fc63dd8-52d6-478b-b8ec-fb46450bd018,2024-02-11,Pending,False,1385.75,Cash,IYHPGBUL,AGT-9875,38.0,Yes,17.0
fd305533-c195-4dc1-944f-f8f9bb0fb394,2025-05-27,Pending,False,811.45,UPI,CMVDGBI4,AGT-8424,15.0,No,54.0
cacdea4d-4a4d-4930-bbd0-9aa0debab0f5,2024-06-26,Missed,True,1083.01,NEFT,ATIDGBWC,AGT-2049,70.0,No,58.0
e15d7e70-020a-4041-a8c4-25ae281ac62f,2025-01-17,Late,False,765.32,NEFT,URBEGB71,,9.0,No,18.0
44309d90-0a20-4978-8753-9fb0cd8b2351,2024-10-26,Pending,False,1953.58,NEFT,YPHNGBJO,AGT-3041,,No,28.0
beccaddb-438c-410e-871e-d4d9968b1aeb,2024-02-28,Paid,False,1520.18,UPI,KFGBGB4X,AGT-1152,23.0,No,12.0
a1833dc2-e70e-4baa-b191-fbe0ec4eb7e6,2024-08-13,Paid,False,421.38,NEFT,ZBUKGBB5,AGT-7763,14.0,Yes,25.0
9e6e8e71-565d-442d-9b17-5acd505348d5,2025-07-15,Late,False,190.89,Cash,HLTNGBEF,AGT-5755,6.0,No,41.0
056c9362-6e96-4a3e-bf11-e501f69fd1d1,2024-07-12,Paid,False,1631.71,NEFT,JXAUGBXU,AGT-0516,55.0,No,29.0
4514ad56-a232-4ba9-9607-b53d2f158e52,2024-03-24,,True,1842.0,UPI,JBUUGBI3,AGT-4641,5.0,Yes,55.0
bc2f88ad-0f14-438e-bb4f-963509932db6,2024-12-10,Pending,False,871.94,Cash,KAAHGBDV,AGT-1194,45.0,Yes,4.0
175e899d-c813-4bae-9727-70b7b0467cdc,2024-12-19,Missed,,1306.42,UPI,PAIEGBMX,AGT-0139,84.0,No,55.0
bb255f42-e91b-480c-83c8-28c8ff41f75b,2025-03-05,Late,False,1645.39,Cash,AAEKGBNE,AGT-4480,1.0,No,9.0
f0841b1d-bac9-4aab-a8f0-3dd49510ddd9,2023-12-10,Late,False,,,JUBOGBBG,AGT-1075,1.0,No,19.0
bd90ffcc-468c-4dfd-9fbe-429df61188a6,2024-09-16,Missed,True,879.13,NEFT,CZWSGBUD,AGT-2061,62.0,Yes,20.0
b3a83be6-ce8c-4776-94fa-0101e9764029,2023-11-30,Paid,False,851.07,NEFT,MQANGBS2,AGT-9411,39.0,Yes,39.0
53ebf900-a8d3-4c2f-ac1a-f123f4d43b24,2025-02-21,Pending,False,324.68,UPI,AADCGBIW,AGT-3526,53.0,No,32.0
a8b27300-7eea-4a5c-9fc4-3c3ffe5fe6aa,2023-07-25,Missed,True,1402.28,UPI,FJNUGB7K,AGT-9243,51.0,Yes,20.0
34901048-a470-4be8-8592-30cc9f34103f,2025-07-04,Paid,False,764.01,UPI,UTWPGB42,AGT-7638,64.0,Yes,2.0
4a3d93e3-0e1a-4cc6-9162-a954257dadc6,2024-09-15,Missed,True,1627.74,Credit Card,IYLPGBOT,AGT-0671,80.0,Yes,15.0
e00b88ba-918e-4065-b0d0-709620eb78bb,2025-03-10,Missed,True,1926.11,NEFT,NMGQGBUB,AGT-4947,50.0,Yes,59.0
4bd5eafb-97ce-419a-984b-dbb2961274fb,2024-03-11,Late,False,832.03,Cash,ENGQGBIT,AGT-4709,0.0,No,
e38521cb-0f6a-4353-96b3-7505fe564dc9,2023-10-29,Pending,False,945.11,Cash,UBCQGB5B,AGT-2847,19.0,Yes,42.0
cd2fba01-8335-47ff-bc5f-4d97c5af43f1,2025-03-14,Pending,False,1423.53,Cash,HXMTGBD7,AGT-9280,13.0,Yes,3.0
28f681b0-b6ca-4c01-a647-34374460a80c,2025-03-08,Late,False,848.54,Credit Card,XUSJGBO6,AGT-8933,6.0,Yes,29.0
b148c54c-e287-41be-ba6e-32cd37a14ac2,2025-02-22,Missed,True,741.41,NEFT,GGRFGBJV,AGT-9542,6.0,No,45.0
2e5e5429-c6b1-4a8a-af86-110c95daaf39,2023-11-21,Pending,False,1375.17,UPI,HOFTGBQV,AGT-9576,5.0,No,32.0
729c6a63-4b9a-46a0-bb13-3fbd0f426b6a,2025-01-12,Paid,False,1825.6,UPI,KHIFGB2L,,11.0,,34.0
3bb634f0-a6b4-48ca-b184-f4da2b7ddafc,2023-11-12,Pending,False,1385.49,NEFT,NJCFGB9I,AGT-2527,70.0,No,46.0
00f7869c-fde5-4b96-a7ad-942ba7539b0a,2025-05-01,Late,False,1207.89,Cash,VONVGBRF,,49.0,Yes,20.0
b146d5e3-644e-4d40-88cf-cd661696a84d,2025-01-27,Pending,False,1292.37,Credit Card,TTQXGBSG,AGT-9644,7.0,No,52.0
3384789b-415e-4f3c-85fd-b4764f4e6405,2025-02-25,Paid,False,1007.34,Cash,INTUGBSG,AGT-9008,9.0,No,48.0
dc39b02f-9063-4fc5-bd90-775cb6e561e1,2024-04-11,Paid,False,,UPI,NTNMGB1V,AGT-1567,44.0,No,13.0
,2024-02-08,Pending,False,1874.67,Credit Card,OAZPGB8T,AGT-5868,66.0,No,12.0
dbdfbe73-007d-49fd-a68b-656cc6474892,2023-11-14,Missed,True,1935.36,UPI,ETACGBV0,AGT-4321,77.0,Yes,15.0
d293321c-0ff7-4a40-b8f3-39ddfea9fb1a,2024-02-08,Paid,,1603.93,NEFT,TJCKGB8Z,AGT-0989,44.0,No,21.0
2bec45b7-0595-4344-b4fe-129f4a9728a2,2024-10-28,Missed,True,295.4,Cash,THZOGBIA,AGT-5437,56.0,Yes,23.0
d0e80d0b-7a32-45bd-8d26-a01c862aedd1,2023-08-26,Pending,False,1037.75,NEFT,VGQNGB61,AGT-4315,1.0,No,48.0
2d6a6e9f-eb9b-4b7d-a930-befc4adb5994,2024-03-04,Pending,False,252.09,Cash,ABRMGBY9,AGT-6108,49.0,Yes,17.0
92623ad7-85e2-4d24-a61f-5dc77bbab026,2023-09-19,Missed,True,772.56,UPI,INMGGBQI,AGT-6007,,No,57.0
a3cae47b-edac-4d69-b9e2-20aabc633835,2024-11-09,Late,False,1570.95,UPI,SJQBGB0H,AGT-0288,84.0,No,18.0
5900eb85-c616-49e5-a9b8-f491a592be8c,2025-01-24,Pending,False,1195.48,Cash,OEGKGBNL,AGT-1044,26.0,No,3.0
79b05601-2a5b-4bcc-9e80-6c9ae10d1474,2024-04-29,Missed,True,1000.55,Cash,,AGT-3656,54.0,Yes,44.0
a6a72b4b-5e4e-46fe-b251-c978623ff952,2024-12-13,Missed,True,136.98,Credit Card,CSYPGB2A,AGT-2805,52.0,Yes,16.0
91e1355a-e24d-498e-b5dd-7d8f1a610ee9,2025-06-09,,False,297.51,UPI,XDYLGBC8,AGT-0169,51.0,No,5.0
a065704a-133d-42b4-8c3b-66eb1e2e6b75,2023-10-10,Paid,False,579.03,NEFT,FJNUGBXE,AGT-2503,31.0,,35.0
c5bf2d8e-6d1c-4f63-af9f-29a9477919de,2024-06-01,Late,False,1667.05,UPI,OOIHGBKN,AGT-7565,,Yes,10.0
5076dbd6-4965-4865-84f7-a3f116f16f38,2025-07-05,Pending,False,1040.39,UPI,UATTGBV8,AGT-1187,38.0,Yes,45.0
971b8cde-cbd4-4614-89e1-a65f14f24eee,2023-07-27,Late,False,230.72,Cash,JTCDGBIU,AGT-9008,51.0,No,34.0
24681b97-12cb-4539-bd4d-b3462b02f391,2024-10-17,Pending,False,1728.3,,WIKAGB0X,AGT-4299,19.0,,8.0
7af34331-c1a5-4265-a44a-ad116a820a70,2023-08-30,Pending,False,1027.83,UPI,GGFSGBHQ,AGT-7364,38.0,Yes,32.0
2f98eab1-42bd-4433-89a8-3ba2eb8a31aa,2023-12-22,Pending,False,122.46,NEFT,JQOBGBHU,AGT-7985,31.0,,53.0
0ce7c4ba-0045-46b9-bc0e-3aaab4e0ca87,2024-06-23,Late,False,1570.72,Cash,SKRKGB25,AGT-6310,69.0,No,44.0
98a6e589-2a0a-464c-9448-1d9975324e1b,2024-09-26,Paid,False,1545.78,UPI,NJDZGBLX,AGT-2372,12.0,No,19.0
a129f81b-73c4-4831-b339-5f095388452b,2023-08-06,Missed,True,1160.59,Cash,YRMBGBIM,AGT-9819,37.0,No,43.0
d5c2a294-de89-4f73-a68c-6c35c0da01ca,2024-06-20,Late,False,1488.4,Credit Card,BXIZGBFB,AGT-3810,32.0,Yes,
feb5ee20-16b7-4c5f-a06a-d35b1dda844d,2024-03-07,Missed,True,954.66,Credit Card,GMZYGBC1,AGT-0305,2.0,Yes,3.0
9cd2f52a-8196-417a-b190-22e8268e8c03,2024-04-14,Missed,True,1029.08,UPI,RKGQGBK8,AGT-3844,57.0,No,18.0
b446ee18-215c-4516-8d1e-655f352a12bc,2025-05-28,Pending,False,1649.21,Credit Card,,AGT-3589,65.0,Yes,
,2023-09-13,Missed,True,576.43,NEFT,GGBNGB0W,AGT-7798,42.0,No,32.0
,2025-06-12,Missed,,236.42,UPI,JBHGGBU5,AGT-9292,3.0,Yes,37.0
f6c770e6-aafb-433c-9fdb-c8a84aee954b,2024-06-21,Paid,False,1069.24,UPI,XBXQGB84,AGT-6010,48.0,,19.0
4ca3fa6c-a1ab-45b1-a98c-f86f3bab8c7f,2023-10-15,Pending,False,1300.02,UPI,EXLLGBWR,AGT-6164,87.0,No,19.0
ec8f5626-d1ea-4d67-837f-7740fd155a85,2024-02-13,Late,False,280.78,NEFT,IJWJGBLR,AGT-8325,64.0,No,34.0
8215bfd4-0191-4810-bf5f-f0de0806c1c8,2025-02-22,Late,False,851.65,NEFT,MUOTGBU8,,40.0,No,49.0
fccd824c-2ea4-4d4b-b9c0-941659b98323,2024-01-14,Late,False,1911.32,NEFT,MDXXGBCB,AGT-7332,75.0,Yes,28.0
6eff1bfc-41c6-4087-8fbe-0b50a4be6eee,2025-04-22,Pending,False,,Credit Card,CHZBGBEP,AGT-8775,49.0,No,44.0
097f9845-a355-4ac0-924f-05b6a895702f,2025-02-05,Missed,True,1070.43,Credit Card,CKCSGB94,AGT-9853,46.0,Yes,17.0
0ab460b7-38cf-407b-94c0-751f57d246c0,2024-06-02,Late,,1857.67,UPI,XWEGGBZP,AGT-2142,81.0,Yes,46.0
21c1405c-83ca-47ec-8614-e338e98c74ad,2024-04-13,Late,False,461.92,Credit Card,UPIDGB0J,AGT-4925,52.0,Yes,18.0
2459f112-aeaa-424a-9d12-1ee6b44c4855,2024-08-30,Late,False,1601.44,UPI,LEYHGBQ2,AGT-1866,54.0,Yes,56.0
40a1acb7-3ae6-4d47-9ec0-493b8db8157d,2025-06-16,Late,False,1832.12,Credit Card,PRPKGBFO,AGT-2017,73.0,,23.0
768c1ecf-26a9-4fe8-8fc4-d1f91d250649,2024-02-01,Pending,False,1171.91,NEFT,ISDZGB7Q,AGT-4083,52.0,Yes,48.0
bb8a3f81-9a2b-4a50-ad8d-1c20eac09109,2023-12-03,Missed,True,1359.09,,GGBTGBW8,AGT-9332,75.0,Yes,29.0
3209efbd-6680-4b8a-9171-db6eab6abeb8,2024-05-25,Paid,False,1179.68,Credit Card,SJSFGBBD,AGT-6446,57.0,Yes,3.0
c6d1e04a-4e7d-486b-b692-00feff9e1097,2023-12-23,Late,False,1702.88,NEFT,JOEQGBGJ,AGT-0151,88.0,Yes,47.0
8bb8a501-7466-405c-b38c-c0e70282eb71,2024-07-14,Paid,False,355.19,UPI,BZXWGB0C,AGT-4764,83.0,Yes,28.0
86a44ca6-5734-4518-b0a1-cfa1c37ac883,2024-12-18,Missed,True,953.96,Credit Card,LSPLGBTU,AGT-3766,74.0,No,35.0
d844b532-f34a-439a-aac0-2e3ed568e814,2023-11-16,Paid,False,752.57,NEFT,TKRDGBD9,AGT-0178,21.0,Yes,39.0
cfb606c7-4c47-478c-9edb-9f0075f375fd,2025-06-24,Pending,False,375.32,Credit Card,XLDOGB1K,AGT-2439,8.0,No,33.0
40ca3ede-2710-40b2-90f8-22875980c453,2024-11-21,Late,,1973.82,Cash,VXYVGBL7,AGT-2512,48.0,No,29.0
5aea788c-1355-4f02-a2a1-140c94292ea3,,Late,False,860.17,UPI,DXPRGBBP,AGT-0195,64.0,No,11.0
d484b316-4898-431a-8a40-10a13b687d3d,2025-03-04,Missed,True,377.13,,SYPEGBN5,AGT-1314,26.0,Yes,42.0
49c9d824-9509-4001-bb2a-e09f7f326202,2023-12-01,Late,False,1941.67,UPI,,,11.0,Yes,1.0
473a7744-2a32-4821-936b-0d1d7685c6da,2025-07-12,Pending,False,743.17,Credit Card,TBVVGBY3,AGT-2970,76.0,No,59.0
4f62fc92-8d50-4d3c-8cf2-74e3884efea0,2023-07-29,Missed,True,1707.87,NEFT,FHWHGBDV,AGT-7255,60.0,Yes,3.0
7d123966-9881-402c-a966-c18db29b4c34,2025-07-17,Late,False,349.96,UPI,KSBCGB6H,AGT-5958,,No,42.0
163a18bd-f996-4023-bd73-a9d071c60c8d,2023-12-10,Paid,False,930.07,NEFT,AGHBGB51,AGT-0229,,Yes,5.0
8672faf5-8fda-4c21-8bbe-904998ae775d,2023-11-07,Missed,True,1189.51,Credit Card,XQXEGBUL,AGT-2098,87.0,No,47.0
e25a78a0-48a6-48d7-90bf-b2d4dddd6023,2024-06-29,Late,False,305.58,Cash,YNQWGBJJ,AGT-4573,67.0,Yes,18.0
cb4de2d3-1437-4966-88f1-3539b99f0f34,,Late,False,1411.23,Cash,WVFUGBH3,AGT-9436,64.0,No,11.0
ffde17be-7ce6-43c8-a81a-ff3328f90651,,Missed,True,1804.81,NEFT,GXLWGB1R,AGT-1795,89.0,Yes,58.0
fddef948-5af4-4e51-affd-9fe622622f6e,2025-02-27,Late,False,1418.31,Credit Card,USPMGBJP,AGT-3381,29.0,No,50.0
89f0f695-6b5e-4d23-8078-966d376d9462,2024-01-17,Late,False,1213.73,NEFT,LMEZGBN0,,68.0,Yes,25.0
89f5ff2d-ba1b-45c2-bab1-5a2902df7ef3,2025-02-06,Paid,False,503.27,Cash,VOCXGBDA,AGT-2090,74.0,No,24.0
977ec48e-2fc0-48f6-a7ef-4c755786dfed,2024-08-26,Missed,,559.66,Credit Card,QZTHGBOR,AGT-3666,1.0,,32.0
e92d5b7b-3ec8-488a-9b4f-6fb2afad8b20,2024-04-16,Late,False,1425.86,,WYVRGB42,AGT-9102,75.0,Yes,38.0
a8c353bd-38bf-488c-8d70-334bf2027718,2024-09-28,Paid,False,1664.77,NEFT,PZXIGBEW,AGT-1016,,No,57.0
0699aa32-ab8e-41b6-9f96-b4030ca80486,,Missed,True,694.54,NEFT,ZYEDGBBV,AGT-7487,,No,42.0
46db0824-e0e6-4380-81bc-1dd8e194aa60,2023-10-16,Missed,True,851.25,UPI,LJOKGBFX,AGT-7211,40.0,No,46.0
8a8fadb3-d80f-41d4-bc34-26ccd4c71bb7,2023-08-15,Paid,False,1045.12,NEFT,,AGT-4266,42.0,Yes,1.0
,2025-05-04,Pending,False,,,IIIKGB7L,AGT-1235,0.0,Yes,54.0
0d5bc1b8-eb28-48a9-85cb-a4c05396cc17,2025-02-22,,False,1623.93,Credit Card,HYAWGBXV,AGT-9700,42.0,Yes,47.0
41db187e-afb5-4e7a-8203-b58466446623,2024-07-12,Late,False,1667.86,Cash,BLTAGBJ8,AGT-2177,58.0,Yes,22.0
8e25cece-bac2-478f-ad48-d12ee363c755,2025-07-05,Pending,False,1103.48,Credit Card,WOBDGBJ4,AGT-9643,68.0,No,22.0
52f52ca2-bd05-4c29-898f-64adcb9ff16e,,Late,False,802.75,Cash,BREQGB66,AGT-7605,23.0,Yes,19.0
797c0d5c-fcaa-491b-b44e-3aa96d8b2dd6,2024-05-10,Pending,False,1893.28,UPI,,AGT-0865,39.0,Yes,2.0
66dfd9dc-8197-4377-aa3d-67a254e62b1c,2025-06-17,,False,964.5,UPI,,AGT-7861,19.0,No,27.0
abc57d63-fdcd-4982-a606-b1e56326034c,2024-11-22,Pending,False,1539.2,UPI,QKUCGBT4,AGT-9665,,Yes,18.0
476afab8-dc04-4a3d-94db-6ebb6f9affa7,2024-12-30,Missed,True,1515.0,NEFT,LWFCGBBC,,58.0,No,32.0
208ab6e2-cca5-4fce-b03b-f1a97aafdaa4,2024-07-24,Missed,True,1853.67,NEFT,VTICGB7X,AGT-2069,53.0,No,27.0
1f17c9df-b300-474b-9933-3dce09b815f0,2023-11-08,Pending,False,564.8,Credit Card,UKFTGBJ5,AGT-0523,24.0,Yes,14.0
52f3c1f4-385f-4cba-821d-d04114764304,2025-03-10,Late,False,595.22,Credit Card,AGQEGBWW,AGT-3241,31.0,Yes,32.0
44fede7a-ed80-444e-8477-dabecfdfbcee,2025-07-04,Missed,True,,UPI,TEYOGBJK,AGT-4272,19.0,No,17.0
6749713d-1135-4fbb-a1eb-e389f9358ac3,2025-04-30,Late,False,1887.03,Cash,CHWDGB2M,AGT-4247,2.0,No,51.0
b2f47b08-3bdb-4d7f-84f3-2655b3dbdaa2,2024-04-03,Pending,False,932.43,Cash,YHISGBLN,AGT-8019,34.0,No,9.0
4a1c0f80-b31d-4975-8af0-75c533ad5922,2024-04-06,Missed,True,1427.87,UPI,DEFBGBAK,AGT-5309,30.0,Yes,51.0
44a108bf-1677-4fe2-8521-9d24fecb7c38,2024-01-17,Missed,True,229.73,NEFT,HFDMGBFS,AGT-0251,46.0,Yes,6.0
292a6a10-aed4-4c1b-a670-a2c8f941e4d3,2023-09-01,Paid,False,318.59,Cash,ORTMGB9Q,AGT-0040,19.0,No,12.0
89a9babd-0406-4f4c-bafa-591484e9ef9e,2024-09-15,Missed,True,754.15,Credit Card,SUFCGB75,AGT-3886,7.0,Yes,19.0
206e6a92-d9bf-4db3-8d3b-057568bbca14,2024-04-28,Late,False,732.07,UPI,VBMLGB5M,AGT-5520,68.0,Yes,52.0
fdfb75ea-823d-48c9-9946-aeae7a609f4c,2023-08-06,Paid,False,1926.54,Credit Card,,AGT-8385,68.0,Yes,22.0
370f68a8-9d6c-4237-805f-bb9aa8a55178,2024-04-05,Missed,True,1350.6,Credit Card,ZEJNGBR0,AGT-9445,4.0,No,1.0
02a47e96-a8fc-4b7f-bdde-648bf5436a8e,2024-02-09,Pending,False,1821.02,UPI,WFVCGBXR,AGT-0928,51.0,Yes,28.0
bb5d64d6-638b-4281-ace9-8f5cb17b405e,2023-07-19,Paid,False,1165.02,UPI,GXDVGBCY,AGT-8019,54.0,,19.0
0e5508c3-82f6-4f0f-911a-0fb66dace1e7,2025-01-07,Late,False,,Credit Card,OPEFGBJL,AGT-9257,2.0,Yes,26.0
e203de66-1959-44c0-9529-7bc45e551ea8,2023-10-18,Missed,True,648.87,NEFT,OLMKGB7F,AGT-3148,41.0,Yes,40.0
dafe4a1b-3b80-48a7-85ab-58bd851122f3,2025-03-21,,True,1643.75,Credit Card,CRXEGB1O,AGT-1877,78.0,Yes,57.0
37a936f1-31a1-4231-ae68-955a41cc75d0,2023-10-16,,False,1324.29,Cash,DBDVGBOE,AGT-2771,2.0,No,19.0
b5501b06-bce0-47d5-8d4f-76a3a3920ce7,2025-03-02,Late,False,,Cash,BHIGGBVG,AGT-7305,47.0,Yes,12.0
a1772548-745b-496c-84be-87f6971fadff,2024-11-20,Missed,True,1542.5,NEFT,XIAHGB4A,AGT-6488,43.0,No,33.0
006cd340-400c-4f09-aee9-37a1f9a86edb,2023-10-10,Pending,False,822.66,,RVIZGB5F,AGT-2322,73.0,Yes,36.0
368015b7-0a90-4542-8def-19c872c793c2,2025-07-16,Missed,True,1796.97,UPI,BOKUGBVF,AGT-6951,60.0,Yes,18.0
e788178f-2af4-4726-b767-d4bc7e361f0d,2023-10-03,Missed,True,1372.33,NEFT,ELUJGBEU,AGT-5445,27.0,Yes,19.0
707b86e7-4d8d-419b-bad5-7aae1cd62027,2024-10-01,Late,False,1639.33,Cash,PWRJGBIO,AGT-6414,,Yes,45.0
676ab6cd-bcc7-483b-8267-d0003723743f,2024-10-16,Paid,False,1858.11,UPI,STEKGBRH,AGT-7447,11.0,No,35.0
ed892904-97d0-40ca-a44e-e4112e8e0a89,2025-07-04,Paid,False,1634.24,Credit Card,OTHLGB6B,AGT-1491,68.0,Yes,19.0
,2023-10-17,Paid,False,1172.21,Credit Card,KCUVGBE8,AGT-0827,26.0,No,48.0
ade6d3c8-73bd-4cfc-a455-71f7edc8a698,2023-10-04,Late,False,665.51,NEFT,ODDCGBUN,AGT-0788,47.0,Yes,7.0
4ab2d7c3-2715-47e5-8208-b119178be606,2025-05-10,Missed,True,690.0,Credit Card,WHQGGBJF,,86.0,Yes,32.0
323307c7-4c53-4a59-a172-0263bdad2d1e,2024-05-10,Missed,True,1997.67,NEFT,MDKHGBUS,,47.0,No,32.0
fc955392-f564-4794-afd8-6c655f316aa3,2024-12-15,Missed,True,1144.79,Cash,PCPXGB0H,AGT-4196,38.0,No,14.0
0b4bff50-29ac-422a-a136-5a45957a4625,2023-10-01,Late,False,542.56,NEFT,ZRZLGBOI,AGT-6239,74.0,Yes,42.0
6481c37f-b099-44fb-befc-88ec9968319a,2024-08-02,Pending,,368.05,NEFT,TGQKGBBA,AGT-4752,89.0,No,48.0
b6a0c55b-cc64-493c-951e-a73779e237bd,,Missed,True,1281.69,UPI,UDMQGBFR,AGT-2339,85.0,No,48.0
29e278cb-03fe-42a8-ba83-41d0c5647791,2024-12-13,Late,False,780.25,Credit Card,LSAGGBA6,AGT-2889,53.0,No,1.0
a869dc01-f6e4-4191-b85d-a6f79d70e549,2023-07-19,Paid,False,356.47,NEFT,FMVQGBFN,,0.0,Yes,52.0
6f826306-b5e5-49b0-9702-1fd2c588f80d,2025-07-08,Paid,False,983.55,NEFT,EUYQGBOY,AGT-2736,80.0,No,9.0
,2025-04-16,Late,False,420.56,Cash,ECKAGB5O,AGT-3327,44.0,Yes,50.0
d3b92c20-717d-46e0-915a-29aeebf09feb,2024-09-12,Pending,False,341.61,UPI,GREMGBZ3,AGT-2858,57.0,No,22.0
d268415b-5f80-4a92-ae6b-1a253647eaf6,2024-01-16,Late,False,1173.01,Cash,ILOVGB2L,AGT-1908,65.0,Yes,52.0
618fa15f-7fff-476b-9940-154f16f1efd6,2024-08-31,Pending,False,1140.82,UPI,PPLHGBS6,AGT-4928,55.0,Yes,2.0
b823c44c-3e8f-43c4-aa06-67f0d65ad91f,2024-04-11,Pending,False,1190.25,,CWJXGBEJ,AGT-5267,71.0,Yes,
cc8cf018-b8ab-487f-a5dd-6403a9070fc3,2024-07-31,Late,,1076.9,NEFT,UUPFGB0C,AGT-1624,82.0,Yes,49.0
d537c44c-e2d9-4f7c-aeb3-d2be45ed56f3,2024-02-17,Late,False,1803.39,NEFT,UJEYGBB3,AGT-4278,79.0,No,35.0
982cf407-9606-4486-8323-cf115c7e75ad,2024-07-26,Missed,True,1830.55,Credit Card,HKNXGB2T,AGT-5017,46.0,No,4.0
1268598c-1e44-4687-b1d8-e35b4f405a27,2025-02-11,Paid,False,1842.86,UPI,SEMYGB48,AGT-4437,41.0,Yes,39.0
,2024-06-28,Missed,True,1562.93,UPI,EHHJGBIU,AGT-2946,78.0,No,34.0
e6876d84-0c60-4f02-8c3d-95646cd83b65,2024-10-21,Late,False,1236.82,NEFT,CCHTGBBK,AGT-5812,16.0,No,29.0
c98c52ad-600e-4563-be33-8ebdc97bbcdf,2024-08-16,Late,False,498.57,Cash,IRKUGBL5,AGT-4715,26.0,Yes,49.0
0da92007-dcf5-4e48-9e4e-cddb1a4f0e02,2023-10-13,Late,False,1652.06,NEFT,VASUGB5C,AGT-2697,65.0,No,41.0
b0ce28a4-4747-48cc-a788-35ba548d3b34,2025-06-29,Pending,False,367.8,Cash,JJCOGBGK,AGT-8843,26.0,Yes,50.0
3033f250-35f1-4c54-b1e6-951f4758e374,2024-01-28,Missed,True,207.18,NEFT,IZXHGBP2,AGT-6455,15.0,No,45.0
c3224554-fe08-402c-a180-91116edd49b7,2023-09-02,,True,1754.55,UPI,WQYFGBDE,AGT-1028,62.0,,56.0
17d19c53-bfa9-4233-8885-ea01b0dbfa70,2025-02-10,Late,False,277.37,Credit Card,PILZGBXQ,AGT-4567,58.0,,23.0
60b79745-3493-48d7-848b-2ce14113aefd,2025-05-01,Paid,False,1104.98,UPI,SVPOGB3Y,AGT-9149,55.0,Yes,40.0
3f613fdd-c29a-4051-a130-f715c4b8a4ec,2024-08-29,Paid,False,699.34,NEFT,QRIPGBYZ,AGT-7723,1.0,No,
cbb876b7-1e13-4bd2-a535-3b1a5a2145fe,2023-09-28,Pending,False,913.09,NEFT,GTLCGBX1,AGT-0388,85.0,No,3.0
3fca050c-3ce7-4330-8c36-4d05322d17e1,2024-04-21,,True,699.26,UPI,VHKGGB6Z,AGT-1147,83.0,Yes,40.0
3258977c-6928-49f4-ad94-228d866908f6,2024-03-08,Late,False,640.12,Credit Card,NVNMGBHX,AGT-3754,80.0,No,32.0
15de735c-c947-4a02-99b5-315e3a5d3fa0,2025-05-27,Missed,True,1200.35,NEFT,LLPBGBVH,AGT-2281,42.0,Yes,45.0
f54da754-d613-422b-ac95-f73e49fb42bd,2024-07-16,Pending,,285.78,Credit Card,LIPJGB2B,AGT-3408,47.0,No,3.0
80d4137e-771f-4642-8906-b8bd5c672dce,2025-05-22,Missed,True,1318.87,,SCSOGBZ4,AGT-9563,40.0,No,9.0
aafd4571-b14d-46d6-8165-8346a01d3450,2024-12-23,Pending,False,1591.07,UPI,EUPDGBTD,,51.0,No,7.0
79535c50-b3b1-4a2e-ba74-41e7843db1db,2024-05-19,Late,False,1041.04,NEFT,UXUJGB54,AGT-3701,79.0,No,44.0
,2023-09-08,Missed,True,1309.46,Cash,KEHFGB6A,AGT-9531,0.0,Yes,7.0
dac89c71-01ce-4d98-bd57-08fa99b33cdd,2023-10-12,Late,False,1842.63,,MRZDGBSA,AGT-0597,51.0,No,56.0
29f65389-e735-45b1-945e-5109ea7a2441,,Paid,False,741.93,NEFT,PYEWGBBG,,83.0,No,32.0
3adfd71d-0255-46bf-b724-ec3e771341d9,2024-02-23,Pending,False,1337.75,UPI,MQCPGBZK,AGT-2025,30.0,No,4.0
1af1429b-1e3e-4202-980e-799113e479ec,2024-05-03,Missed,True,685.3,Cash,WXMXGBQX,AGT-6263,11.0,No,42.0
ae616c82-06c3-4bec-acd5-1b35d5011c5f,2025-01-28,Late,False,1716.42,Credit Card,PGBGGBKK,AGT-1197,51.0,No,22.0
8be04026-283f-4c58-8661-5cb2f3aeba00,2023-08-18,Paid,False,,Cash,MOVCGB8R,AGT-5032,41.0,No,18.0
61157694-1848-4fd4-8792-944745072fd2,,Missed,True,1433.73,Credit Card,HJIEGBAB,AGT-4861,76.0,Yes,25.0
59fd59f4-ed56-4629-8679-749f7d426be6,2024-01-03,Paid,False,1271.94,UPI,HNFDGBN2,AGT-8875,61.0,Yes,49.0
abc24b28-4d6c-46cb-bac7-8af0fd0faae0,2023-10-27,Pending,False,162.04,UPI,SGNCGBJ1,AGT-0586,15.0,No,16.0
471b3b0b-666d-4ab9-a93e-19550394640b,2024-11-18,,False,1387.0,Cash,QEFZGBCO,AGT-7159,85.0,Yes,53.0
f4ecf436-f2ce-44ba-9841-3087982f67ed,2024-01-12,Pending,,1821.66,Cash,YPFWGBSS,AGT-4989,38.0,No,32.0
c37e8680-36b3-4492-9dfb-3f13f0ec4076,2024-07-12,,False,196.87,NEFT,WKBBGBV1,AGT-8324,66.0,No,22.0
f26e7c6c-fe1d-48da-bbdc-a6f90b30f2be,2025-07-18,Pending,False,1540.41,Cash,LZBMGB8B,AGT-5537,1.0,Yes,25.0
5b2ff82e-1690-49c3-9b12-9d6f5c2af341,2025-06-19,Paid,False,1823.85,UPI,,AGT-0807,80.0,Yes,
fb292218-76e6-4762-acc4-4668d5610b0b,2024-06-20,Late,False,567.15,NEFT,QLSUGBRB,AGT-1896,12.0,Yes,13.0
1a61acc5-8395-4f73-b2bb-3c08e7e8fa55,,Late,False,1676.43,NEFT,,AGT-9819,25.0,Yes,39.0
76aba79a-839f-4432-a493-b387e0402bb5,,Paid,False,637.36,,TIQRGBIS,AGT-5291,77.0,No,10.0
dfd16772-d192-4f39-8fba-ea32189eaca0,2023-10-02,Missed,True,1853.14,Credit Card,WFZSGB0X,AGT-4877,14.0,Yes,36.0
97f16dfd-ec85-4e65-94c8-ecc80c50c4d2,2024-09-09,Late,False,387.67,UPI,IAQYGBXD,AGT-4310,87.0,Yes,39.0
f97978ed-2b73-46a2-b068-40bacc3d35df,2025-04-05,Late,False,908.82,Cash,JKAXGBHH,AGT-2118,,Yes,52.0
39128067-0f01-4f19-ba03-7327f205a396,2025-06-10,Pending,False,,UPI,TMURGB61,AGT-6069,69.0,No,27.0
e371ea64-6c03-4bb5-812e-fec7d68bfb48,2025-05-22,Late,False,137.52,Cash,VOQAGBVH,AGT-0762,78.0,Yes,34.0
d36d9192-122f-4261-a8f2-bdab173347fd,2024-02-18,Missed,True,1384.41,UPI,CFZXGBQ4,AGT-3965,52.0,No,9.0
de120efb-9193-4757-a4c0-dbb0a4a711c2,2024-09-16,Missed,True,1554.43,NEFT,RINYGB8Y,AGT-3569,22.0,No,25.0
29a35efd-151e-4643-a2ed-27316d9a83d5,2024-04-22,Paid,False,911.51,UPI,NKEXGBG8,AGT-2034,42.0,Yes,57.0
849e1d0f-f253-46ab-bf5c-751594bdf993,2025-01-21,Late,False,1642.1,NEFT,SVBOGBII,AGT-8388,41.0,Yes,6.0
,2024-02-29,Missed,True,571.43,Credit Card,BQOKGBK2,AGT-5949,50.0,No,5.0
dc0f1404-5efc-4392-bd25-d5e54df86605,2024-07-12,Missed,True,1637.24,Cash,QOXDGBQ7,AGT-1618,31.0,No,43.0
f9604b87-01b3-4bb9-b652-d42c147e274e,2025-07-10,Pending,False,1664.26,Cash,PCYTGBLW,AGT-1308,39.0,,22.0
62668163-7594-4b3a-8c89-5f1241c64bb8,2023-12-06,Pending,False,,Cash,GIMSGBEZ,AGT-7132,20.0,,40.0
d4e3869b-6dfd-4f9c-b3d3-899e2c1b3c18,2025-01-14,Missed,True,416.37,Credit Card,UTQLGB7K,,10.0,Yes,47.0
314a16ee-f9df-4cc0-ba24-1fbab1c66b7f,2024-01-14,Missed,True,596.59,NEFT,YOIGGBBQ,AGT-4953,42.0,No,44.0
2acc5e55-87dc-4b3c-b692-4b0562babbe6,2024-10-28,Paid,False,934.91,NEFT,LIAKGB7J,AGT-8882,83.0,Yes,41.0
ef998535-5455-43a0-b83b-44c453ea75da,2023-10-04,Late,False,,Credit Card,PBSKGBNB,,23.0,No,7.0
ba0a655e-a722-45ea-bb0a-da953fd4c597,,Pending,False,1172.77,UPI,,AGT-0185,59.0,No,18.0
03fda093-85eb-4dd3-8f91-b4c3f8695d6a,,Missed,True,1410.93,NEFT,,AGT-7777,50.0,Yes,26.0
5a33bd43-e097-43f7-8841-23e4334255c7,2024-11-16,Pending,False,1400.45,Cash,DLGDGBT0,AGT-8436,29.0,No,2.0
48cc9b42-2621-403b-b5ac-54f06378e459,,Paid,False,1279.21,UPI,,AGT-4531,53.0,No,3.0
a67b3595-abee-43d9-a158-0012a50da7d6,2023-11-12,Paid,False,1830.67,Credit Card,NMKYGBMI,AGT-5760,,Yes,48.0
94734bd8-1c6e-42a8-b87e-f95d1b5e5d99,2024-03-13,Late,False,328.96,Credit Card,DRMOGBIE,AGT-6314,63.0,No,41.0
,2025-02-02,Pending,False,1639.87,Cash,QQPXGBV3,AGT-4732,29.0,Yes,30.0
f8bccd4e-aba2-44ef-8207-ea3b75e9c0d2,2025-02-06,Pending,False,1008.74,Cash,,AGT-4052,43.0,No,49.0
67aae53b-3662-416f-af3c-cf224e9dbd00,2025-02-03,Late,False,1374.43,NEFT,WQYSGB0T,AGT-8954,45.0,No,55.0
1a4faf77-4940-486c-b0b6-56f1c20b92fa,2023-11-16,Missed,True,613.21,,CDAAGBVD,AGT-5147,0.0,,8.0
d774d976-2669-4ab5-a2f9-fc11e9b4b3e0,2024-11-16,Pending,False,517.42,UPI,QTJJGBTQ,AGT-9565,25.0,Yes,14.0
2441a9c4-2d3f-4896-a6e5-6875ba6848b9,2024-08-27,Paid,,1562.34,Cash,CXBBGBG0,AGT-6426,34.0,Yes,19.0
83bd43eb-8f87-49be-ae36-234c907871b2,2025-03-12,Missed,True,1481.84,UPI,LDLFGB2F,AGT-2397,39.0,Yes,39.0
aff7dd22-0281-43d1-8365-7239d5919d2f,2024-02-04,Missed,True,1964.7,Credit Card,ALCTGBFK,AGT-1539,51.0,Yes,10.0
ecca5338-bcc4-4912-9c1d-bd292995b69b,2024-04-30,Pending,False,297.36,UPI,LIZUGBPD,AGT-5421,35.0,Yes,11.0
b76d6cdd-36d2-4c2c-84d6-6fa99c7bc4af,2025-01-24,Late,False,333.33,Credit Card,KNYHGBSY,AGT-8021,10.0,Yes,32.0
fd519b29-b2e7-4bfe-8f3b-e2fef7eb24f6,2024-02-21,Paid,False,1022.56,Credit Card,HZZQGBZO,AGT-7421,50.0,Yes,26.0
e9d46003-e24e-4db2-afde-eaa0289b07f4,2024-10-21,Missed,True,967.28,NEFT,CKEWGB2O,AGT-3018,88.0,No,47.0
b60dc9eb-82ad-4ffd-822f-4b12006720b8,2023-10-09,Pending,False,637.86,NEFT,RKTPGBN1,AGT-6120,26.0,No,22.0
fb618d41-5019-494d-8062-92ed04103966,2024-12-03,Missed,True,198.29,Credit Card,ETSHGBKX,AGT-6954,47.0,No,26.0
c660f474-0ae0-4a4d-9cf3-762466fff0b7,2025-01-23,Paid,False,297.93,Credit Card,,AGT-1810,43.0,No,54.0
d9b22164-42b9-4b74-a2e8-7e369010da50,2025-06-21,Paid,False,289.6,UPI,VIBQGBSW,AGT-9985,56.0,Yes,9.0
86d44a0a-2b4c-4eed-bff8-8d462c46f7f4,2024-08-16,Pending,False,1492.71,Cash,WFNBGB0P,AGT-9387,0.0,No,51.0
1919eb2f-16df-4c65-b9f8-481fd01e1bd6,2024-03-08,Missed,True,1977.35,NEFT,WNOMGB8K,AGT-9541,31.0,,38.0
da3dfea6-f1d9-4824-bbc5-771e88f74c4f,2024-06-03,Missed,True,1091.58,UPI,FWEXGBIS,AGT-3303,60.0,No,29.0
ad4a8401-b0b9-4fd8-a37a-c5094cb89e10,2024-03-13,Late,False,438.01,UPI,NZTZGBA3,AGT-1344,56.0,,37.0
7e5fc1eb-6b43-4e2f-ad19-192fd2ee4431,2024-04-06,Missed,True,1119.39,NEFT,UMCCGBUN,AGT-8802,66.0,Yes,43.0
,2023-10-09,Pending,False,,Cash,JPFHGB6Q,,20.0,Yes,22.0
7baabf3f-1794-4c22-9dde-9719019ae7a6,2024-11-09,Paid,,626.45,NEFT,BFCCGBXG,AGT-2217,70.0,,3.0
,2025-02-10,Paid,False,447.19,UPI,JDVZGB4M,AGT-6733,65.0,Yes,11.0
14426256-5778-484c-a281-d31484ff1880,2024-08-17,Paid,False,1527.58,UPI,KBYIGBSW,AGT-0606,50.0,Yes,
5bcb56d4-d0f3-4305-98eb-b4c12aabe192,2024-12-15,Paid,False,1479.83,UPI,VXHZGBMA,AGT-6609,56.0,No,56.0
db975e50-d13b-4961-adbc-f3dff874b1b7,2024-12-15,Paid,False,1187.73,NEFT,LXVLGB8N,AGT-5731,16.0,,29.0
88f48960-cb28-4078-bb8c-1f549c485736,2025-03-01,Missed,True,429.83,UPI,RLFTGBI9,AGT-9817,53.0,Yes,45.0
455c6fec-2574-4ba9-954e-9b0f6eabc60e,2024-05-14,Paid,False,321.34,Cash,BXYTGBFL,AGT-2646,,No,15.0
8f65d90d-7c6b-4a34-8620-b4af424c435f,2023-09-01,Pending,False,172.83,Credit Card,AAYUGBU0,AGT-1366,3.0,,20.0
ea2cbd04-c329-4f3c-850d-46d68e990410,2024-04-22,Late,False,1101.77,NEFT,HQGPGBS9,AGT-6494,35.0,No,24.0
170f1f78-c7c2-4b65-ae65-959387113d78,2024-02-13,Pending,False,845.64,Cash,HHKXGBWF,AGT-4252,22.0,No,45.0
b9fa293d-0ccd-4225-adfc-b35032658426,2024-03-11,,False,1895.56,Cash,YPKQGBZ1,AGT-5417,,Yes,47.0
c3fe147b-ce2a-44bb-af35-32a1f7272ad3,2025-03-31,Paid,False,1937.65,UPI,MYWCGBDZ,AGT-2400,49.0,No,24.0
1d2713e2-7499-4dd6-8801-85b9b3656969,2024-07-11,Late,False,879.38,Cash,EUSAGBIK,AGT-6401,4.0,No,59.0
98836a54-bc12-4f38-8aaa-b25942740238,2025-01-05,Pending,False,1716.21,NEFT,EWCXGBEO,AGT-2981,78.0,No,7.0
0629a1c9-58c8-4c8f-acd4-e930bc78412b,2024-09-09,Pending,False,1441.19,UPI,FOTTGB62,AGT-2417,,Yes,41.0
de0abe7a-66e5-4d80-a733-b86eaff47b39,2025-03-06,Missed,True,1258.5,Cash,EMVCGBIK,AGT-4207,7.0,Yes,
0b25568f-2828-4a85-b5a8-b69e1400338a,,Pending,False,1759.6,UPI,AECDGBA2,AGT-2678,11.0,Yes,31.0
b356809a-d237-4931-84f6-9d370ae8532a,2024-09-24,Paid,False,413.16,Cash,ACBJGBGF,AGT-6378,27.0,No,13.0
04216d6b-b838-4f5b-87ed-6692dbbb5c77,2024-10-22,Missed,True,1192.84,Credit Card,SGUHGB1E,AGT-7756,23.0,No,27.0
0c5bcf21-42f6-460d-a8fb-d97807e6706b,2024-01-13,Paid,False,751.31,UPI,OWYOGB4P,AGT-5231,22.0,Yes,35.0
79921c9d-fa5c-4ec5-b1c7-de90953e283e,2025-01-23,Late,False,982.05,NEFT,RMQXGBYT,AGT-5260,86.0,No,34.0
bc1f25f1-5619-4a49-ab33-d732597f4e9f,2025-06-23,Late,False,1449.78,NEFT,DYQKGBDO,AGT-8868,10.0,No,43.0
2c0cbe0d-91f7-4270-95d8-b0c8c4d81419,2024-09-28,Paid,False,1928.38,Cash,NPMZGB0M,AGT-2564,88.0,Yes,53.0
8ba15452-18d1-4319-86a2-13031cf6c08d,2024-02-03,Late,False,1337.65,NEFT,JSJXGBJV,AGT-1963,63.0,No,57.0
7b2beddd-a603-4caa-b637-7ae235c57c89,2024-06-24,Paid,False,305.3,Cash,RYZJGBKO,AGT-7785,4.0,Yes,52.0
3c34d751-71a4-4c02-9a3c-b1d63ec006b7,2024-02-28,Late,False,1470.07,Cash,VRWNGBNZ,AGT-6750,23.0,Yes,5.0
593cc297-b211-43cd-8105-0702bb568f1e,2023-11-11,,False,1336.69,NEFT,UNQDGBA9,AGT-3154,50.0,Yes,24.0
5615af15-bee6-4e2f-b992-001255b57632,2023-12-14,Late,False,1872.24,NEFT,IXMCGBMU,AGT-3774,89.0,No,13.0
91e0cd8f-c7cb-406b-b905-55064c4da7b2,2024-03-24,Missed,True,1687.93,Cash,CDRGGB3Y,AGT-0930,29.0,No,42.0
38e89d38-5013-4396-8f0f-f7f8e657fdd4,2024-11-29,Missed,True,114.28,Credit Card,XDCLGB4P,AGT-9914,75.0,Yes,56.0
097c1553-92f5-4afc-9bc6-4de20f2eb42f,2024-02-20,Late,False,1417.04,Credit Card,HQRFGBKW,AGT-0074,71.0,No,27.0
ab32e50c-20b1-494f-8a68-10e0a9894925,2023-10-16,Missed,True,570.93,UPI,BVKMGBDQ,AGT-4484,0.0,No,2.0
f30397a5-c8e1-4615-8d46-78f9dcc0086f,2024-05-27,Missed,True,878.54,Cash,ZAOSGBJQ,AGT-8433,33.0,No,21.0
08e68591-2e93-4984-92fa-6210e1941c2a,2025-06-07,Pending,False,1217.75,UPI,ALYFGBT1,AGT-7613,73.0,Yes,38.0
30d1c971-9d15-40db-9848-6ba4f55109b0,2024-10-04,Paid,False,1020.95,Credit Card,PVQEGB0O,AGT-1213,28.0,Yes,29.0
d7e77d7b-77c7-424c-9737-3d7434b366ea,2025-04-06,Late,False,1480.2,NEFT,ESUHGBHC,AGT-2848,23.0,No,29.0
02bce72e-2399-468c-972c-856d3af0253d,2023-12-02,Pending,False,1107.44,Credit Card,FLAHGB3H,AGT-5046,,No,37.0
ae2a3761-80ef-4506-a27c-bb2fb1e3acc9,2023-12-29,Missed,True,182.88,Credit Card,DZDVGB7I,AGT-3720,69.0,Yes,54.0
582b3e1f-8dcb-45ae-a456-3e54655bea09,2024-06-02,Late,False,1370.23,,EPIXGBMF,AGT-8519,88.0,No,15.0
44335949-e77e-4770-9d72-b4470d2c484c,2025-04-09,Missed,True,320.41,NEFT,,AGT-6041,,No,23.0
b11d9680-41ca-4d78-bd44-9edb51a3924f,2024-01-27,Missed,True,729.07,Cash,IOLHGBKV,AGT-6359,59.0,Yes,17.0
6141ea0c-da0e-4f5e-87bd-6a8b66ef4e3b,2023-09-25,Missed,True,1317.79,Cash,VUVLGBGR,AGT-0435,3.0,No,16.0
347ef209-0cd5-49c9-a3bc-85639cf7fc32,2025-01-27,Late,False,1423.93,NEFT,,AGT-7456,27.0,No,16.0
8737adf1-41cd-4715-9c74-824802809194,2024-04-23,Missed,True,848.64,Cash,BWYDGBWH,AGT-8080,3.0,Yes,3.0
d609867b-b0e2-4362-a0fe-63a19eea9d72,2024-11-11,Paid,False,359.89,UPI,MWCPGB2S,AGT-2604,5.0,Yes,13.0
3e9d2d30-8cdb-4190-8821-8e308590fedd,2024-08-16,Pending,False,443.4,Cash,HZLMGBWV,AGT-1525,54.0,Yes,40.0
3ce9fdff-0cb0-4975-a25c-be2a4d008f7d,2024-07-24,Paid,False,891.3,Credit Card,KIZPGBVF,AGT-3211,64.0,Yes,
ca30ad3c-6ca5-4055-a7f7-0bfddaa245d6,2025-05-01,Pending,False,1600.12,Credit Card,XIAJGBKO,AGT-3942,47.0,Yes,27.0
7c1c15dd-02fd-438a-8a1b-1f35d03b205b,2024-05-20,Paid,False,756.85,,NXBMGBS4,AGT-4187,79.0,No,47.0
ec2ebe5b-6cf3-48c0-896e-cfde41157fa9,2024-07-12,Missed,True,441.97,NEFT,,AGT-5003,17.0,No,17.0
1f297af6-fc3d-4000-8b8a-5ba3ee736794,2024-10-26,,True,469.97,Cash,LTRHGBDQ,AGT-5528,83.0,No,3.0
ab4ac30c-5580-45fd-9857-eeb34aff86f7,,Missed,True,866.55,Cash,HJIDGBAM,AGT-9705,65.0,No,24.0
e63451c9-f17a-43e1-b851-6e3762442c4c,2024-05-21,Paid,False,116.41,Credit Card,,AGT-0088,87.0,,52.0
756b4f2a-cd84-427d-bc09-4dcf385276d4,2023-11-06,Late,False,228.98,NEFT,DECYGBAY,AGT-0346,,No,23.0
2d522f4d-c855-45b6-bd7a-d9542a69c6bc,2024-03-01,Pending,False,1616.43,Credit Card,KPYWGBVY,AGT-8591,80.0,Yes,55.0
,2024-09-06,Pending,False,1184.82,NEFT,XNAMGBEO,AGT-7649,15.0,Yes,19.0
2fd56a89-4bd6-4d4e-a79e-0b21df9982de,2025-05-13,Paid,False,1838.57,UPI,EAMUGB0H,AGT-5010,66.0,Yes,29.0
1464f467-edd6-4654-ae9c-d34a5ae43557,2025-04-18,Paid,False,416.35,UPI,LQTOGBXI,AGT-2455,22.0,Yes,41.0
dc990ef3-0ed3-4ba9-ad47-3c6e73839fd9,,Paid,False,379.09,UPI,UDEGGBY8,AGT-4344,52.0,Yes,28.0
830526c1-c9e9-4ccb-ac05-ec94f958d44e,2023-11-26,Missed,True,343.32,UPI,,AGT-0031,0.0,No,25.0
5a95f7f6-b444-417e-b6cc-3c34faff8a99,2024-09-22,Missed,True,1987.84,UPI,BLECGBU5,AGT-0373,56.0,No,17.0
3b19f243-10b1-43e4-ab01-bfc929eff5a0,2023-09-03,Missed,True,1114.02,Cash,OWVKGBWR,AGT-9055,23.0,,28.0
f444ceda-64fd-4f14-ac19-e33a8fd439e1,2025-04-01,Missed,True,1900.0,Cash,ZIOEGBRJ,AGT-3228,64.0,Yes,31.0
c922a910-6b9f-483b-ba58-4d3525d3a0ea,2023-12-27,Late,False,642.02,Cash,HDOXGB7P,AGT-7606,77.0,Yes,33.0
201cd662-ab57-4029-8738-3e18067304e5,2024-07-28,Late,False,882.68,UPI,IYZUGBAJ,AGT-2266,69.0,Yes,32.0
251170b7-20eb-4879-88f0-ec3e88fe53bf,2024-07-26,Paid,False,1259.51,Credit Card,HUIYGBJ3,AGT-3433,70.0,No,26.0
129adec8-1d79-444e-9544-debbadab7d46,2025-04-15,Missed,True,1607.96,UPI,ZXWZGB7G,AGT-1688,32.0,No,16.0
e0850e71-f6da-4346-bdfb-791c553484b2,2025-01-02,Late,False,,Cash,JRMZGBBL,AGT-4786,0.0,No,50.0
7d348c64-3a2b-4daa-8af1-8eabb79e459c,2025-06-06,Missed,True,,NEFT,NWTKGBLA,AGT-8923,16.0,No,56.0
e0655583-b16f-40b0-a832-db3a75c5e967,2023-10-15,Pending,False,1568.11,Cash,PTBPGBIS,AGT-6193,77.0,Yes,44.0
4ba37a3c-a755-4e1e-8be2-bf2c7df5f6c7,2024-07-14,Paid,False,1245.16,UPI,KPYZGB1O,AGT-7224,72.0,No,57.0
89674906-02e4-4ee9-a10d-17d9d59b33a7,,Missed,,1988.87,NEFT,LBIQGB9C,AGT-4915,88.0,Yes,19.0
233fbfa1-5903-41d2-bd36-a8bee34a67be,2023-12-07,Pending,,989.34,Cash,DOZGGBEI,AGT-6213,0.0,Yes,16.0
e0b28860-0533-4c27-8fb3-e240b9ae7f5e,2025-03-08,Missed,True,918.6,Credit Card,CYELGBW8,AGT-9433,12.0,Yes,56.0
,2024-02-25,Late,False,,Cash,BUJCGBTC,AGT-9123,19.0,No,27.0
fd213cd8-8a8c-4622-a2cc-7e94734c7b3c,2024-03-06,Missed,True,1584.42,Credit Card,QQAFGBKE,,62.0,No,47.0
5b5f3fae-3082-43f6-92bd-c304ead757c3,2023-12-11,Missed,True,1794.05,Credit Card,CNARGB2X,AGT-3994,62.0,Yes,58.0
c1ec9b34-82f4-420e-9d79-88fcfd04fc3d,2025-02-15,Pending,False,1252.09,Credit Card,IVYYGB87,AGT-4703,55.0,Yes,10.0
329b1db6-1a35-4ea0-9758-a42869dfd2bd,2024-02-24,Pending,False,1467.96,Credit Card,IZRCGBNI,AGT-2261,,No,37.0
bbdb0252-3ea5-467f-9be4-56a300a90e13,2025-07-06,Late,False,226.13,Cash,FYXJGBZJ,AGT-0996,42.0,Yes,1.0
9a042086-6f19-4b44-9176-49ab58f9ce5d,2023-07-26,Paid,False,772.45,Cash,HILEGBO5,AGT-0539,29.0,No,47.0
479e35eb-10ac-40af-8eee-96c134271510,2024-07-31,Pending,False,1682.7,NEFT,NQROGBTB,AGT-8171,63.0,No,22.0
dfdde204-3189-41d3-8325-eb866754b4c8,2023-07-28,Late,False,1575.79,Cash,IWKSGBSN,AGT-8332,3.0,No,51.0
774b1093-e6a2-4f3f-93fc-71b4e3d7e3fa,2024-02-02,Paid,False,1350.11,Credit Card,VNIBGB9F,AGT-6118,,Yes,55.0
cd5b6485-7b68-4bfd-8114-91543c19d5f8,2025-03-28,Pending,False,827.84,UPI,JKWYGB7E,AGT-0211,36.0,Yes,28.0
,2024-04-13,Missed,True,1145.68,Credit Card,BQHQGBRS,AGT-7256,5.0,No,15.0
d44b8207-2c9d-4cc1-971b-dcf6b369f9ff,2024-10-31,Missed,True,980.88,UPI,GVSGGBOC,AGT-4811,11.0,Yes,43.0
f54eb265-5291-422e-9725-b452db561004,2024-03-18,Paid,False,1975.89,Cash,RBOGGBGU,AGT-4416,76.0,No,3.0
,2024-12-11,Missed,True,168.09,UPI,LTMUGBCC,AGT-3103,75.0,No,8.0
1484c0f8-0392-4a7f-af0d-e0e6f0a8f536,2023-09-28,Late,False,1537.8,NEFT,,AGT-4124,65.0,Yes,50.0
414b82fb-cbc7-4f76-9217-5c6f713cad6d,2024-03-03,Paid,False,1660.4,UPI,TMEMGBSV,AGT-2198,78.0,Yes,1.0
36d919c5-6299-455d-92e9-7ba56fd26147,,Late,False,1595.52,NEFT,XBDSGB8C,AGT-6782,70.0,No,12.0
1642de8a-b190-4aad-86fd-a02a7c428708,2025-07-18,Late,False,833.39,Credit Card,QBFQGBU5,AGT-2960,2.0,No,26.0
0d3a18ee-779a-44b3-ab28-2ffe3a2be994,2024-12-29,,False,458.86,,DMIPGBOC,AGT-7378,73.0,No,38.0
19a4ef0c-3fc9-4767-b1b2-c1dd6420a355,2024-04-25,Pending,False,175.44,Cash,NPSGGBCL,AGT-3097,12.0,No,51.0
95de5404-5aa0-4872-a2e7-cb8bc9738837,2024-09-24,Missed,True,292.65,UPI,MOZAGBN5,AGT-1245,59.0,No,8.0
d49ae0b9-731b-405f-ba01-7bdb7e4d53ff,2024-08-20,Pending,False,1509.45,Credit Card,WTHFGBWR,AGT-9368,70.0,No,27.0
fd5d6c9a-50a1-4cde-bd95-09c71bf5d75d,2024-01-29,Late,False,351.34,UPI,XWLPGB3K,AGT-5481,16.0,No,42.0
a4c289e2-31fd-446d-a664-1ab95c8ea707,2024-08-31,Paid,False,155.29,Credit Card,ZXMHGBNR,AGT-0837,76.0,Yes,9.0
8d386a2f-cee6-49db-85d5-47eed24a2ad1,2025-05-11,Paid,False,944.92,UPI,BGXCGBFU,AGT-3571,22.0,No,1.0
5ddd8be7-7cfe-4ac7-b5fc-1e89c82daa25,2025-01-31,Late,False,944.26,NEFT,XGVFGB62,AGT-1913,9.0,Yes,41.0
7ac098ac-3065-4ccf-8186-0a085f9ea5ce,2024-04-25,Paid,False,1895.62,NEFT,CVALGB1G,AGT-5394,10.0,Yes,3.0
b1b40397-22ca-4007-9079-3c364a85f68b,2023-10-03,Paid,False,440.09,UPI,DIZWGBHJ,AGT-5750,52.0,No,31.0
a2016a6a-bd9f-42e6-9423-2bbe49bf50e6,2024-12-01,Pending,False,464.96,Cash,ZBKKGBRU,AGT-8050,84.0,No,32.0
6129ded1-6cd6-446a-a229-150e58325637,2023-10-23,,True,373.58,Credit Card,KKXKGBM5,AGT-2919,13.0,Yes,18.0
5eefd9a1-5146-46dc-b0b2-72d16adab86f,2023-11-03,Missed,True,284.57,Cash,XOLSGBS1,AGT-0984,16.0,Yes,9.0
a5ccd063-81c5-4a30-93ec-af0c177d9373,2024-01-27,Late,False,1074.51,NEFT,QNMBGBCA,AGT-8209,70.0,No,30.0
7781f99e-e75a-417a-87cf-68a402fd162a,2024-05-14,Paid,False,1620.88,Credit Card,QXCKGBKA,AGT-4520,60.0,No,36.0
efac680c-0280-4660-9324-a33e64fe2406,2025-03-16,Missed,True,1946.52,UPI,BYDQGB3H,AGT-6524,12.0,Yes,23.0
8db69dcc-d62d-46e5-80d4-451c63318cf1,2024-06-02,Late,False,1068.85,NEFT,CFRYGB96,AGT-8373,73.0,No,31.0
057e5c20-aa6c-4817-bb3f-27a27819f15c,2025-06-19,Pending,False,585.37,NEFT,TYGNGB8M,AGT-2536,39.0,No,29.0
d89393c5-46d9-4721-87a1-818eea062fa9,2025-06-17,Pending,False,620.3,UPI,SPMZGB3Z,AGT-7482,44.0,Yes,35.0
b56f4b0f-e2d3-46a8-8206-275c69901f1e,2024-05-30,Paid,False,323.76,Credit Card,EYXPGBHB,AGT-1481,5.0,No,13.0
505f5842-607f-4f98-a356-0806f26fd5d8,2023-11-26,Paid,False,1808.37,NEFT,AQDXGB7R,AGT-3169,43.0,No,41.0
46350845-3684-40fa-91d8-874f97243e8c,2024-11-05,Missed,True,124.09,NEFT,,AGT-4161,23.0,No,50.0
f82eeafb-d42f-4fcb-bb08-f391fd2593f8,2025-02-28,,False,1703.83,Credit Card,JWNWGB13,AGT-1270,49.0,Yes,51.0
5a37bdc7-5a1d-405f-a300-2f5cd6669249,2023-09-25,Paid,,839.36,NEFT,LVDKGBMH,AGT-8758,5.0,Yes,
051b6fe9-93e4-48d7-9b00-6dd07c67d9b4,2025-05-31,Paid,False,397.31,,XJESGB2R,AGT-9439,63.0,No,21.0
,2023-08-17,Missed,True,620.2,Cash,FDHTGB0E,AGT-6571,28.0,Yes,22.0
,,Pending,False,211.16,Cash,TNZFGBWV,AGT-8399,39.0,Yes,36.0
322be55f-8781-4d88-a8c3-6e805ef93f4f,2024-05-13,Late,False,283.76,Cash,KCFOGBKF,AGT-9038,37.0,No,10.0
aac3ecd2-7748-48a7-aaa1-6eda79b4e7c5,2024-08-12,Missed,True,1793.62,Cash,YRHUGBOJ,AGT-0024,0.0,Yes,42.0
eda9057e-e4c8-4281-8c9a-eb4b192aba7b,2024-08-18,Late,False,1632.83,Credit Card,CFRLGB6M,AGT-0074,17.0,Yes,31.0
88fb674b-13e0-4a9b-b60a-b152405a31f2,2024-07-07,Late,False,761.48,UPI,QMVBGBCJ,AGT-5507,62.0,Yes,29.0
d573aa28-66b4-4b4b-9325-3f53610f309c,2023-11-07,Late,False,836.97,NEFT,JBGFGBI1,AGT-4850,74.0,Yes,58.0
3ca42afe-dc04-42ad-b095-162ffbb36b5a,2025-05-10,Pending,False,1608.36,UPI,GDPUGBM1,AGT-1502,40.0,Yes,40.0
af105869-5612-446b-9200-2c86efd794ee,,Pending,False,117.27,Credit Card,OLIJGBQ5,AGT-3028,9.0,No,34.0
40538d73-ce13-4fad-b46a-7ee144a5c871,2024-04-22,Missed,True,,Cash,PTWXGB0N,AGT-3963,3.0,Yes,18.0
a1f4185e-d4d1-4056-8657-99466fe5f2d3,2023-11-02,,False,363.74,Cash,QXSXGBCC,,85.0,Yes,51.0
,2023-08-06,Missed,True,,Cash,AZXZGBA4,AGT-3516,2.0,Yes,40.0
3a0ef446-d25e-4485-b628-01cbf2f806aa,2024-10-28,Pending,,1616.24,Cash,CRSYGBT1,AGT-6401,5.0,No,33.0
5f3f80c8-dce0-4f03-a16c-d76ca063ca3c,2024-10-23,Late,False,1957.05,NEFT,YFVNGBSZ,AGT-9198,14.0,Yes,39.0
121c9c3f-225a-44d1-a158-12b53bcf55e2,2024-05-10,Paid,False,1731.77,UPI,VQYBGBIS,AGT-1702,,No,4.0
cef8abb3-133f-45aa-af9e-8075a57497cd,2025-04-08,Late,False,420.72,NEFT,EFVYGB3X,AGT-5608,23.0,Yes,24.0
16bfff86-955d-456d-a22d-e01c65417df6,2024-06-12,Paid,False,165.79,Credit Card,NGTSGBWX,AGT-4643,29.0,No,10.0
ce8cf5e1-7606-4398-b699-af95385229b4,2023-08-30,Paid,False,1067.51,NEFT,OXYXGB5Y,AGT-8933,27.0,No,19.0
bd3ac712-c5c8-4d2d-8a1b-02178981e575,2025-07-06,Late,False,1989.03,UPI,NCBDGBU2,AGT-9561,63.0,No,50.0
3fba5503-e84f-4437-94bf-3d562662b306,2023-09-07,Missed,True,1982.73,Cash,EJVTGBI6,AGT-5245,1.0,Yes,56.0
b87af97d-7169-4373-afb8-54fa001bbc8a,2023-09-30,Pending,False,113.17,UPI,IOGBGBN7,AGT-6810,80.0,No,24.0
6ff2ed02-dc63-459d-bf18-d065ef967e0e,2025-07-17,Paid,False,1989.24,Cash,ORGFGBHX,AGT-2586,56.0,No,35.0
a75c54c6-030c-46de-acb1-983f33029c05,2024-06-10,Late,False,1077.07,NEFT,BVYPGBT9,AGT-9285,3.0,Yes,31.0
8575aa1e-0d55-4122-a839-8aaa635f9eb7,2024-01-04,Missed,True,950.88,Credit Card,KQVDGB6W,AGT-7797,27.0,Yes,43.0
98d266fa-eaff-4003-8e8e-e0f197036d05,2023-07-26,Pending,False,1185.91,Cash,GKKWGBZT,AGT-6531,60.0,No,48.0
85bade03-9e4c-498f-a98f-6aa9f858457b,2024-06-04,Paid,False,561.15,NEFT,YBABGBE9,AGT-0753,84.0,Yes,
57493ab6-f002-4087-ab14-08c75613c1fc,2024-02-18,,True,1126.75,UPI,NGRQGB94,AGT-7846,27.0,No,4.0
bc81a2db-453f-4c21-b870-e38b9772f020,2025-07-15,Paid,False,494.73,Credit Card,YMRJGBCA,AGT-4797,51.0,No,31.0
2af61d10-7b2f-4ea4-a65a-94127f552d80,2025-06-13,Pending,False,627.34,Credit Card,BCNYGB4Z,AGT-4443,20.0,Yes,53.0
690ed949-369f-42a3-8223-a1f999de4590,2023-12-29,Paid,False,1765.96,Cash,PSBFGBFI,AGT-2947,,Yes,12.0
41a986ef-8748-4e19-beec-fd9b70fb98d3,2024-03-02,Pending,False,636.89,NEFT,CDOHGB55,AGT-4380,89.0,No,1.0
54e6dd18-c210-4c8a-a0e4-71d8ee53cb3a,2024-02-14,Missed,True,239.93,NEFT,NDSKGB5V,AGT-9527,83.0,No,11.0
c56fafc8-9cfa-473c-8ab9-badc4b822173,2025-03-31,Paid,False,1089.6,Credit Card,QYCMGBD6,AGT-3894,,Yes,3.0
82472055-f821-4fc0-8a22-cdcbcff571cb,2024-01-01,Pending,False,235.88,NEFT,XCZUGB0K,AGT-7701,28.0,Yes,36.0
ca77d260-d0e6-4a51-b468-c55d77b01077,2024-05-21,Missed,True,394.93,Cash,VJOZGB3L,AGT-8008,21.0,Yes,26.0
27d496fe-054c-4a86-a903-701fd9f901ab,2024-09-27,Pending,False,1501.81,Credit Card,GRHSGBSG,AGT-4733,73.0,Yes,53.0
01b3ba96-f80b-4485-9212-51b644d256a3,2024-03-13,Late,False,1395.07,UPI,LEVTGBKB,AGT-7024,21.0,No,26.0
da470f3f-3208-48b9-83a4-746557ba3ff8,2024-07-16,Missed,True,467.99,NEFT,PFBMGB1D,AGT-5404,16.0,No,27.0
fedbcdf8-fb2b-46cb-9c62-8676d7dc3085,2024-01-20,Pending,False,1686.77,Credit Card,VVKUGBP2,AGT-2461,64.0,Yes,40.0
bfafa480-b111-4108-a97b-b9ddb921fb93,2025-03-10,Paid,,,Credit Card,YDETGB7P,AGT-4957,44.0,No,42.0
f19bbc77-ef62-498a-a7f9-71a7ec23b8d5,2024-02-10,Late,False,,NEFT,SKBXGBMD,AGT-9365,61.0,No,46.0
be0a5952-f442-40da-aa10-0b20b9f14337,2025-05-08,Pending,False,304.21,Credit Card,ZXKMGBPB,AGT-8163,21.0,,24.0
1c824170-cbb0-4e47-bc6e-bff4e1dcbb89,2023-09-10,Pending,False,488.21,Cash,JZVHGBH5,AGT-1932,89.0,No,36.0
745911cd-8619-4a8d-bfc1-ccbd656c3202,2023-11-01,Missed,,,NEFT,NXOWGBNR,AGT-1045,78.0,Yes,27.0
0d9ede0d-8aff-4ec3-b7ef-5240db023f52,2024-05-18,Missed,True,731.26,Cash,CKESGB00,AGT-3894,55.0,No,54.0
464958c1-a9e4-49c7-8401-3d9e6e9ee9e1,2023-10-19,Pending,False,1930.93,Cash,MTMJGBK3,AGT-4769,9.0,No,45.0
41104ac0-bec8-43f0-8a33-96573e6d6876,2025-02-12,Paid,False,663.3,UPI,,AGT-5303,36.0,Yes,18.0
3efd1386-a453-47bb-a9ac-077af86e0552,2025-01-08,Pending,False,959.6,NEFT,KHMQGBOJ,AGT-7848,71.0,No,55.0
be1f19ea-05dd-4a78-b531-8829eb6d1537,2024-05-09,Pending,False,525.62,NEFT,GOXAGBLW,AGT-7562,48.0,Yes,10.0
524b227f-aadf-4e25-8998-8bc89c49f6fc,2023-09-04,Late,False,1172.57,UPI,LEDJGBAN,AGT-9234,70.0,No,6.0
4bc31f5e-ff57-4351-96ee-4746fce76eb5,2025-05-18,Paid,False,1821.6,UPI,TGXHGBY8,AGT-3841,2.0,,
da1e8241-d023-4fd4-a5b8-df1ce326d1f2,,Missed,True,1197.66,Cash,UQFBGB4Z,AGT-9336,14.0,Yes,32.0
8ed97904-eb55-4e0c-bb31-49947841618e,2025-06-09,Pending,False,319.83,Cash,HUUFGBVD,AGT-9648,19.0,Yes,5.0
3e25c1d5-2a5f-4738-80da-3598902248e2,2024-10-20,Pending,False,1649.27,NEFT,PWQMGBFD,AGT-4486,3.0,Yes,50.0
eac3d642-49ec-448f-9902-9b908be3e465,2024-09-21,Late,False,785.47,UPI,VZJBGBPT,AGT-5737,8.0,Yes,3.0
e8e74827-712c-4aab-8616-baef0a9b9ca3,2025-04-22,Paid,False,1531.92,Credit Card,ZPPIGB06,AGT-6147,53.0,No,6.0
242747ae-48f6-4137-8c18-59d244f7a5fb,2024-01-06,Missed,True,737.36,NEFT,KIDNGB91,AGT-6461,83.0,Yes,52.0
9d8c3402-c8e4-436d-bcd0-1e76504aa441,2024-07-05,Pending,False,1189.67,UPI,BNPCGB87,AGT-5021,82.0,No,35.0
b558b982-954b-439b-a0ec-d9c2b44a1796,2024-04-12,Pending,False,1557.9,Credit Card,,AGT-0980,34.0,No,42.0
3646fb1a-be90-4a13-ad41-591b1fc08415,2024-10-12,Pending,False,935.22,Credit Card,IITWGBKM,AGT-6202,74.0,Yes,
,2025-02-26,Late,False,725.9,NEFT,ZIDPGBV6,AGT-3932,24.0,No,22.0
db4f8014-bd07-4db1-ac0b-12ec4801d8a5,2023-11-15,,False,847.98,Credit Card,NTRWGBQX,AGT-1793,68.0,No,58.0
,2024-01-30,Missed,True,932.28,UPI,OIENGBUK,AGT-2645,5.0,Yes,8.0
415cb748-6b02-4b45-9ca3-4f4a086eb283,2024-07-09,Late,False,901.63,Credit Card,UMEWGBHL,AGT-2077,51.0,No,2.0
e6bdfc3e-173c-4893-9fe7-ef78f573c72b,2024-06-14,Pending,False,485.88,Credit Card,PDDPGBKN,AGT-8489,47.0,Yes,51.0
9e9a900c-e697-48da-ba2e-c0557c16f5aa,2024-08-15,Missed,True,1734.96,Cash,OXEGGBPH,AGT-8359,39.0,,32.0
b85a5fb5-be72-4e05-bdfd-09745c56ea5b,2024-07-29,Missed,True,131.92,Cash,CRESGBYC,AGT-3167,51.0,No,34.0
abede5e9-0813-453e-a4c0-71b6bf7ec747,2023-09-08,Paid,,1254.6,NEFT,LYTHGBDW,AGT-9818,33.0,No,15.0
172b5e65-4bec-478c-bb98-7a0bb13ba4cb,2025-03-25,Pending,False,180.31,UPI,CUMDGBB9,AGT-8880,73.0,No,37.0
266e02ab-22a6-48ec-8e15-d57f86ec25b7,2024-01-26,Pending,False,1235.0,Cash,YEDAGBLI,AGT-2044,,Yes,36.0
0a779af7-e194-40ac-9b23-c3578f9a0257,2025-01-18,Paid,False,1983.76,Credit Card,KNCUGBNG,AGT-0161,86.0,No,10.0
47f6958f-bc58-4846-8c8e-176a0195e6ed,2024-02-12,Paid,False,254.53,UPI,,AGT-7387,85.0,Yes,36.0
4a38594d-81e5-4926-bff8-23ccb6ff26e9,2024-08-18,Missed,True,828.35,UPI,KHZYGB6A,AGT-2771,5.0,Yes,54.0
55c06aec-e2b0-4ce9-abed-de723a187f18,2024-12-20,Pending,False,741.91,NEFT,EQFRGBOB,AGT-4622,78.0,Yes,
0d1f2bb1-f1e1-4b78-9a47-1b4a9222e0ec,2024-11-09,Missed,True,1572.98,UPI,ANLNGBZI,AGT-5720,31.0,No,53.0
197d88f2-76b3-43b7-b424-26007e6804a6,2023-08-09,Pending,False,313.44,UPI,UFSDGBSX,AGT-1550,42.0,No,41.0
480ac493-0307-4867-8f55-3242929248e2,,,False,163.59,Credit Card,YMDEGBGQ,AGT-7218,54.0,Yes,18.0
aff1b46f-988f-4b04-8ef2-0b8a2b079c9e,2025-06-29,Missed,True,1046.96,UPI,,AGT-7854,11.0,,19.0
50bad7f6-4ec4-4f32-8edb-b85c8387f62d,2023-12-30,Pending,,477.97,UPI,MFZIGBI7,AGT-1963,51.0,Yes,58.0
70a710cb-be89-402d-8821-da6a2466a5af,2023-08-08,Missed,True,179.2,UPI,DBFAGBTK,AGT-7232,,No,20.0
8375c1db-3b88-44dc-ab0a-4354771b01e4,2024-08-19,Pending,False,279.67,Cash,GTFLGBE5,AGT-0204,52.0,Yes,44.0
7eaa44d6-1604-483c-8adf-5ec2ee840695,2024-06-05,Late,,458.24,NEFT,,AGT-5400,74.0,No,52.0
6cae35ce-7bb2-4199-9fc9-02a6d5e927f1,2025-05-31,Missed,True,1135.47,Credit Card,JPPEGB0P,AGT-2751,16.0,Yes,45.0
e5e4c61e-f98f-4a71-8422-56e5f0b535e2,2023-11-05,Missed,True,789.55,NEFT,YSSLGBQA,AGT-4436,55.0,Yes,13.0
753004dc-8aca-4e34-a55d-6b13052cd7c0,2023-08-19,Paid,False,1691.49,Credit Card,XLBAGBXI,AGT-9157,73.0,Yes,2.0
7c559016-f219-4ad0-bb0a-140b68574a56,2023-09-28,Late,False,1060.77,UPI,KGAZGB7O,AGT-8968,25.0,No,51.0
e65deb4c-d451-4b5d-b915-9c51a79d621d,2025-05-22,Late,False,1812.88,Credit Card,PBXHGB3W,AGT-1742,6.0,Yes,12.0
307b829b-c7ae-4487-889d-6af5792c0967,2025-02-10,Late,False,,Credit Card,,AGT-2535,44.0,No,28.0
3d6ba50d-51a8-468e-8550-5b7fdfff2d75,2024-07-30,Paid,False,1823.63,NEFT,CPJBGBZB,AGT-5532,18.0,No,43.0
3a70a3eb-0bdc-4a6e-9600-11e3250767d0,2025-06-17,Late,False,624.98,NEFT,HSBKGB6B,AGT-9888,23.0,No,23.0
613d6c26-8ee7-4b85-ac06-996eedbd5df3,2023-12-10,Pending,False,1315.56,UPI,JFSMGB7Y,,23.0,No,57.0
6cb33e81-9c3f-4c9f-87ba-c5cade528ad0,,Missed,True,178.14,NEFT,HAMTGBF3,AGT-1734,51.0,No,38.0
e07ecfc3-206c-491a-9273-07baa2e9cd5e,2023-08-28,Pending,False,227.17,Credit Card,,AGT-1756,31.0,No,3.0
c829e5c9-7b22-4f26-b2ae-6554630d696a,2024-08-13,Paid,False,908.29,UPI,VGAUGB29,AGT-4404,81.0,No,29.0
f63d60c5-e552-4286-a33a-5189518dc7eb,2023-08-03,Pending,False,1522.02,UPI,UIWXGBMY,AGT-8884,19.0,Yes,57.0
fa2a8dbf-6845-4365-a664-7b9078c6646a,2024-03-25,Late,False,1973.77,Credit Card,TWWNGBEL,AGT-7567,43.0,No,39.0
12244dea-06ca-4b6d-8ee5-2b54ea697251,2025-03-16,Missed,True,371.29,NEFT,AXRHGBW7,AGT-5213,1.0,Yes,26.0
b23554b3-fb4e-439d-bf7b-4d270f439acc,2023-09-11,Paid,False,725.16,Cash,YESNGBSF,AGT-5166,39.0,No,42.0
0b9e97aa-1f1e-406e-82cc-6878ac38088b,2024-12-21,Paid,,1439.62,UPI,TIAAGBIB,AGT-8165,41.0,No,26.0
26fc0d4b-e719-4910-a890-ebb726890d65,2025-03-18,Missed,,1156.87,Credit Card,CLRSGBAS,AGT-9575,20.0,No,
9f344652-35e6-4cf7-b5b0-8010e8f5ac23,2024-08-10,Late,False,,NEFT,DBDHGBRJ,AGT-9469,28.0,Yes,36.0
3eb3c407-5833-452c-93d7-532bcd7e98e2,2024-02-05,Paid,False,521.23,Credit Card,YIOLGBV9,AGT-7105,80.0,No,16.0
6e183b98-a9b7-4e9e-a647-93c55be4f4fa,2023-11-20,,False,707.85,NEFT,VTWNGBFW,AGT-4945,66.0,No,24.0
239c2a8e-4a9b-49c2-a1c7-ad977b134be7,2023-12-19,,False,964.35,,XKBZGBN3,AGT-7980,85.0,No,39.0
20ee49e3-ff82-459c-a367-e76f1302ba44,2024-10-15,Late,False,669.52,Cash,JWDPGBGD,AGT-6610,0.0,No,6.0
56448fee-996a-45e6-bc6d-8cda12e005f0,2024-09-09,Missed,True,1218.78,Cash,BEKKGB0B,,53.0,No,16.0
3c9a63d8-2615-429e-87ad-033ca30d4cf2,2025-05-02,Missed,True,1343.8,Credit Card,AGDBGB8S,AGT-7792,58.0,No,3.0
b51a5855-1eda-418b-90d2-ae8f75b63e92,2025-04-27,Paid,,1264.26,Cash,PMLMGB90,AGT-7952,81.0,No,12.0
183da132-bf55-4504-8f36-1789610477a5,,Paid,False,1558.14,Credit Card,CIWXGB4W,AGT-1977,69.0,No,2.0
93f88b01-9a1a-419c-a8c5-8a07a3ff0d3b,2024-05-07,Pending,False,1484.44,UPI,HXLNGBCS,AGT-5113,45.0,Yes,7.0
b0085644-9619-4792-8fa4-db2b1b2995b2,2023-08-21,Paid,False,306.07,Cash,ZOMKGBS2,AGT-5546,85.0,No,21.0
c82fa438-7cc4-4c7b-85e5-46ba25075f05,2024-06-14,Late,False,880.41,Credit Card,DISFGB6K,AGT-6164,9.0,No,11.0
6ba18c08-7860-4b36-8691-62812c3c7eb2,2024-02-13,Paid,False,1587.01,NEFT,SHWPGBT7,AGT-9263,15.0,No,
21276819-0d35-4a0d-92c6-6e9196be20f1,2023-07-27,Pending,False,1257.38,Credit Card,VPAGGBXP,AGT-6153,30.0,No,15.0
5f533699-e533-456c-b9f6-a0dc24077446,2024-07-29,,False,1953.74,UPI,ERLYGB4K,AGT-0207,0.0,No,47.0
81895f9b-6fb9-42ef-b886-f683d4743a21,2024-11-03,Pending,,331.33,Cash,KQMEGB3Y,AGT-8575,,Yes,31.0
43d58a4f-7ea6-47af-8836-426cf7135f62,2025-05-17,Late,False,1407.27,Credit Card,HLCSGBDH,AGT-0805,2.0,Yes,34.0
5131fe72-ad43-4238-8cfb-9ff971390e01,,Late,False,264.54,NEFT,LJBYGBPY,AGT-6630,81.0,Yes,42.0
98b15433-610f-475a-a5fc-afbb94645092,,Missed,True,499.97,Cash,SXQUGBTO,AGT-1475,22.0,,55.0
9ae1c412-2f10-41b6-9559-a7c71bc73445,2024-12-31,Pending,,1776.07,UPI,CQWYGBMT,AGT-6637,46.0,Yes,17.0
f9eb98be-6a20-4242-ac86-d912475ded31,2025-02-15,Pending,False,1772.52,NEFT,XPJDGBK7,AGT-4010,65.0,Yes,13.0
ed1e5b79-254e-4dbb-a3aa-cf6d229cd58e,2024-11-05,,False,1341.15,NEFT,HSMHGBLL,AGT-3200,43.0,Yes,18.0
cdf2f042-4195-47f9-b42e-337b60395131,2023-11-18,Paid,False,,NEFT,FABGGBUU,AGT-6068,29.0,Yes,36.0
8c508df2-4a86-4b5c-8c17-56426cd95975,2025-05-09,Pending,False,1907.18,UPI,QQRNGBM9,AGT-6877,47.0,Yes,18.0
7db7a43b-a8e7-41ac-b110-950e72ebceff,2024-10-12,Pending,False,639.46,UPI,JJMGGBBZ,AGT-6145,34.0,Yes,6.0
f3c500b8-7da5-4ac5-938e-625ef04531ad,2025-07-12,Late,False,154.91,Credit Card,PKVWGBF3,AGT-7579,5.0,Yes,24.0
800e4a2f-a838-4c62-ae0e-98a2cb745915,2024-02-24,Missed,True,1112.13,Credit Card,REHKGB7S,AGT-3207,12.0,Yes,31.0
7145f926-14b8-461d-9496-09938b5604a6,2024-11-25,Pending,False,305.6,NEFT,FZKOGBCD,AGT-1634,72.0,No,17.0
eb714f73-e901-45ae-8a59-9d0015029480,2023-11-26,Paid,False,514.3,UPI,GQDKGB54,AGT-3994,25.0,Yes,35.0
f8e450ce-04f2-4d46-8cbe-315c773b6ef8,2024-11-03,Late,False,1084.71,NEFT,COKVGB9B,AGT-6469,8.0,Yes,43.0
111d3d03-0d26-4b49-bbdd-0b9cabb99dd2,2023-10-26,Late,False,500.86,UPI,OQQEGBA9,AGT-2585,11.0,No,36.0
8b063725-b9f2-4fb7-8b44-5ac19bc33dc6,2023-12-14,Paid,False,1044.1,Cash,,AGT-5138,39.0,Yes,
a5ac61a5-40d1-41d2-8cf1-f7abb6a6d09e,2025-05-06,Paid,False,720.28,NEFT,KKIFGBHC,AGT-8177,14.0,Yes,36.0
f8ca3a79-dc1b-4579-8615-1d88923d05c9,2024-12-19,Paid,False,848.78,UPI,USSAGBKY,AGT-1197,18.0,Yes,10.0
28420adb-09d1-4abb-8f18-7e2e803b112d,2023-11-28,Pending,False,722.47,Credit Card,OPZEGBT5,AGT-0009,65.0,Yes,38.0
fffdd2ea-69ae-43d1-abae-9b74025f4011,2024-01-30,Late,False,1761.39,UPI,ZVLLGBXR,AGT-3047,15.0,No,25.0
cef53a71-36cb-423b-98dd-442df3b92b14,2024-01-10,Late,False,1628.31,NEFT,GOYGGB2P,AGT-4621,69.0,Yes,56.0
d78ecbd1-0cef-4714-b553-9a0c709ba43c,2024-06-10,Pending,False,1526.31,Cash,UYSKGBHJ,AGT-4893,12.0,No,30.0
ed401606-fe27-43a5-be17-eb589bb635a3,2024-11-07,Late,False,1554.56,UPI,QCDPGBPW,AGT-4916,19.0,Yes,
6b29f3be-0444-49ee-a08d-7d528ec94d86,2025-05-19,Paid,False,305.57,UPI,XRKMGBLN,AGT-2671,34.0,Yes,14.0
06575d5a-5f39-4a63-9193-44bdfdc24679,2024-03-18,Paid,False,1541.78,UPI,AXUEGBQY,AGT-0324,41.0,Yes,56.0
b38ddcd0-b77e-43b8-bcb2-25366bf76bb4,2023-09-18,Missed,True,1018.29,Cash,ECHVGB05,AGT-6176,75.0,Yes,29.0
57c643c2-df13-40e6-aec9-75789dac419c,,Pending,False,224.77,UPI,MPLFGBSO,AGT-1055,74.0,No,50.0
,2024-01-15,Missed,True,1784.23,Credit Card,SUDMGBAL,AGT-1341,23.0,,30.0
a5b28d22-25e5-4f8a-878e-d9bc4a5937e4,2024-06-28,Missed,True,206.78,NEFT,ZKZCGBNS,AGT-6848,41.0,No,23.0
15f2f927-5c0f-4221-8f3f-d7d576e750d9,2024-10-11,Late,False,1156.79,NEFT,SYULGBYG,AGT-8574,73.0,No,50.0
009b98fb-082f-4f5b-b558-58a73fba8c6d,2025-02-11,Pending,False,937.46,Cash,,AGT-2737,71.0,No,55.0
0b76dc58-1d49-415d-87ec-f82d805e5d8f,2023-09-18,Missed,True,1904.8,Cash,YLLZGB0J,AGT-5148,48.0,No,44.0
5f82589b-4f4e-4b77-82f3-c6d009b9f41d,2024-02-01,Pending,False,172.12,Credit Card,WPJDGBJV,AGT-6039,31.0,No,51.0
81188d23-be11-44de-a632-166076440707,2023-09-19,Missed,True,872.87,NEFT,BLYJGBZU,AGT-5431,48.0,Yes,38.0
547ad0ba-12d4-4a6f-8a3d-5712050a1343,2023-11-25,Pending,False,187.97,Credit Card,NLQSGBWR,AGT-1384,52.0,No,37.0
7269e874-de7c-4374-ac85-742dfdf1c2a8,2024-08-04,Missed,True,1869.43,Credit Card,SOFFGBT3,AGT-2035,73.0,No,1.0
0c9f237f-93bb-441a-ac05-226843d5a341,,Missed,True,781.4,NEFT,NRXDGBWT,AGT-1412,88.0,No,57.0
05f01d34-a03d-4565-8913-78fd864810fb,2023-08-30,Late,False,,UPI,JJRTGBB9,AGT-1513,2.0,No,1.0
a5ad61a9-35f4-410b-9fa9-84e6a62956a1,2025-05-25,Late,False,1938.15,,SYDKGBF2,AGT-2271,45.0,No,20.0
e205b972-d8a8-4ccd-9824-8dda3b7edcc0,2024-12-17,Pending,False,1950.53,Credit Card,SBJWGB9L,AGT-5967,68.0,No,25.0
0345b091-11b5-46db-bf60-1a010f7dadaa,2025-07-06,Missed,True,1111.55,Credit Card,OTKQGBDJ,AGT-7435,18.0,Yes,34.0
32b57c72-bb68-4591-9f3a-7c964ea7e245,2025-05-22,Paid,False,1710.77,UPI,GGSEGBSK,AGT-7898,86.0,Yes,22.0
ca56112c-e07a-48b7-8c33-ef35c3c2523e,,Pending,False,1699.7,NEFT,PCKOGBQM,AGT-1518,62.0,No,49.0
754d74f0-3e70-4be9-a0e7-c0c70fa0b6e5,2023-11-21,Paid,False,1894.79,UPI,TPFAGBU9,AGT-1660,34.0,No,59.0
55ce2073-7cb3-4ef7-baa4-70da61acde1c,2023-08-25,Paid,False,578.9,NEFT,DJXCGBMI,AGT-9496,12.0,No,11.0
,2023-09-03,Pending,False,1671.83,Cash,QLQHGBT7,AGT-6259,74.0,,19.0
ea10b212-fb0e-4c6f-a6ee-8a0a246be5d4,2023-08-01,Pending,False,119.81,UPI,DKDRGBUL,AGT-4345,37.0,No,37.0
5612435e-3ac1-4aea-862e-bbe2559400d5,2023-12-02,Pending,False,1612.88,,ZMCYGB5B,,24.0,Yes,26.0
d1174478-750d-4b70-9ce0-9f3f8509deca,2024-08-01,Paid,False,242.04,Cash,,AGT-5193,31.0,No,11.0
7bd4188c-0031-456c-bf37-7a904c82ccea,2024-09-30,,False,1272.72,Cash,SYYCGBCE,AGT-4160,2.0,No,35.0
25247055-6460-4c87-82b1-20cc8d482695,2023-09-22,Paid,False,256.89,UPI,PISPGBP0,AGT-5898,42.0,No,
1444ee0a-4e6a-4890-8374-af56c4ad0347,2024-01-12,Missed,True,1163.25,NEFT,CRZHGBNG,AGT-7642,23.0,No,51.0
d407c96f-2b6c-442d-ba30-22b5af626f5a,2023-09-06,Pending,False,1962.02,NEFT,FTSFGBBZ,AGT-6927,40.0,Yes,56.0
,2023-07-19,Late,False,,Cash,JDSAGBUR,AGT-7055,60.0,No,23.0
a7f1ed44-2540-4691-b164-801357878bbc,2024-07-25,Late,False,1648.33,Cash,XJZFGBWF,AGT-2048,35.0,Yes,43.0
f1c5f2f5-1ec5-4cf7-b62c-e01a7a8e30b2,2024-05-30,Paid,,1451.2,Credit Card,FALEGB89,AGT-5837,52.0,Yes,54.0
9006128c-2bd4-40d1-9848-d05c1fa12b51,2024-11-08,Pending,False,309.98,Credit Card,TVYMGBO6,AGT-7056,76.0,Yes,11.0
724493a8-568f-40a8-bf00-8c27708efc27,2025-07-06,Pending,False,1955.66,Credit Card,RSHIGBTZ,AGT-6564,50.0,No,21.0
314c20ed-87c5-426b-a8df-ed3cfcec35e4,2023-11-23,Paid,False,,Credit Card,ZZMZGBGT,AGT-1086,46.0,No,23.0
bc0a5e3e-4470-43c0-88a6-1a210acdd5d1,2025-01-14,Pending,False,1310.35,NEFT,DJXGGBVS,AGT-9243,25.0,No,40.0
ce281f8a-b4fa-4765-812f-6aae94b6987a,2024-01-09,Missed,True,102.84,UPI,UKQZGB5P,AGT-7371,76.0,Yes,34.0
6af30af1-f77d-41cc-aecc-058f2cc7ca2e,2025-01-14,Late,False,1610.8,NEFT,VDHNGBVW,AGT-0026,36.0,Yes,2.0
71f3d895-51ab-4b04-a4d6-c0484567deb7,,Paid,False,1136.59,Cash,OYRZGBFM,,84.0,No,6.0
4a3b7490-cb9d-4547-beb4-7d67aa4fa3eb,2024-02-04,Missed,True,1087.42,UPI,SVFDGBP5,AGT-1927,16.0,No,41.0
78017955-cc76-45b6-aefa-f83f8581abeb,,Pending,False,323.71,UPI,ZUUSGBC0,AGT-4237,86.0,No,24.0
f885a71f-189f-44a9-805d-3426800e9488,2024-12-17,Paid,False,1920.07,Cash,QSXEGB3P,AGT-4936,32.0,Yes,17.0
b9b8e9e1-23df-44ae-935c-89670df7daf2,2024-11-17,Missed,True,1000.92,NEFT,BKPPGBIL,AGT-5023,52.0,No,52.0
a5a7ad05-0cd5-4cb2-86ab-7bb9d2e5b9f9,2023-11-06,Paid,False,1528.58,Credit Card,WFFLGBIR,AGT-4190,36.0,No,55.0
074ed3a2-7471-4d76-a3b2-b558de0ce28c,2023-09-05,Pending,False,1430.17,,YTNUGBJE,AGT-1846,67.0,,45.0
6f2f0c3f-bd6e-487b-b06f-d002e94ab88c,2023-09-28,Late,False,,UPI,LSXNGBTG,AGT-2835,62.0,No,17.0
f30a8e24-03a0-4fc7-9ce9-4a91bfb99ec7,2023-09-07,Late,False,1894.14,Credit Card,GGOLGBER,AGT-3613,30.0,Yes,56.0
c5f79c4d-3541-4e37-a6d1-c5dd3635cf32,2025-05-13,Pending,False,1728.16,Credit Card,GZFPGBXU,AGT-8082,66.0,No,29.0
d0de698e-831c-4a2e-b418-7dd9d2737b53,2024-09-20,Missed,True,1268.07,UPI,LKKXGBQ1,AGT-7812,23.0,Yes,20.0
3b29bc5b-436e-40ff-9906-69e6ffc428b7,2023-12-25,Missed,True,1539.25,NEFT,PIWNGBFL,AGT-4141,73.0,Yes,19.0
5c47bd9b-e136-4c6f-bb26-b78cff01aee7,2025-01-31,Missed,True,902.18,Credit Card,TMKGGBM3,AGT-0446,36.0,No,33.0
8b1f8047-f043-42d2-8e71-a7aa6bbff488,2023-09-20,Pending,False,184.19,UPI,PXXVGB5M,AGT-0963,38.0,No,6.0
4152bcaf-0667-4076-9584-561698cc717a,2024-12-07,Pending,False,1579.21,Credit Card,LYJZGBKY,AGT-8056,37.0,No,
e401aedf-8e5f-4f81-8e97-d4a61ad96017,2023-07-27,Pending,False,477.68,Cash,TTYNGBAT,AGT-9263,39.0,Yes,20.0
80bab380-05d8-4630-832f-cfcd0ac0070f,2024-05-22,Paid,False,1236.31,NEFT,MMMCGBRV,AGT-1352,15.0,Yes,1.0
30a3aa45-8cef-40a9-8899-378ac77230b0,2023-08-17,Missed,True,422.85,Credit Card,HAOSGB98,AGT-6191,84.0,No,
8d94615b-dd84-4815-ad94-da3f36554de9,2024-09-24,Late,False,555.11,NEFT,ADBAGB5L,AGT-7521,67.0,No,35.0
d93a3b19-d4ae-465b-9c77-9861817a39e2,2024-07-02,Late,False,406.46,NEFT,GLCIGBTD,AGT-7413,83.0,No,13.0
1c373c7a-804f-4b08-9f7d-e6dabba73095,2025-01-16,Paid,False,723.66,UPI,YXVTGB5Y,AGT-8364,30.0,Yes,48.0
213e9148-a443-4863-b965-564c45c17e57,2024-01-12,Late,False,1262.25,Cash,NSLKGBQE,AGT-5102,36.0,No,34.0
1ae39704-fe3f-43be-b246-78964a174330,2025-06-25,Missed,True,1543.92,Cash,ORQDGB5D,AGT-9393,62.0,Yes,8.0
5627506f-e901-44a8-8e17-341fe81f4eaf,2024-02-07,Late,,674.61,Cash,RYPAGBL4,AGT-4802,19.0,Yes,25.0
1f5dd60c-2d39-44ed-81ee-1dc4ea29ab94,2024-07-13,Pending,False,591.78,NEFT,RBWGGBQT,AGT-2364,72.0,No,27.0
66bbdad4-0b30-443d-85b9-b4481f4269bc,2024-09-01,Late,False,1314.09,UPI,TGZQGB35,AGT-2859,0.0,Yes,35.0
e686e3bd-1cc1-424d-930b-2bb145382329,2024-12-08,Pending,False,1517.61,Credit Card,BGMWGBCI,AGT-3887,71.0,No,30.0
8d2f462c-82e2-4d9a-8238-da7308cccb11,2023-11-04,Pending,False,229.58,NEFT,LRINGBBT,AGT-8744,6.0,No,40.0
f0552d36-3f48-4c26-ae35-6a809afa5bc0,2023-10-19,Missed,True,1876.85,Credit Card,JNFUGB8D,AGT-8322,48.0,Yes,42.0
ec426eea-81fe-4702-9468-4685b1dc78df,2024-12-13,,False,154.55,UPI,MTDRGBWX,AGT-0577,75.0,Yes,3.0
e665bb97-c013-423f-a5f2-9ccd7633462e,2023-07-21,Paid,False,883.14,NEFT,HYFNGBGZ,AGT-5812,2.0,No,33.0
4759bc88-0083-469d-a2ee-6b1f2a220a52,2024-04-03,Missed,,209.59,Cash,PSEUGB4J,AGT-1512,20.0,Yes,17.0
291fcc72-0336-4054-96a6-76d8bd01f112,2024-04-30,Late,False,1348.77,NEFT,NJYDGBYT,AGT-6065,,No,52.0
,2025-01-08,Paid,False,1478.96,UPI,GAPNGBVD,AGT-1528,26.0,Yes,6.0
d9d15eaf-5205-44ce-b1c7-2ff073cc6318,2024-05-15,Pending,False,986.16,NEFT,,AGT-0344,58.0,Yes,58.0
7a8a105f-4ae9-4ca6-b894-ff74c016c8eb,2023-11-22,Paid,False,1177.6,UPI,ETNSGBB1,AGT-9833,62.0,No,54.0
1cb6daeb-450c-4fe8-883d-cf81af381753,2024-11-19,Missed,True,1932.72,NEFT,GIITGBE8,AGT-3801,54.0,Yes,43.0
d433731e-7266-4337-aa5e-5ef1f5852cb5,2024-10-06,Pending,False,1296.38,Credit Card,WOAZGBJ6,AGT-6868,51.0,No,
fbcbc1b5-1907-4ad9-9a07-2a4c3d2a3cc9,2025-07-12,Missed,True,1894.33,Credit Card,IFPIGB58,AGT-2544,53.0,Yes,26.0
6888c3e3-7dd1-4dc3-bddf-1831f6a0f2a7,2024-03-30,Late,False,1399.49,UPI,KZDAGBF5,AGT-0896,51.0,Yes,17.0
d2a6831f-ff8d-49b2-a509-21b784d7fea7,2024-04-28,Paid,False,1567.95,NEFT,XBMKGBPJ,AGT-7974,68.0,Yes,43.0
3f125d64-cb4d-40b5-a5fe-0d71dd141a6d,2024-11-24,Paid,False,314.31,Credit Card,OAMAGB63,AGT-8401,53.0,Yes,54.0
8c479ab7-4bb0-4b9d-bcf2-10717bfd38d3,2023-10-13,Late,False,336.0,Credit Card,,AGT-1258,81.0,Yes,17.0
7e259ced-b672-4eae-be80-f97001933365,2023-08-11,Paid,False,1011.25,UPI,PZQEGBS3,AGT-0634,27.0,Yes,
5ca76ca6-5c00-4555-a6b0-5d2702ecd049,2023-10-06,Late,False,1349.15,Cash,SMIJGBYY,AGT-4782,88.0,Yes,49.0
,2024-10-23,Missed,,1585.92,NEFT,XRGNGBSF,AGT-3479,72.0,No,22.0
38a7e67c-2d58-4444-957c-d97ba73ecabc,2025-01-18,Missed,True,256.08,NEFT,KTROGBX0,AGT-8120,84.0,Yes,23.0
8b8fdd39-cea8-4d71-bb6c-0a64531b23e6,2023-07-27,Late,False,486.33,Credit Card,YJDKGBAW,AGT-5574,66.0,Yes,14.0
6f6fcb4d-437e-4037-9e04-eb261678a599,2024-11-19,Late,False,347.04,Cash,CDWIGBH7,AGT-8560,79.0,Yes,9.0
9b2ca111-4db2-468d-b4e1-4e6ae4ae64ee,2025-05-09,Late,False,327.94,UPI,SNYSGBBO,AGT-1659,0.0,No,38.0
c53d5704-5cc6-4b9d-ac7c-7847a047a51c,2025-05-05,Missed,True,,Cash,SYNBGBBJ,AGT-0149,19.0,No,14.0
47398c25-4e8d-41c6-9778-ded0d9d8e9eb,2024-06-06,Late,False,747.51,Credit Card,LZQGGBJ7,AGT-0927,11.0,Yes,41.0
faf82ff1-3478-4592-a781-c66727865606,2024-08-15,Paid,False,806.24,Credit Card,FDARGBDL,AGT-7211,4.0,Yes,29.0
28a0fe03-2340-4781-b2a1-5156fd9764fc,2024-12-20,Missed,True,1396.53,UPI,OQVWGB50,AGT-3973,22.0,Yes,51.0
dde08819-98bb-4c8d-b256-2a97fcbd4676,2024-05-24,Pending,False,238.19,Credit Card,DHJSGBPY,AGT-7261,65.0,Yes,19.0
4c944cd2-e92e-4f50-a95c-3eeb5d99aec6,2025-04-23,Paid,False,1570.49,NEFT,,AGT-8359,51.0,No,15.0
da86d0a7-8de7-4d1b-9edf-237e7557748e,2024-01-26,Pending,False,1645.82,Cash,,AGT-4526,26.0,Yes,55.0
0a6746d6-2a81-466d-8e8a-32198f221682,2023-11-06,Pending,False,787.37,UPI,JGYPGBS3,AGT-7973,24.0,Yes,12.0
d30a0cbb-0641-4c11-b53b-639fc21216ba,2025-06-22,Paid,False,1644.62,Cash,LPYDGBZ9,AGT-0690,30.0,Yes,46.0
5bb5e097-ff9d-47c9-b6a8-bdaa944fe4ea,2025-01-27,Late,False,,UPI,KBDQGBL6,AGT-2802,87.0,Yes,58.0
ea1a8c85-a566-4a1c-bbfd-399b5d818c82,2025-04-22,Pending,False,1298.09,Cash,PKEUGBS5,AGT-3576,44.0,No,53.0
f190d122-4099-45f9-a611-829ae056aa34,2024-08-19,Paid,False,1230.72,UPI,GAPOGBDO,AGT-9859,27.0,No,41.0
84d128fa-6b65-4c4a-bcc8-7febe2bd3fdb,2025-01-22,Late,False,171.67,Cash,MAUWGBQT,AGT-8899,6.0,Yes,42.0
a3f1832d-5263-4e57-a524-d937ffe1511c,2024-02-02,Missed,True,249.66,Credit Card,CKEPGBAN,,27.0,,56.0
e15cc0d2-209c-43bf-bc3d-35c4ef01850d,2025-02-22,Paid,False,595.42,UPI,WNIHGB4X,AGT-5094,13.0,Yes,40.0
cba2e0e0-6419-47c6-b973-4108cfa8d801,2024-06-02,,False,1299.88,Credit Card,COVSGBK1,AGT-8454,30.0,Yes,37.0
ce136650-a99a-41de-b901-988347f22c27,2025-01-11,Paid,False,1881.11,NEFT,MEMBGBNB,AGT-9008,54.0,Yes,14.0
ef7dd92d-e659-4363-a3cf-97a6445f66f1,2023-12-27,Late,False,700.72,UPI,RSGPGBE9,AGT-4262,79.0,Yes,7.0
a0f428d7-a0a0-422d-9cbf-21a00baa2b7a,2024-02-21,Late,False,1293.11,UPI,IJXAGBIL,AGT-3038,33.0,No,53.0
7ab59a8d-e6a6-49ae-bf6e-944b6500a116,2024-02-25,Missed,True,866.0,,,AGT-7761,4.0,Yes,56.0
99541888-9585-4ed5-b06d-9de7f8edc930,2024-07-09,Late,False,865.96,Credit Card,KVIEGBT3,AGT-6110,53.0,No,
8da65738-8c84-47c2-89fd-4509fe63e237,2023-12-23,Pending,False,1232.43,,LFKKGBGP,AGT-0363,55.0,Yes,33.0
e0c3c92c-90fe-41fa-b6c7-fe579c231686,2025-05-14,Paid,False,,UPI,KJUYGBG1,AGT-1807,31.0,No,
6bcca129-03ad-461a-a0f2-62daa307dbf0,2025-05-17,Late,False,143.36,Credit Card,WIRFGBGJ,AGT-2877,11.0,Yes,21.0
9d593db7-aa46-478b-9a19-b476df0d621f,2023-08-29,Paid,False,916.59,Cash,GPTXGBM8,AGT-1834,32.0,No,46.0
7afaa406-a1b3-4417-98ae-d64a2754abdb,2023-07-26,Missed,True,115.44,UPI,ZQRZGBEJ,AGT-6654,52.0,No,55.0
1fa18575-f6cf-4384-af55-50b0aed5e2b9,2024-12-16,,,128.19,Cash,OUAAGB3P,AGT-8020,24.0,No,44.0
e1b416a5-1464-4a85-b765-6215847f3215,2025-01-31,Missed,True,874.89,UPI,GZCGGBVR,AGT-3508,48.0,No,57.0
f2b284cd-6796-458d-8d99-54d4246b2447,2024-06-29,Late,False,230.59,NEFT,XOJZGBP5,AGT-6095,30.0,Yes,7.0
5500f884-ec12-4875-acd7-549754ff03f3,2024-11-22,Pending,False,1588.18,NEFT,IMSDGB6G,AGT-8846,69.0,Yes,46.0
78ae2c78-3bbb-4a71-9d01-6db6cd5e4b8d,2023-09-22,Paid,False,991.31,NEFT,HSRRGB4K,AGT-7409,49.0,No,39.0
5c8109ac-72a3-44ad-b4ee-4686541590cf,2024-03-12,Paid,False,1132.74,Credit Card,GVATGB4H,AGT-3537,17.0,No,45.0
,2023-11-22,Late,,516.47,NEFT,ZWTXGBZV,AGT-5906,85.0,No,54.0
02e4ae4f-f69a-4f98-b1c6-748aced0f2ca,2023-11-21,Late,False,813.19,UPI,XUVDGB7H,AGT-2801,21.0,Yes,42.0
24c10279-bee6-44f3-9e84-06ade312cea7,2025-02-05,Pending,False,1225.7,NEFT,YGIVGB2Z,AGT-6677,74.0,Yes,42.0
7f5a039a-bb16-4090-af11-166c3f678152,,Pending,False,1308.38,,,AGT-3388,6.0,Yes,25.0
86b355ae-1c97-483c-b260-98ab63077c12,2023-08-10,Pending,False,1317.27,Credit Card,INIOGBXD,AGT-2187,16.0,Yes,18.0
f67e5e4c-c31c-403f-ae7d-805c62286ee8,2023-08-31,Late,False,1857.66,Cash,JUUZGB0S,AGT-4615,38.0,No,28.0
dae6390a-f428-4aba-82eb-8e734a7673de,2023-07-24,Missed,True,280.83,Credit Card,TUDVGBGN,AGT-0940,16.0,Yes,53.0
7e1226e2-7652-4715-9cf4-a6c79cd914f2,2024-01-07,Late,False,948.86,NEFT,NGKXGBXC,AGT-4419,,No,1.0
a9c4569e-c5c7-441f-b5ff-9b6717ab6bf1,2024-03-15,Missed,True,1880.6,NEFT,UANRGBVU,AGT-1641,77.0,No,38.0
bd667341-c20f-44a9-b809-7584760ef6d8,2024-03-27,Pending,False,869.16,,CGCMGB84,AGT-4691,52.0,Yes,29.0
239b906c-8837-4d89-9976-6d9984593ade,2024-08-19,Pending,False,655.03,Credit Card,UXMPGBU8,AGT-9274,47.0,No,31.0
2dd99504-4f20-4065-9177-05d548c29394,2023-12-08,Pending,False,803.91,UPI,JRKKGBUX,AGT-5395,58.0,No,
878a00d7-3f07-4f80-a881-75b5fe744377,2023-10-09,Late,False,734.75,,CJEKGB6H,AGT-8574,11.0,No,45.0
47bf8de4-6643-4b1f-b2c8-8c2d6354a0f4,2023-09-13,Missed,True,1271.0,Cash,FNZPGB6J,AGT-5159,10.0,No,52.0
,,Late,,709.14,Cash,BWHYGBM4,AGT-9397,48.0,Yes,
b0de83f3-2389-4a0b-ba98-cde277692bf2,2023-08-08,Pending,False,620.27,Credit Card,HEQNGBNQ,AGT-8439,35.0,No,58.0
311159a6-fcac-4f34-8683-5467fe7e429b,2024-04-13,,True,144.24,Cash,DXDEGBSE,AGT-7956,84.0,Yes,13.0
3720b92a-7ec6-4e6a-9b15-6f32c521ccbe,2024-05-25,Missed,True,1253.6,Credit Card,CXWNGB0C,AGT-3843,84.0,Yes,32.0
7603d8d4-d5dc-453a-b6b7-f60d5c02d297,2024-06-25,Late,False,221.44,,,AGT-2889,76.0,No,55.0
71a25c35-4386-4c92-b4f3-d5feb75da296,2023-09-19,Paid,False,1655.89,UPI,GXZYGB1I,AGT-3238,0.0,Yes,48.0
aaa4f3df-9a25-4509-9b13-1f71d7d01352,2025-03-27,Late,False,,Cash,XWXLGB6N,AGT-1515,18.0,Yes,38.0
e2de05dd-7f58-4c78-b898-913cb94862ce,2025-06-01,Pending,False,501.02,,GYUUGBKE,AGT-8280,18.0,No,27.0
5156df57-9d17-4a83-8902-d3ed2b2ccf3e,,Paid,False,568.89,,ZKXCGB8G,AGT-3179,10.0,Yes,7.0
45afe96e-25d9-4354-93d8-f555907f334a,2025-04-06,Missed,True,510.54,UPI,TBJAGB2L,AGT-6406,85.0,No,39.0
08c68901-2b34-4ea0-99e0-ba1f30f62f36,2025-05-27,Missed,True,1575.97,Cash,ZDFEGBS3,AGT-6484,76.0,Yes,44.0
67efa607-adc1-410b-8d3f-75810f007caa,2025-01-31,Missed,True,1200.92,UPI,WPSNGBBC,AGT-9628,70.0,Yes,58.0
7ac1b3b3-5481-41da-8f16-2a78576368f2,2025-01-23,Paid,False,749.21,Credit Card,CVJYGBMN,,,,2.0
f1674de4-4958-4588-ac13-eda45208201b,2024-09-17,Pending,False,482.61,UPI,GCUJGB9J,AGT-3657,46.0,Yes,54.0
d66b1e96-6464-4ebd-8969-19bd12bb92c0,2024-05-31,Missed,True,1170.89,Credit Card,BHDOGBSK,AGT-8072,36.0,No,55.0
31e443ca-5037-4d01-b6a3-d873c99c72bc,2025-01-17,Pending,False,1047.29,Credit Card,WWQQGBIO,AGT-0881,,Yes,28.0
85d897e8-0dc7-47db-b9d3-ffc6662ba2b4,2024-05-02,Paid,False,454.78,,KQBLGBOD,AGT-2838,42.0,Yes,5.0
b6aabef9-2a2a-4d00-bc48-368b84353ab4,2024-04-30,Late,False,1207.11,NEFT,TZYFGBYL,AGT-0678,48.0,Yes,5.0
a580493d-1dae-416e-a670-95af55c24c3b,2025-07-10,Paid,,1443.54,Credit Card,,AGT-0788,37.0,No,57.0
ede8eca3-5e41-4027-a448-24af84b5acd9,2024-10-29,Pending,False,211.53,Cash,,AGT-9130,36.0,Yes,48.0
3e703cee-193a-4812-b44f-642a5e44af1c,2024-02-07,Late,False,726.05,Cash,ANTAGBAV,AGT-6977,20.0,No,11.0
a30c00f7-29ec-4ce0-94ce-b3dd719e0cc3,2025-03-20,Late,False,103.65,NEFT,JJSRGBL4,AGT-7647,43.0,Yes,42.0
9caea892-fc48-4586-9dd9-c85158e341df,,Pending,False,1980.77,Credit Card,FRLDGB31,AGT-5077,45.0,Yes,30.0
c441b5d6-74aa-4d04-98e8-e26f9638dfa5,2024-06-05,Paid,,1238.27,Credit Card,,AGT-5962,21.0,Yes,46.0
fe877921-5a97-4ee5-81a5-0d4ef1fdb02e,2024-12-11,,True,1918.67,NEFT,KEHNGBWM,AGT-8432,26.0,No,26.0
d57c3a49-1e14-45fd-b598-a97b92422ac7,2025-05-30,Missed,True,1186.9,UPI,RNULGBSI,AGT-0711,23.0,No,18.0
108e9130-84e9-4ce5-97d6-c72b2d9b0713,,Missed,True,1925.04,Credit Card,JJXBGBKM,AGT-6419,59.0,No,3.0
d0e0c7b3-eda1-43ef-94e0-7e6c4b0a8d66,2025-05-01,Late,False,230.04,Credit Card,KTJFGBOK,,24.0,No,16.0
0791d922-c5a5-4f5f-ab8f-9be966b97f3e,2025-02-24,Missed,True,1880.9,UPI,HRRBGBM9,AGT-1780,51.0,No,13.0
be8c797c-d49d-4027-bf56-beba0336f056,2024-01-07,Late,False,1175.96,UPI,BCBNGB99,AGT-7460,19.0,Yes,17.0
d6dfc422-d85a-451e-b8e3-ae47d718b5b7,2025-04-17,Late,,821.67,NEFT,UWRAGBNK,AGT-1266,70.0,No,29.0
c1d9cc6e-2b77-4e4c-bfcb-68e88982797b,2024-03-24,Late,False,1161.25,,WWCMGB5O,AGT-7367,82.0,Yes,20.0
a0581ebb-cf09-4f06-a2bf-17267ce4612b,2024-12-01,Paid,False,,Cash,ZKBYGBU5,AGT-6666,71.0,No,12.0
54458847-3dd6-471a-97ed-4355cba4f3ff,,Missed,True,640.66,Cash,CUPYGBFJ,AGT-3828,71.0,,13.0
0eda6b0e-e10f-43ad-9e72-d61ff97e6818,2024-11-07,Pending,False,157.68,UPI,HECLGBN4,AGT-8307,81.0,No,50.0
67e43aed-dfd0-49e5-ad02-ea2e8c496011,2025-07-07,Late,False,,UPI,SCQTGBJ4,AGT-6369,61.0,No,16.0
4b19417d-27ec-454a-8069-3c2199fdceb6,2023-12-26,,False,1164.63,Cash,BFDKGB3R,AGT-3350,51.0,Yes,17.0
559632cc-98ef-4eb2-b87c-f345d935d2a3,2025-06-22,Late,False,1842.17,UPI,WRSRGBDV,AGT-6667,56.0,Yes,53.0
cdab99ee-91f6-4bd8-871c-a9c5e80f6fad,2025-06-04,,False,848.0,Cash,KNBIGBV6,AGT-6712,9.0,Yes,22.0
253308bf-e754-4082-8ab7-ee992a18d231,2024-08-14,Late,False,968.83,,SNMKGBRX,AGT-5259,22.0,Yes,40.0
639d91c4-45da-4d44-9fb7-4bed9a36ae7b,,Pending,False,1878.82,Cash,VWRZGBY3,AGT-4528,62.0,Yes,39.0
0cbe5ecf-ddc4-4d66-98be-0039aaacdebb,,Pending,False,1573.05,UPI,GRLPGBZX,AGT-1238,17.0,,23.0
a0923e41-b522-4abe-8c38-d7b15c99c079,2024-10-11,Pending,False,,NEFT,AUMFGBJ8,AGT-0588,14.0,Yes,18.0
2cf3f193-9424-4089-858a-ee152bb36f1f,2025-04-17,Pending,False,1693.19,Credit Card,,AGT-3058,19.0,No,
37dc0e75-68c9-40a9-a502-f8b35854901b,2024-03-18,Paid,False,434.91,UPI,PWLCGB43,AGT-0873,88.0,Yes,41.0
777d1cd6-fc14-4c21-999f-526e5172339d,2025-04-06,,True,1196.47,UPI,OKWWGBXW,AGT-6063,47.0,No,28.0
1190336e-6691-4cdf-b7b9-a64154564bd9,2024-04-13,Pending,False,1071.07,Cash,DUOMGBOQ,AGT-2575,60.0,No,54.0
c11dd1c2-8e0d-42c8-9bab-64b1513299c5,2023-11-19,Paid,False,1687.15,UPI,RLEFGBVQ,AGT-6729,71.0,Yes,22.0
6f2ab54f-2e14-40ee-88c9-642d1a22d398,2023-08-22,Missed,True,1262.68,UPI,UACSGBSZ,,30.0,No,53.0
9776a6da-82f9-40fe-993e-1b533be952a3,2025-04-14,Pending,False,1058.19,,SQZGGBQ4,AGT-3584,25.0,Yes,41.0
780e8ca9-fb2b-4bd8-a974-bb47b83b9e39,2024-01-04,Missed,True,1110.5,NEFT,BTFLGBPI,AGT-1901,4.0,Yes,28.0
5c1151f6-12c0-48bd-8dc8-6ef5fc8de4a8,2024-03-12,Paid,False,1956.81,Credit Card,WVBBGBZX,AGT-1219,10.0,No,17.0
cee1fb95-53a8-441b-bfc5-c612e1b77294,2023-11-29,Paid,False,1563.13,Cash,LXVJGBET,AGT-6278,85.0,Yes,58.0
50c770da-2101-4e99-ad45-7396a757549f,2023-09-13,Late,False,741.92,NEFT,HPXAGBA9,AGT-0393,5.0,Yes,48.0
7fe84711-e58e-4db1-ab1c-b05022b9c939,2025-06-16,Late,False,507.58,NEFT,PLTZGBAN,AGT-4151,60.0,Yes,18.0
4b468b98-829a-4139-ad54-396f7c949110,2023-10-09,Late,False,1778.14,UPI,MNQWGBWX,AGT-5207,3.0,No,20.0
8ec107ab-5f70-47ca-b614-a72c37f2c86d,2024-06-13,Late,False,713.55,Cash,WCWQGBJJ,AGT-5670,36.0,Yes,30.0
e924512c-9801-4aeb-954d-1700b153021e,2024-01-03,Missed,True,1054.86,Cash,VGSUGBR4,AGT-6318,5.0,No,26.0
b83b9bd8-bd46-4854-b451-f0f0172fe66c,2025-01-13,Missed,True,1680.49,Cash,THBCGB8N,AGT-9558,69.0,,34.0
f5d9e3d8-c48f-4b8a-b523-fc38744f0c3c,2023-11-13,Late,False,1031.96,UPI,LFZHGBG5,AGT-5891,,No,25.0
4fd54845-c5e9-4718-9440-a6ac9f6c41d1,2025-04-23,Missed,True,1658.33,Cash,NPBMGBNX,AGT-7205,45.0,No,11.0
58e29cd9-54e1-4bf7-9a40-7c733f76d5c8,2025-02-01,Paid,False,1216.99,NEFT,UDKEGBFL,AGT-4210,79.0,,25.0
b5aa5953-c54e-4495-b2db-3314b4efecfd,2025-07-04,Missed,True,1453.18,NEFT,UVVTGB23,AGT-5790,53.0,Yes,49.0
12708e0c-5185-4c35-a853-37b2f87238b9,2024-06-29,,True,702.28,UPI,HGXWGBX1,AGT-1211,2.0,No,38.0
6a3922f1-f594-4460-ab2c-8d0a4e84bd5a,,Paid,False,463.75,,WEEJGBSF,AGT-9563,30.0,Yes,1.0
3dd30266-265d-417e-9dd6-b0bedef8569a,2024-04-18,Late,False,356.83,Cash,MLIVGB7X,AGT-9120,14.0,No,17.0
af0a89b7-16ef-49b5-b8d8-29b3374e1e3d,2024-03-06,,False,1290.35,UPI,HNBPGBLG,AGT-5787,57.0,No,19.0
7354127f-87c1-4653-bd01-ea48592c4102,2025-06-24,Late,False,523.39,Credit Card,BEPXGBDF,AGT-9171,63.0,No,38.0
93381147-c470-45d1-b5ee-32919275b04d,2024-06-08,Late,False,1833.3,UPI,EAZJGBCV,AGT-4228,10.0,,31.0
e2b944c8-8ce4-448b-8e16-d74501cfd174,2024-05-14,Pending,False,,UPI,FWJAGBXJ,AGT-0326,9.0,No,19.0
53b4a007-d6ac-4389-a57a-48b8489dab62,2023-09-10,Missed,True,145.62,Cash,TEQPGBNF,AGT-3696,56.0,No,
c4918f01-fa06-4fa9-b5b8-3e0cf81755eb,2024-12-17,Missed,True,,UPI,KAVMGBPL,AGT-1831,85.0,Yes,1.0
fc17b316-01c7-4f8a-9dfc-617cc98e79de,2024-05-16,Missed,True,719.61,NEFT,EKQQGB66,AGT-6454,76.0,Yes,47.0
,2025-05-10,Paid,False,768.74,UPI,AUQYGBM7,AGT-5554,,Yes,1.0
9eae8595-081f-4d69-8c44-861142f5726f,2024-03-03,Late,False,721.5,UPI,DUPAGBDW,AGT-7102,25.0,,50.0
,2025-02-22,Late,False,1545.59,Credit Card,HIRPGBMR,AGT-8898,69.0,Yes,27.0
7a20e2be-1e83-4e3a-b253-385240f76609,2024-11-20,Paid,False,121.18,Cash,LYRQGBLN,AGT-8417,6.0,Yes,23.0
10a4cc99-9ea1-4494-b85e-799bc498f399,2024-12-27,Pending,False,118.26,NEFT,LOSXGBXG,AGT-0870,7.0,No,52.0
5dfd9edf-f5fe-4377-b9d3-92947ae86dc6,2023-08-19,Late,False,1822.42,Cash,RUXWGBS2,AGT-5106,34.0,No,47.0
83737e95-b1db-48d5-a23b-44861dbed800,2023-10-05,Late,False,698.97,UPI,XUGGGB2S,AGT-2079,53.0,No,41.0
ff459c5e-3ad8-4b6d-bf02-43772ca11cab,2024-09-03,Late,False,727.48,Credit Card,BBQAGBOG,AGT-4474,58.0,No,52.0
4a387df8-54c6-4cb2-9d66-dfbe1bcfc2c9,,Pending,False,1294.57,NEFT,WZRHGBT1,AGT-3249,20.0,No,7.0
16051d5a-ad84-4fea-90dc-9aa09053b7ec,2024-10-24,Late,False,1234.47,Credit Card,XJJSGB2T,AGT-0288,34.0,No,37.0
8ee64127-bf93-4688-963a-a1048eebef74,2025-05-24,Pending,False,1528.15,Credit Card,GMAIGB3O,AGT-5876,11.0,No,34.0
ed93ab08-60c0-4f47-a08b-c78cc5777bdf,2025-06-29,Paid,False,1976.89,Credit Card,WTRTGBJM,AGT-3832,47.0,Yes,15.0
98145e26-461c-4784-a0d4-e008a00375f2,2025-07-03,Late,False,730.97,Cash,MZEBGBKK,,88.0,No,38.0
,2025-06-27,Pending,False,1636.54,Credit Card,ITJBGBOT,AGT-0419,39.0,Yes,52.0
fdfe1290-540d-484e-b5ed-b5e6e28517fe,2024-07-11,Missed,True,124.15,UPI,XRKTGBEO,AGT-7558,25.0,Yes,56.0
f026ddd2-e5a4-40a8-ba2e-af072c61e854,2023-07-24,Pending,,1594.51,Cash,IUUMGB7H,AGT-8029,71.0,No,52.0
9a02e927-8a01-4db0-b290-d125806bc4ba,2024-07-08,Late,False,1536.97,NEFT,GIEFGBYS,AGT-4732,10.0,Yes,9.0
e4904c80-6f85-4f54-9c7d-05fbe31d177d,,Late,False,778.94,Cash,VXVNGBNL,AGT-4498,,Yes,10.0
73682158-61f2-4cc8-8327-b48ba041afeb,2024-11-20,Pending,False,1175.75,UPI,FAMIGB6D,AGT-9170,76.0,No,26.0
9b280b2d-2b80-49f9-a367-2901b01cd4fe,2024-09-02,,False,1598.49,Credit Card,GBYSGBVG,AGT-9366,54.0,Yes,17.0
4b55a4fc-c117-4d70-9365-c4a1030c4882,,Missed,True,1776.2,UPI,JCUIGB9J,AGT-6363,68.0,No,13.0
bdff3fa3-b7f2-4b74-8810-3f08ffa5c243,2025-01-19,Missed,True,1768.47,Credit Card,RUEUGBLZ,,89.0,Yes,2.0
,2024-05-23,Pending,False,184.17,,AKJMGBLC,AGT-4572,24.0,Yes,44.0
a5bc9bb1-3de2-44af-9de8-6fbfe30cde8a,2023-10-22,Missed,True,1658.25,Credit Card,CXYDGB5E,AGT-7213,87.0,Yes,12.0
c5e4df7a-d6fc-4ba1-976b-2ca866146e76,2023-12-29,,False,1793.56,Credit Card,APFLGB1T,AGT-7877,13.0,No,57.0
a0737874-ccab-4fb7-b5a2-7f69618a1965,2023-10-07,Paid,False,954.38,Cash,LKZOGBE6,AGT-9996,17.0,No,58.0
71f7a82e-7a97-4f61-8dd1-790aab5dc022,2023-07-19,Late,False,1610.85,Credit Card,NYIAGBSZ,AGT-0272,12.0,Yes,9.0
390bb34a-d596-4e77-8f3b-83fd5f4db877,2024-04-17,Pending,False,311.12,Cash,HLYGGBZR,AGT-2939,35.0,Yes,16.0
b0e7e1f9-ca17-44c4-802a-0d1f89a6a69e,2023-10-16,Late,False,632.41,UPI,TUKMGBYP,AGT-3533,60.0,,2.0
10f4fccd-6f5f-4a07-bff6-0a9c84c2d8bb,2023-09-15,Late,False,401.48,Cash,DOBTGB73,AGT-4708,62.0,Yes,58.0
8b7223a0-fb34-486f-931e-be45bf1795d2,2023-10-19,Paid,False,337.56,UPI,ESMJGBN9,AGT-8997,2.0,No,49.0
feab47e7-f343-4f6d-9576-6f0f6a24c748,2024-03-07,,False,1569.8,NEFT,YJHJGBIK,AGT-6232,19.0,Yes,24.0
dfbb6e89-d37f-4fc2-a535-f6bca6445964,,Late,False,1326.3,Credit Card,UDMAGBOO,AGT-7757,72.0,Yes,15.0
6d19af34-1946-4dd4-9289-0fa02db6748e,2023-08-31,Pending,False,1632.76,Cash,ZLETGBLQ,AGT-3696,50.0,Yes,34.0
4d494ea2-00cd-431f-b6b4-59c7433491c4,2025-01-06,Pending,,310.16,Cash,OTRQGBPY,AGT-6268,47.0,No,51.0
7c302388-2a7b-404b-a4f4-49c5e7d17956,2023-10-27,Pending,False,311.61,Cash,YRHKGBZF,AGT-4042,7.0,No,22.0
,,Late,False,1921.34,NEFT,QEUTGBG2,AGT-6040,29.0,No,17.0
238a5b50-bed4-429d-befe-a50626111f44,2024-08-30,Pending,,660.61,NEFT,HDFYGB23,AGT-9126,89.0,Yes,34.0
,2025-01-31,Paid,False,1574.26,Credit Card,ZTISGB0V,AGT-4566,22.0,No,
f0b7f71a-0798-4fe7-b494-525abce140e0,2024-10-17,Late,False,1920.66,,KCYKGBOY,AGT-6300,43.0,Yes,12.0
26caeec1-a339-4fcf-87ea-96e03ed1c033,2024-05-10,Paid,False,1441.25,Cash,CCFEGBV5,AGT-7169,84.0,Yes,48.0
837b52fe-6572-4448-b71d-659550c65469,2023-11-22,Missed,True,359.04,Cash,YYTLGBTK,AGT-7141,9.0,Yes,36.0
c70f5b88-9e90-4764-838e-28fa05b2182c,2024-06-10,Paid,False,1071.31,Cash,,AGT-2277,21.0,No,19.0
ffaba266-ba7d-4f77-b9e1-c3df7b690080,2025-02-07,Pending,False,442.42,UPI,EKFOGBUD,AGT-4098,36.0,No,12.0
091a5165-999f-4b62-8e82-a03494669284,2025-07-05,Pending,False,1394.44,NEFT,UEMNGBHP,AGT-9878,54.0,Yes,49.0
9b4f19eb-244e-4d27-ae9b-980df796a106,2024-02-01,Late,False,,Credit Card,XRIEGB06,AGT-8597,53.0,Yes,30.0
7f9a3b19-4851-478f-9d92-580b57173fd7,2024-07-23,Pending,False,1855.52,NEFT,,AGT-8051,53.0,Yes,28.0
3cb0b5c1-07fe-4339-ab78-874348960f8a,2024-04-19,Missed,True,1056.32,Cash,OJBOGBQV,AGT-9692,14.0,Yes,40.0
b1b66474-acd3-40fd-89cd-1d662252a646,2024-10-01,Late,False,1516.13,UPI,XRALGB50,AGT-1711,12.0,Yes,54.0
e2a7b508-4e92-4703-a446-103af62246f4,2024-07-24,Late,False,1739.23,UPI,VOSLGBUP,AGT-7877,31.0,Yes,19.0
002d86f8-5f5c-4cbd-bf60-511a2ebb6a0e,,Pending,False,1167.14,Cash,AXEMGBOR,AGT-6740,65.0,No,48.0
9906a9d3-97a4-455b-845f-dcd5048b8bd2,2024-01-24,,False,1997.09,NEFT,ZEUBGBKW,AGT-6621,68.0,No,40.0
6c18e7ba-c40b-4d42-82fd-3551b1190422,2023-12-23,Late,False,1595.74,UPI,CUKGGBHU,AGT-8921,28.0,Yes,7.0
d965f6f5-6c15-47e9-8ebc-76f5fa90134a,2024-09-27,Late,False,1721.28,Cash,RRSYGB9K,AGT-4447,79.0,Yes,15.0
d7b633e8-1720-4c4e-a775-0c830f1bfc4b,2023-07-30,Late,False,,UPI,SYXTGBV9,AGT-9316,3.0,Yes,2.0
9a2e23b4-4282-4baa-9085-022510cc954a,2024-08-26,Pending,False,1547.29,Cash,GNMMGBD3,AGT-8776,37.0,No,55.0
f5d440cc-7af6-453c-abdd-a20095f8ff24,2025-03-25,Pending,False,340.33,NEFT,ZSKXGBYM,AGT-4429,,No,9.0
38bc032a-e108-474e-8539-a71244504f9b,2025-04-26,Pending,False,1329.93,Cash,QEEVGBUS,AGT-8186,41.0,Yes,20.0
92a43b80-6096-46f4-8daf-90f9c492bdd3,2025-04-22,Pending,False,1969.99,NEFT,ZALVGB3A,AGT-9963,89.0,,42.0
2a99d6be-f581-4fba-ae70-98a25b989f6b,2023-11-21,Missed,True,1120.82,Cash,FKWJGBMK,AGT-7640,60.0,Yes,25.0
479d0fa8-ce8c-4796-a393-402c47387786,2024-08-25,Pending,,261.67,Cash,EQBTGB4D,AGT-8189,69.0,No,40.0
4badedc5-442e-4e5b-b2ce-27aed236266a,2023-09-24,Paid,False,1531.54,Cash,BLRTGB1Y,AGT-3464,0.0,No,26.0
d26e27a3-d9f1-4954-9e76-b18fbb510942,2023-11-24,Late,False,1122.31,Credit Card,DBRWGBF6,AGT-0779,10.0,Yes,24.0
6cbab1a5-7b2f-4e3c-a879-45abd03e740a,2025-02-26,Pending,False,782.75,NEFT,KYWUGBX4,AGT-0898,41.0,No,50.0
11633d43-6d96-4133-8a60-1198b3b0a6f8,2024-10-13,Pending,False,843.22,UPI,FTCMGBJ9,AGT-1887,74.0,No,23.0
3046eda9-a483-47a1-82fe-3da4ea88dbb3,2024-02-10,Pending,False,1249.33,Credit Card,HLEGGBE5,AGT-6025,70.0,Yes,16.0
4bc13268-7d25-49c0-8fe7-e86d18404020,2024-10-03,Missed,True,1146.82,UPI,LDSXGB1M,AGT-8260,70.0,No,53.0
b155b90f-4f29-4f7f-a265-01855e1aa540,2024-12-06,Paid,False,1698.88,UPI,,AGT-1354,0.0,,20.0
4ccce589-378f-44ab-82a8-7208d48cd850,2025-01-16,Paid,False,,NEFT,NQRFGBKM,AGT-8057,45.0,Yes,44.0
f2c86a54-61b7-41fa-881f-08981343835a,2024-05-14,Pending,False,,NEFT,NJGUGBYQ,AGT-6081,62.0,No,44.0
964d5194-388e-4936-904e-5371521f9baa,2023-09-26,Late,False,1734.85,NEFT,CPLPGB69,,81.0,Yes,26.0
4603821c-f6d6-45e2-a245-c3ca1af2db89,,Late,False,438.98,Credit Card,MITQGBOV,AGT-3263,68.0,No,1.0
1bef6f51-f6b3-4434-aca0-51437f453f5c,2023-11-13,Paid,False,1880.36,NEFT,KFJNGBH5,AGT-7647,62.0,Yes,27.0
676e86a9-abab-46a2-a459-389acae8d895,2024-04-16,Paid,False,650.57,NEFT,QEBZGBCY,AGT-0520,52.0,No,33.0
410647a5-f119-430e-93a4-b4fe18145958,2024-10-19,Late,False,1152.02,Credit Card,XLIKGB3P,AGT-1966,21.0,No,18.0
cc7cfac9-5c23-45d2-aa3a-194aa58cd13c,2025-07-10,Paid,False,562.82,Credit Card,RTNVGBBU,AGT-2640,49.0,Yes,5.0
8142130d-6f95-42f9-9265-55ccde7a815b,2025-06-05,Pending,False,613.22,Credit Card,LGPKGBJI,AGT-3277,68.0,No,4.0
6fe05270-208d-452d-a96e-99e0922e36d9,2025-01-30,Late,False,1792.8,Cash,IEGAGBNE,AGT-1353,43.0,,37.0
7359a08a-b619-4c24-890a-55b3d71a7660,2024-07-10,Paid,False,899.31,,DQCBGB43,AGT-4584,58.0,No,56.0
40bb7876-62b7-4f80-80ad-acb515605519,2024-04-15,Paid,False,793.31,NEFT,VTKVGBBB,AGT-2661,72.0,Yes,
6c4ab776-2300-45a7-98f5-b4d61d989413,2024-10-25,Late,False,,Cash,JJODGB39,AGT-6226,29.0,No,9.0
,2024-12-04,Missed,True,,NEFT,SYXCGBBV,AGT-5509,20.0,No,
999dfea8-7251-461c-8fb2-1bc3584507cd,2023-09-04,Late,False,327.26,NEFT,YXFGGBLJ,AGT-6036,,No,41.0
05503177-1409-413a-9547-48180418c8ac,2024-09-13,Pending,,737.31,Credit Card,GWMSGBP7,AGT-0131,22.0,Yes,33.0
d46b375c-6960-4d28-9613-8aabf7dc82c5,2025-04-26,Pending,False,1691.43,UPI,QIFAGBSQ,,38.0,Yes,14.0
14f0d68a-b90f-4736-8a7c-74f07fc41a51,2024-09-14,Pending,False,214.28,UPI,ZUULGB2Y,AGT-3662,34.0,Yes,21.0
76580113-ba1e-4056-a450-0c29c1565440,2023-07-25,Pending,False,734.99,UPI,ZRANGBNH,AGT-3048,,Yes,55.0
961aec18-c833-4b11-b910-fe04d7c92f2d,2023-09-02,Missed,True,1459.9,UPI,FFKQGBGM,AGT-7562,40.0,No,52.0
81eb0b4c-af06-43a7-b0c7-f749fe32755c,2024-10-08,,False,1950.45,NEFT,LBMUGBWY,AGT-5691,18.0,Yes,22.0
ed1e9475-bdf7-4028-9699-390f3cea5e8b,2024-02-25,Late,False,1756.83,UPI,OUBNGBF2,AGT-5062,11.0,No,3.0
c150ba95-3035-43ed-92c9-d528c1f512c2,2025-04-21,Late,False,1978.29,Credit Card,ROECGB8P,AGT-7950,50.0,No,2.0
6be94b11-7835-437a-aee7-0c807188f067,2024-12-28,Missed,True,,Credit Card,KZUTGBAV,AGT-2340,59.0,Yes,44.0
24d86351-1b14-4718-aec3-9e587844b05d,2024-01-13,Late,False,1943.57,Credit Card,ZDIWGBFH,AGT-8271,88.0,Yes,48.0
bf755b44-0f61-4755-b1db-570d99870776,2025-04-28,Paid,False,1760.91,Credit Card,ZIGKGBCI,AGT-7783,38.0,Yes,7.0
6ebd6cdd-0a03-4ff1-a113-7ea279086a3c,2024-03-08,Paid,False,1094.17,Credit Card,LYURGBU0,AGT-4232,72.0,No,51.0
,2024-06-20,Pending,False,,NEFT,UXRBGB5N,AGT-9234,45.0,No,3.0
23582abd-0f3c-4862-ac1d-f44637fd081b,2024-07-18,Missed,True,1890.71,NEFT,HXSCGB8J,AGT-7871,71.0,Yes,39.0
e5a7d7c7-74c4-451d-a9e1-1864ebbe0424,2023-09-27,Missed,True,1585.72,NEFT,LACDGBAC,AGT-0901,9.0,Yes,15.0
ae63d87d-07a7-44e9-b686-d9a7a14e3ab3,2023-07-29,Missed,True,1139.81,,VZFZGBWF,AGT-4574,48.0,No,49.0
576c4b56-a7df-4ad9-beb4-4513d154abcf,2025-04-05,Pending,False,,Credit Card,CCHAGBSA,AGT-2702,80.0,No,18.0
f2d103b5-8ff0-4054-b3d2-533860bc5bcd,2023-08-18,Pending,False,1255.56,NEFT,TWRMGBWH,AGT-5259,10.0,No,50.0
8bd9c3ed-66be-4900-9040-71130ee73849,2025-02-06,Paid,False,1372.03,UPI,WFRWGBSS,AGT-2751,68.0,,23.0
e9d1d1f5-32b8-48b1-917c-96ee8df77b0c,2024-01-03,Missed,True,1838.5,Cash,TFPMGBIO,AGT-5729,,No,46.0
,2025-03-08,Paid,False,514.53,Cash,PSWIGBCM,AGT-8005,66.0,No,46.0
9dee174b-9b93-465f-9603-89a9e2e0fe68,2024-01-26,Paid,False,1279.96,NEFT,IBQYGBK8,AGT-1261,89.0,Yes,7.0
a04e6f5f-bf2e-45df-ba8c-612783f4d1c5,2025-04-27,Missed,True,,UPI,BQBJGBVL,,51.0,Yes,3.0
efb360b6-ef9a-4951-b694-625c525daeda,2024-06-06,Late,False,1851.37,Cash,BQHSGBB5,AGT-9254,28.0,No,31.0
69bd2dfe-5202-43ed-a133-a68628dbaf22,2024-12-09,Missed,True,836.46,NEFT,JVINGB2Y,AGT-0566,1.0,Yes,32.0
45b9ecd3-5e60-4c13-abd9-a282234d43a1,2024-08-26,Missed,True,217.36,NEFT,KLGDGB0H,AGT-2216,71.0,No,24.0
719a36c9-118c-4e2d-9881-8b98e618e954,2023-11-30,Missed,True,,Credit Card,BKFZGBBJ,AGT-1017,37.0,Yes,7.0
9f2e303d-a6a3-471c-bb01-385fde3dc42f,2024-07-17,Late,,854.01,Cash,IYSZGBCS,AGT-5587,67.0,Yes,12.0
488115ba-c7a8-4020-842c-900d47c6824a,,Paid,False,805.37,Cash,RMVQGBCY,AGT-5888,22.0,Yes,25.0
8fac597c-3e63-450f-b658-8b9e4dab0197,2024-12-06,Late,False,1005.16,Cash,HLJSGBPB,AGT-1446,13.0,Yes,11.0
b54c81d1-b2d7-4571-9d22-86e2087ca320,2025-04-13,Pending,False,1522.93,Credit Card,GNBSGB3N,AGT-4692,60.0,Yes,6.0
777a50d3-829c-4461-af0e-f52125d2f009,2025-02-09,Late,False,351.93,UPI,QLSJGB5Q,AGT-5269,38.0,No,24.0
bbe34525-71f0-4383-b2a4-c5c9d33999d8,2025-06-14,Pending,False,1916.36,Credit Card,ZMLZGBRE,AGT-7822,70.0,No,
,2025-05-13,Paid,False,242.91,Cash,FEQLGBQ8,AGT-5748,84.0,No,21.0
a430dea4-3dd9-4476-9596-78425dc3234c,2024-11-06,Missed,True,982.77,NEFT,HHZVGB76,AGT-3477,45.0,Yes,1.0
98738523-87ed-4e56-9869-47fa87fa7cba,2023-12-02,Missed,True,856.49,NEFT,YSHPGBR0,AGT-3600,21.0,No,28.0
60a35437-fbb9-4ac7-bb18-00da5593d282,2024-01-22,Pending,False,1022.76,UPI,HHHOGB8K,AGT-1418,16.0,No,
5e25a96c-01ca-41da-acc5-51f8264e7575,2024-02-14,Pending,False,1592.08,NEFT,BCGWGBVQ,AGT-6432,88.0,Yes,40.0
341ccc06-b802-410e-a536-db43591d84bd,2024-01-27,Late,False,144.57,NEFT,FYTBGB3D,AGT-0757,54.0,No,40.0
5e14a019-7104-4f5e-8d18-85cd6449f828,2025-01-08,Paid,False,326.0,Credit Card,HRSAGBP3,AGT-6640,31.0,No,7.0
306f4f1e-86d7-4865-a369-75d4c1cefc3a,,Pending,False,1513.58,Credit Card,,AGT-7342,40.0,No,36.0
d5b95d7b-02cd-4be7-9c56-5dbc8d69ebb3,2023-08-19,Pending,False,1119.07,Credit Card,FOXDGBSZ,AGT-8045,71.0,Yes,34.0
413cc761-1eb7-4eb3-afb7-08d07165e739,2024-08-16,Paid,False,693.44,,GHWDGBKR,AGT-1731,78.0,No,15.0
cbc8e199-9d76-43ff-9685-b8197a833d4b,2023-08-14,Pending,False,1092.97,Credit Card,JPZBGB9O,AGT-2088,47.0,Yes,6.0
39c34900-6ffd-4599-9ee0-7a055bfc74ec,2023-07-20,Late,False,610.28,Cash,PHODGBU9,AGT-4610,89.0,No,36.0
f472b8a6-0307-4573-88bd-551aca1580d3,2024-03-27,Pending,False,1958.11,Cash,UCHQGBAZ,AGT-6369,56.0,No,28.0
94579e0c-7540-4794-bdac-e03bfaf2f45f,2023-08-07,Paid,False,1522.77,UPI,EREVGBRZ,AGT-5493,57.0,No,31.0
7a1ea62e-9228-48bb-a009-4a6697c5c3c4,2025-05-18,Pending,False,1222.89,Credit Card,YYZXGBJT,AGT-3428,45.0,Yes,36.0
6cd1a5bd-e06a-458d-9729-63ebc372ac95,2024-05-24,Pending,False,1013.25,NEFT,,AGT-3465,65.0,No,
05be620f-5578-495f-b489-7a2b95b25c58,2024-02-06,Pending,False,1865.54,Credit Card,SFHDGBJ3,AGT-7156,56.0,No,4.0
ea79a6be-0c74-4a0b-9794-e843555eec17,2024-10-05,Paid,False,1469.25,,,AGT-4676,59.0,Yes,23.0
5bda31d5-01d8-44a9-a4b2-42b5d2fdc6dd,2024-02-08,Pending,False,108.2,UPI,PWCUGB2R,AGT-9923,29.0,Yes,17.0
a2b9cee3-bb39-4d12-b55d-baecdb8db5c1,2025-04-17,Paid,,1383.75,UPI,JCLGGBKS,AGT-0700,22.0,No,25.0
fa4184a4-3ee1-4f9d-b42e-0e4af0d95e9a,2024-09-09,Paid,False,1695.6,Credit Card,CTTGGB7X,AGT-7957,89.0,No,45.0
ad5dd0df-473b-43a0-9edd-f989d12e7969,2024-08-24,Missed,True,1001.56,UPI,ZWLIGBXC,AGT-8219,46.0,,36.0
b498d171-ccef-4d51-9364-562006ac2d81,2025-02-04,Pending,False,653.91,Cash,NPFFGBMA,AGT-2620,38.0,No,45.0
8560750c-9551-423a-8b6a-cc4f8be67155,2025-02-05,Paid,False,733.16,NEFT,MSWLGBIW,AGT-3220,,Yes,18.0
1ed51213-da9a-4eb8-b4be-2841178857e4,2023-07-20,Pending,False,1284.77,NEFT,EMCEGB6X,AGT-5553,81.0,No,14.0
d59ed405-297e-4043-99b4-28e7c0ca216a,2023-07-25,Pending,False,1985.39,UPI,PSTSGBWN,,48.0,No,50.0
ae84cc0c-ed97-4712-a513-ebd6ae02c8c5,,Paid,False,,UPI,RPQIGBGS,AGT-5122,2.0,Yes,3.0
3413b9e4-d91b-4929-ba4b-1eb30ee3f2f7,2025-06-23,Pending,,555.11,NEFT,IQJXGB6X,AGT-3679,21.0,Yes,24.0
50534b0c-fdb2-433a-a82e-afda0337b379,2024-07-02,Pending,False,1912.83,Credit Card,DZAKGBWC,AGT-0457,86.0,No,54.0
c8ba83a9-d17e-44b4-bf8b-3ea22fedb1be,2023-07-27,Missed,True,892.35,Credit Card,TLAEGBEO,AGT-1714,81.0,Yes,21.0
6f46a5ec-2f9f-454f-80cc-076d757b7763,2023-12-12,Paid,False,1661.34,NEFT,VHPKGBN4,AGT-3876,15.0,No,15.0
aa42d54d-8ae6-4a05-bde6-ac6dd93fcf24,,Pending,False,1358.5,Cash,PIYTGBXZ,AGT-7284,76.0,Yes,58.0
b63db4b9-af61-4d96-896e-db98436ad921,2024-06-29,Pending,False,503.26,UPI,EQOFGBCU,AGT-2776,39.0,No,59.0
8a0f91ee-4580-4ce1-beac-a0aa64993732,2025-02-19,Paid,False,653.48,UPI,ZUKZGBYE,AGT-4953,26.0,No,30.0
21463f73-1aa3-4a65-9f3e-caff28ceee57,2024-04-13,Late,False,1492.13,UPI,FVISGBCZ,,,No,33.0
0d35e517-95eb-48ba-8465-455d9b049ece,2023-08-27,Late,False,1643.83,UPI,XYMCGBXV,AGT-8788,40.0,No,6.0
e0bd6305-cc44-4dbf-930e-a156783a896c,2023-11-28,Pending,False,202.25,Cash,SZEQGBTM,AGT-0276,28.0,No,53.0
0ef08400-94ee-457b-9918-7b6a29ac63ed,2024-03-27,,False,254.29,Cash,,AGT-9098,11.0,No,
1c30922f-0b41-4093-aaea-471ca8c7fa3a,2024-11-25,Missed,True,852.7,,TIFEGB4B,AGT-7721,32.0,No,51.0
53f203f0-cffc-4957-bfa2-5e55d3e6d3f5,2024-01-29,Pending,False,666.11,Credit Card,EYZJGBI8,AGT-9821,82.0,No,37.0
c9d8097d-4ed5-460b-8501-e672c97e8a3c,2024-06-04,Paid,,1234.39,Cash,JEQPGBM8,AGT-8088,82.0,No,49.0
,2025-04-23,Pending,False,1173.9,UPI,JNFYGB74,,20.0,Yes,16.0
081dca04-4814-4033-956b-663ff2b2d061,2025-07-05,Paid,False,411.4,Credit Card,ZXCAGBNP,AGT-6949,66.0,No,1.0
2d613e54-bd29-4e74-9123-753799ae0d7d,2025-04-28,Late,False,1231.08,UPI,TTEUGBYQ,AGT-7871,57.0,No,24.0
8198cdfa-1137-4907-865a-5760161d37b7,2025-01-07,Late,False,1084.03,NEFT,LEJTGB6A,AGT-0100,24.0,Yes,8.0
6256477f-3881-4fec-bc8f-7ad2bfa34232,2025-04-09,Paid,False,1152.82,Cash,,AGT-2057,52.0,Yes,17.0
531f654d-bf13-427d-b06d-764154cb3e79,2023-09-17,Paid,False,1205.01,Cash,GWMEGBSW,AGT-0727,36.0,No,47.0
a429f38b-0ae6-46a7-878c-f3366c43115e,2024-01-16,Missed,True,1863.77,Cash,IHQSGB9S,AGT-8050,5.0,No,12.0
244338b0-a331-4a48-96c0-4059b6466809,2024-09-04,Late,False,1031.11,NEFT,SGUFGBU0,AGT-0755,50.0,Yes,56.0
7d3af883-1243-4b37-8e5e-c5604e0bd5f6,2024-04-04,Missed,True,1297.79,UPI,LAERGB8E,AGT-3386,69.0,No,32.0
13a368d9-6120-4d2c-ab68-11ebb0375b38,2023-12-24,Late,False,1809.5,UPI,HUTSGB0O,AGT-9345,57.0,No,58.0
e352030f-e2c5-4fa1-b33c-b47477dfa166,2023-11-10,Paid,False,1267.15,Credit Card,SOUIGBVY,AGT-4939,37.0,,39.0
12a74c66-85aa-4531-8fd3-4ba2b83f371e,2023-07-23,Paid,False,270.75,Credit Card,,AGT-6380,4.0,No,49.0
3322bd01-bdd8-4a22-b39d-da728b6202f6,2024-11-27,,False,318.61,,LZTQGB6S,AGT-8605,89.0,Yes,
c51518c0-970a-4b50-99e4-a0aab4f27ee4,2024-12-30,Missed,True,856.74,Credit Card,EFZQGBYC,AGT-1847,,No,55.0
89fe27b6-58e6-40c3-a702-001559530dbc,2024-01-13,Missed,True,1813.75,Credit Card,DHTAGBFQ,AGT-9700,20.0,Yes,17.0
2563f906-b938-472b-9327-fb6045640f9f,2024-05-20,Paid,False,869.31,Credit Card,VZCGGBVO,AGT-3942,20.0,No,28.0
98911705-0039-4a51-8869-2eaedbbd8c64,2024-04-23,,False,1937.96,UPI,EIELGBKU,AGT-4194,76.0,Yes,32.0
bdda2524-80d6-4867-9abd-ffbe35725817,2025-01-23,Missed,True,1315.93,NEFT,QFOPGB3D,AGT-0905,16.0,,57.0
137aade0-64e6-4332-9445-1f7e8fe35038,2023-08-05,Missed,True,1149.59,Credit Card,NGBSGBOY,AGT-0082,60.0,No,47.0
4496ea6f-eda5-4580-ae94-b8c64b9b72c2,2024-11-08,Paid,False,987.88,Cash,JZGZGBN3,AGT-4210,3.0,Yes,27.0
5a008fe1-4103-402b-990a-589fa18f52a4,,Paid,False,,Cash,PPTOGBS8,AGT-3486,7.0,No,11.0
f5a4d933-37f9-4290-b9df-97049365f8b7,2024-10-09,Late,False,895.3,Credit Card,UYZKGBLU,AGT-5077,56.0,Yes,16.0
cc75b057-ef6d-4b63-bbdc-7687dd770cb5,2025-06-20,Pending,False,1830.67,Credit Card,ULWDGBE5,AGT-0453,65.0,No,21.0
aca105d1-d3da-49da-b242-8c57bfca10ef,,Late,False,1133.31,NEFT,YGCSGBWE,AGT-6239,77.0,Yes,48.0
bd9cda09-5c96-4036-9a5c-a2e70bb4025e,2023-08-24,Pending,,789.28,NEFT,YSOPGBMG,AGT-5787,83.0,Yes,28.0
838e7c79-dd98-4410-b5e2-bd8729afc7d5,2024-03-21,Pending,,1169.36,Credit Card,NYYWGBKO,AGT-1871,33.0,No,1.0
f5a199e3-0343-4a59-b669-266b1b492690,2025-04-25,Late,False,547.85,NEFT,BNTEGBY2,AGT-4693,78.0,,10.0
019edc89-35a0-4faf-91f2-fe17e36e54a8,2024-07-06,Pending,False,265.08,UPI,AHFQGB6L,AGT-9803,86.0,Yes,46.0
db8d26c7-cfa6-4a36-8db8-254eb8301756,2024-08-26,Paid,False,519.11,UPI,IXKTGBF6,AGT-0414,26.0,No,47.0
dc56a922-ed4f-4706-a13f-128c12415ded,2023-11-09,Pending,False,201.46,Cash,GIAWGBI0,AGT-9963,58.0,No,32.0
62f4cfa0-1785-445e-bdff-fba7e9ecb706,2024-04-29,Pending,False,1581.45,NEFT,TXLPGBZK,AGT-7458,80.0,,55.0
e6738a8c-884a-4f2d-874c-5831a10e794b,2025-01-10,Paid,False,1957.84,UPI,PKFLGBPW,AGT-8978,25.0,No,57.0
827ff8ee-71b2-4f27-8bcf-28997caee1ac,2024-03-20,Missed,True,1529.87,Credit Card,,AGT-8039,87.0,Yes,4.0
cea51bf6-6b61-4e1a-9afc-536fdcdfa0b3,2025-05-17,Missed,True,,UPI,RNVNGBBC,AGT-1969,71.0,No,7.0
4aa874a3-bcd2-4fa8-84fe-015b92b6f18c,2024-06-17,Missed,True,767.08,Credit Card,IFFCGBLH,,8.0,No,27.0
982933ba-4cef-4b88-a8b2-058f1fb97b87,2025-01-01,Paid,False,1547.65,Cash,SXSHGB05,,40.0,No,6.0
,2025-03-21,Paid,False,1650.41,Credit Card,WPNBGBDG,AGT-6885,58.0,No,52.0
2d3482d9-345a-4923-a78e-e975e2f2b9ec,2024-05-10,Pending,False,1426.82,UPI,GURAGBP3,,27.0,No,35.0
,2023-11-25,Paid,False,1617.14,Cash,MNNDGBGY,AGT-6439,70.0,Yes,49.0
42d0c17c-478f-47fd-87b2-621e7cb49dd1,2025-02-25,Pending,False,1639.29,Credit Card,CHSFGBE8,AGT-5882,72.0,Yes,23.0
879a4f8a-ab1b-4ec7-bbb4-308dcd9529db,2024-02-06,Paid,False,,Cash,IUGMGB2C,AGT-5612,52.0,Yes,14.0
5efc9519-3ee7-494d-bbd8-e80388082e6c,2024-03-18,Pending,False,542.23,UPI,,AGT-0845,22.0,No,1.0
1a5de8f6-f41b-4d1c-bd30-25641f025a34,2023-09-15,Paid,False,427.49,Cash,RNOGGBIR,AGT-5876,55.0,Yes,
25b89d05-4f0a-4967-98d9-48aba73988c7,2023-09-11,Paid,False,1439.87,NEFT,JAUJGBG5,AGT-3430,13.0,,29.0
d66285cb-a74d-4a26-ac24-68bfef73c304,,Late,False,867.79,NEFT,DXHRGBRM,AGT-5186,79.0,No,7.0
2ecb538b-c824-430b-ba28-a498ca34f989,2025-03-13,Pending,False,,Cash,VBNCGBRW,AGT-7273,30.0,No,49.0
0e5ea5e3-446e-4c52-aaca-80c82b0bac6b,2024-10-21,Paid,False,368.62,Credit Card,NTIYGBXG,,28.0,Yes,3.0
0be8c490-7ed2-4278-87e3-eef7f01ad9ed,2025-05-28,Missed,True,547.68,Cash,IYORGBBY,AGT-5891,89.0,No,9.0
,2025-01-07,Paid,False,1841.3,,MTTDGBRG,AGT-5842,4.0,No,13.0
c5deb00d-c74e-4aa0-bbdf-c5ee378bf731,2024-07-25,Missed,True,1494.31,Cash,OKRTGBRA,AGT-0429,7.0,Yes,44.0
2011e75a-f4e7-474b-904e-2f6c9306fe41,2024-02-16,Late,False,396.73,Credit Card,TLHAGBRL,AGT-3235,4.0,Yes,12.0
9b030d82-35e4-4c88-b375-43320bebbb12,2023-12-27,Pending,False,726.16,Cash,ATIRGBXQ,AGT-3177,46.0,No,26.0
9fe7257e-7fba-4887-bf9d-dc44c112ad4b,2025-06-13,Late,False,,NEFT,IHOEGBK4,AGT-8551,6.0,No,1.0
4f27008b-b3ca-4912-b30c-c7222fd0b96d,2025-06-30,Pending,False,1850.85,NEFT,TWWBGBHP,AGT-9849,69.0,No,
7d1edeeb-aeff-41d6-b2b0-b46320cb9df3,,Missed,True,326.25,UPI,HVFCGBSQ,,88.0,No,43.0
a6e27165-1f97-4ba7-bccf-c11cd50a7b3d,2024-07-20,Missed,True,638.73,,WOWWGBFI,AGT-4502,63.0,Yes,27.0
d16af5e2-eba9-4344-9dad-53e322098ecd,2025-04-06,Late,False,921.83,UPI,QNBKGBQR,AGT-0102,53.0,Yes,15.0
14133a53-ad49-48fe-8f7b-801a9cc7845f,2023-10-09,Missed,True,,Cash,NJHZGB6O,AGT-2400,67.0,Yes,43.0
2bc3a677-7fb5-4194-b5fa-2eb2e62346e9,2024-04-30,Pending,,1232.53,NEFT,OHJRGBIF,AGT-7151,6.0,Yes,56.0
cb1a7787-9727-4420-b32d-cc01e2609a84,2023-08-03,Pending,False,1809.7,Credit Card,DPUNGBR3,AGT-6014,54.0,Yes,49.0
41a342dc-d0d9-4aaf-9125-30ff06d9dcef,2024-02-26,Pending,False,413.27,Credit Card,CHSGGBWO,AGT-2726,14.0,No,2.0
000f3cd8-bc81-4827-b068-e96b2f6eeea1,2024-07-29,Late,False,1326.19,UPI,NCPYGBBQ,AGT-7658,16.0,Yes,58.0
f78bd7c9-5fa5-4b50-ac4f-cf7f77909d26,2023-09-28,Paid,False,1982.28,UPI,ELROGBKC,AGT-6102,12.0,Yes,4.0
5747cb23-33f9-43cd-9929-cd0ba086a0ad,2024-01-22,Missed,True,1857.59,Cash,OPMYGBXG,AGT-0965,59.0,No,43.0
e94f845a-a23d-4f1c-816e-2533f160bb59,2025-05-01,Missed,,553.66,UPI,MELYGBNL,AGT-4444,78.0,No,1.0
8649c2da-4c68-4188-80ba-955b7010eb1c,2025-06-25,Missed,True,719.23,UPI,LBNNGBTD,AGT-9929,26.0,Yes,53.0
37654461-b585-4d62-b30a-ed21d1d1ad8b,2024-06-24,Missed,,751.59,Credit Card,KGAMGBX8,AGT-4772,34.0,Yes,54.0
37b1b771-d9d2-42ed-8c5c-1d4cad36a746,2023-11-06,Paid,False,1278.85,Cash,ITRYGBEG,AGT-3893,2.0,Yes,54.0
8c6db5a0-b656-4e35-a30c-feda49df5db3,2023-11-21,Pending,False,608.27,Credit Card,HYMGGBZF,AGT-3369,,,39.0
154a68e4-e4e9-464e-a4f7-06aecd736ed0,2025-02-08,Paid,False,141.67,,KMNRGBU4,AGT-2376,43.0,No,57.0
8dba49f1-071b-4721-b006-1e51abc3d44a,2025-06-27,Missed,True,1938.3,Cash,ZMCBGB2U,AGT-1665,45.0,,34.0
bca40981-9b5b-4986-8b05-9d745c5ed0ed,2025-01-08,Late,False,1100.5,Cash,LQNRGBVU,AGT-3352,3.0,Yes,31.0
c36a03fb-051d-4ea6-a43a-114f0f5e2d5e,2023-09-24,,False,1623.77,Cash,MNKNGBJT,AGT-1056,45.0,No,38.0
,2024-11-20,Pending,False,1764.82,Credit Card,MVCEGBVF,AGT-7883,21.0,No,1.0
57ac4c5f-6c1d-4a07-9a5a-841a0d68dbb5,2024-02-23,Paid,False,1538.61,NEFT,FRMBGBMX,AGT-8101,55.0,Yes,47.0
0b0ddb22-df62-4e69-bb4f-4e9292557e7c,2025-01-02,Missed,True,741.07,Cash,MSITGBIY,AGT-8644,68.0,Yes,39.0
,2024-03-19,Late,False,1740.03,UPI,,AGT-0556,89.0,Yes,44.0
4a1bf43f-30d9-49eb-bac4-3460dbcedb96,2024-03-19,Paid,False,991.01,UPI,PQIOGBM7,AGT-1366,36.0,No,29.0
,2024-10-07,Pending,False,817.13,NEFT,WYROGB2Q,AGT-7389,21.0,No,43.0
55342ff8-d275-4687-bc45-f14a0e3458e1,2023-08-01,Late,False,1542.78,UPI,,AGT-4802,57.0,Yes,7.0
b483ceba-2eb1-42a6-95fa-1ec367b0c34c,2025-04-03,Missed,True,523.36,UPI,AJIRGBMF,AGT-8111,,Yes,38.0
3361076b-a728-4eaa-9ac3-cc38ef2c4032,2023-08-28,Pending,False,1198.44,Cash,XLTUGBL0,AGT-6356,33.0,No,43.0
4cbac723-be76-440d-b616-c320cb381aeb,2024-03-31,Late,False,1279.09,NEFT,BJSHGBJ8,AGT-8926,6.0,Yes,
bc6465a9-6049-4742-b49e-d29747b94667,2024-03-26,Pending,False,1221.37,Credit Card,LDOWGB9I,AGT-2365,60.0,Yes,54.0
5996bc8b-1d47-4356-b11b-8a285a1b9419,2024-11-25,Pending,,948.74,Cash,TLULGBAR,AGT-9194,71.0,Yes,11.0
d40c076a-f2ed-432a-9935-c90acb8a70b2,2023-11-14,Pending,False,1263.17,Credit Card,KOZXGB44,AGT-0070,6.0,Yes,34.0
4fee27ea-d527-4e36-a2c3-d1582161f936,2025-06-29,Late,False,800.04,Credit Card,HNGHGBPO,AGT-4391,14.0,Yes,3.0
495a3017-1b0e-418a-8e44-ed31e634319b,2024-07-01,Pending,False,486.56,UPI,HQQPGBK4,AGT-2742,16.0,Yes,52.0
ba5565bf-2a6f-40e6-9c0d-556b5e339ac2,2024-08-08,Pending,False,1166.11,,SPRXGBWU,AGT-8532,10.0,No,29.0
b18f0d67-fc41-4451-a149-78d06960b2fa,2025-05-20,Missed,True,1009.61,UPI,GJPWGBGE,,59.0,No,39.0
89a923d7-7c7e-45b9-ac16-70976770a080,2024-08-24,Missed,True,1663.44,NEFT,QLFSGBQ6,AGT-9536,60.0,Yes,31.0
785e0fbc-19fd-4a01-a017-fe0585e22c3d,2024-12-30,Late,False,1918.03,Cash,HVPEGBC4,AGT-6044,84.0,No,17.0
d13d2c22-c40f-4bb6-9488-e8ff872d644d,2024-11-29,Late,False,389.13,,UWZJGBF2,AGT-7229,17.0,No,
5d2d497e-727d-44e5-9e62-cd1203a72cd5,2023-12-31,Missed,,634.88,NEFT,BXIVGB31,AGT-2881,68.0,No,47.0
ae26fd39-008c-44d7-858b-9d7c972865f0,2025-01-31,Pending,False,539.72,NEFT,WUMAGBAM,,86.0,No,43.0
6a99a758-a239-48eb-8372-dad93ee58a9f,2024-04-24,Paid,False,1082.1,Cash,FETDGB9B,AGT-1352,49.0,No,6.0
3e794370-10bf-4c62-931c-02667a4e377a,2024-06-18,Paid,False,387.13,NEFT,MARHGBK6,AGT-1448,13.0,No,22.0
0ee470c8-7f42-4fb9-9829-ca23ca70a36e,2023-08-25,Missed,True,252.54,NEFT,NFKSGBXU,AGT-1532,27.0,Yes,40.0
6b5183b2-c87e-4c1e-8f9b-b77c0e38325a,2024-09-22,Missed,True,432.61,UPI,UKYHGB17,AGT-8492,,Yes,
1880b1dc-3c28-4904-a3fc-52801c789f4a,2025-06-06,Missed,True,988.54,Cash,WLEGGBXU,AGT-5297,6.0,Yes,29.0
b69f3361-32a9-4491-9f50-cc6d76c8963e,2024-03-11,Late,False,1877.44,NEFT,AKNZGB04,AGT-7657,,Yes,20.0
eb2f06db-b13d-4b05-b1e0-08ac57f33b0a,2024-12-03,Late,False,1440.39,Cash,UHPHGBYX,AGT-2789,75.0,No,28.0
9f7b3953-9edc-4eac-bfb1-e39432e1c375,2024-06-08,Paid,False,517.4,NEFT,YKPPGBBR,AGT-5522,73.0,,43.0
f3840f0f-04a0-47c4-9bda-ad00ebb6647c,2024-06-04,Late,False,,Credit Card,HEQGGBE1,AGT-3652,,No,13.0
,2023-07-19,Pending,False,1744.79,NEFT,JPGTGBCP,AGT-6212,,No,32.0
3b4bb877-5eca-4bf0-9ccb-158c74bf4501,2023-11-24,Late,False,981.78,Credit Card,LFYNGBUA,AGT-9504,22.0,No,9.0
27a62bdc-5d47-4bd7-8a2d-1f4c3ffbafd3,2023-11-22,Late,False,1989.82,UPI,VNPZGB4L,AGT-2049,,No,58.0
820cd4a2-6534-4a25-8ddf-2203b62fa319,2025-04-26,Missed,True,288.41,Cash,DJVSGBPW,AGT-2501,48.0,Yes,39.0
225dc6f6-8e97-4797-ac72-0a93a9d8d7b6,2024-08-08,Paid,False,1618.76,Cash,STQMGBGW,AGT-5380,,No,20.0
6bdc3a00-4eaa-4f6a-9cd3-2b7f4a8a9560,2025-04-10,Missed,True,218.23,Cash,PQARGBTZ,,1.0,Yes,10.0
7e0f828c-46cc-410b-bc35-984f994ca582,2024-08-31,Late,False,1172.62,Credit Card,VPLMGBMD,AGT-0366,40.0,No,47.0
bd2009ee-fbbe-497b-9ac7-566674e29d8a,2024-11-16,Late,False,1373.52,NEFT,VEPWGBRA,AGT-3629,60.0,Yes,54.0
ab826fc6-660a-4927-bb3d-6f315fefd0ad,2024-12-09,Paid,False,,NEFT,VTXMGBQ7,AGT-4388,20.0,No,
a7b62aa4-23c1-4595-b752-36fe008c9809,2024-10-15,Paid,False,1694.16,Cash,HLPXGB5U,AGT-2364,87.0,Yes,56.0
84c9e9bd-9a1b-4b8e-aa14-e5fa08072283,2023-12-08,Missed,True,675.47,UPI,UFAUGBK3,AGT-0697,10.0,No,48.0
8513dd4c-6434-4350-94c1-f3ca07c460b1,2024-04-08,Late,False,521.01,NEFT,HSDWGBC0,AGT-4393,70.0,No,1.0
7b8d7b3d-96b8-4231-8fbe-75370ea839c7,2024-02-10,Missed,True,266.35,Credit Card,ZXWNGBVR,AGT-4266,30.0,Yes,17.0
af5ee422-bd5f-40ad-a30c-2ab9e33b154f,2023-08-17,Late,False,1169.35,Cash,YRQOGBN9,AGT-8455,,No,4.0
336f8ff2-5639-4085-8d4d-a506e21501bd,2025-02-13,Missed,True,1917.79,Cash,JZBOGBV6,AGT-2069,10.0,Yes,25.0
b35e7ac8-530a-4189-9b02-57107898da13,2023-12-31,Paid,False,,Cash,PEKSGBLV,AGT-7093,85.0,No,54.0
4f3141ed-aea0-4967-9f30-9f4cb07caad5,2023-09-17,Pending,False,1076.65,Cash,,AGT-3750,10.0,No,48.0
0c84674c-350f-4175-b97e-8a811ec41957,2023-12-20,Pending,,,Credit Card,UTPPGB5O,AGT-3176,,No,52.0
56378234-cc38-441a-8396-be502edf2220,2024-12-21,Paid,False,,NEFT,KEOKGBEW,AGT-6254,57.0,No,9.0
238d9f47-6a54-4565-b64e-3d96aa472947,,Late,False,1218.59,UPI,QWQDGBA1,AGT-7538,2.0,Yes,24.0
e18803a6-77f6-43c6-951e-5e4dc877468c,2024-10-23,,False,287.55,Cash,PNBKGBFT,AGT-4172,20.0,Yes,24.0
975844a0-58da-4d17-ab61-98ab014ba11e,2024-11-15,Missed,True,169.01,,KVQWGBR8,AGT-9339,22.0,No,12.0
e2e87b95-e07d-47bd-a64a-79dde8eaade2,2023-12-27,Late,False,928.92,UPI,MMTPGB9X,AGT-1792,61.0,Yes,38.0
fe1cebe5-b04e-406b-bb4d-09690ef52820,2023-12-27,Pending,False,483.51,NEFT,ZNPSGBEG,AGT-9655,26.0,Yes,30.0
1c34abd1-bd6a-4a58-a0d0-59b8347cf4da,2024-06-25,Pending,False,619.2,Credit Card,PSCSGB30,AGT-6591,33.0,,39.0
eba6819f-8ea4-430f-8c25-293ecd093d1c,2025-02-17,,False,1323.77,UPI,JEBNGB4D,AGT-1546,15.0,No,30.0
84821953-05f4-4d10-b83c-7ac711857ac8,2023-11-05,Paid,False,1749.68,Cash,OKPGGBA7,AGT-0111,17.0,No,28.0
,2024-02-24,Missed,,1176.82,Credit Card,XTZXGBPL,AGT-5506,72.0,,19.0
069c9f03-0291-487c-a93a-a9e1d72b7196,2024-01-22,Pending,False,1613.08,Cash,ZAHSGB9S,AGT-9790,80.0,No,9.0
931bce11-02c3-49a3-a2a6-c05ee83598f9,2024-11-07,Missed,True,1835.48,Credit Card,KVWTGBW9,AGT-1272,10.0,No,39.0
088b089d-a226-4f3a-bbe6-c9c6a19d90c6,2023-09-22,Late,False,1374.44,Cash,ZTMDGBH0,AGT-0677,25.0,No,5.0
e1d878f2-a406-4ecd-9fb8-f07394838d6c,2023-08-01,Missed,True,1551.38,NEFT,QVZFGBXK,AGT-0254,4.0,Yes,2.0
57a22b3c-f02f-478a-9576-52fce9740162,2024-05-07,Missed,True,1569.55,Cash,MHMMGBG8,AGT-9436,29.0,No,11.0
4bcafe36-6146-4bb8-b7ba-a35d6881c8ab,,Missed,True,1423.78,UPI,XFQMGB5I,AGT-4926,23.0,Yes,30.0
d0cfd93f-72ff-47d8-88ec-7e923b0b8b61,2024-09-09,Pending,False,401.49,NEFT,EJMMGB3C,AGT-9617,4.0,No,3.0
9b4c8e8d-6d41-4b6f-a787-e041f467f827,2023-10-07,Late,False,675.34,Cash,SWHRGBC5,AGT-1205,88.0,Yes,30.0
,2024-03-12,Late,False,1442.76,NEFT,KEURGB84,AGT-9179,7.0,No,20.0
3c430d8e-6f39-48a0-892a-bef7ca5751a6,2025-04-13,Missed,True,1760.35,Cash,XSSMGBI1,AGT-1702,54.0,No,41.0
e4047b91-1ea1-4734-8695-a5950fe70c3a,2025-03-01,Missed,True,983.16,NEFT,KFHGGBNU,AGT-6855,86.0,No,16.0
343ae461-1a9b-436e-87f7-4c398a222370,2024-01-30,Late,False,485.7,UPI,DIDWGBK1,AGT-8724,89.0,Yes,7.0
f938e27d-d0b1-4624-a6a5-d8588c3bd468,,Paid,False,158.03,NEFT,UQWSGBSE,AGT-1490,16.0,Yes,49.0
993ee826-c5a8-4f0b-a104-b8d71d42cb22,2024-06-11,Missed,True,457.91,Cash,CETQGBR8,AGT-3905,17.0,Yes,19.0
cf950851-0bf5-48ab-9908-f7627a6dffc2,2023-11-05,Paid,False,1585.19,Credit Card,OXXIGB8X,AGT-1575,89.0,No,40.0
bb61e394-54c4-4070-b6d7-0069246a9977,,Missed,True,322.86,Credit Card,SLAQGBWM,,,No,51.0
9f7d527c-092e-4135-a977-1740ed56169c,2025-01-31,Pending,False,101.65,Credit Card,YHTBGB6W,AGT-9800,4.0,Yes,57.0
e65c4a0c-c648-499c-afb3-a7e3b6cf0b53,2024-03-20,Missed,True,438.06,,NBPVGBP4,AGT-3722,50.0,Yes,3.0
642e0d32-70bc-463e-a1c1-9b327a2d38f1,2024-06-22,Paid,False,987.72,,PETJGBTL,AGT-7831,2.0,No,40.0
b7fc5ca1-9d01-4b71-9b71-4d867e38a5ce,2023-07-28,Late,False,873.34,NEFT,ZSHFGBMP,AGT-4904,55.0,Yes,35.0
57b93e0e-7a76-4f9b-bb30-1ab70123033e,2023-12-10,Missed,True,1487.56,Cash,RDFBGBPD,AGT-1949,22.0,No,
879eb8b7-5535-4e48-bcfb-2af7c175138f,2024-12-23,Late,False,143.17,Cash,KQVJGBPE,AGT-5289,5.0,Yes,19.0
,2024-02-12,,,,Cash,SYHOGBK5,AGT-7621,80.0,Yes,
e7aa55dd-71b8-47f0-bf64-b83dcea0ec80,,Missed,,1312.05,Credit Card,UMUIGBBW,AGT-3913,44.0,Yes,26.0
8eb50fb7-d13e-413f-9c9e-6ed206d34b8d,2024-02-18,Pending,False,350.01,NEFT,AWZMGBO7,AGT-7039,31.0,,10.0
f2c5aa22-9da2-439b-81c5-e4afd180fee5,2024-09-15,Missed,True,1539.67,NEFT,XMGOGBHU,AGT-0057,47.0,No,22.0
3975a546-bc3e-4f17-9086-bc5bdf40afcf,2025-04-15,Late,,753.02,UPI,ADBJGBAT,,46.0,No,42.0
6a2ca67d-5db9-4bb1-ad72-eb6d707e6192,,Late,False,1821.6,Cash,UMCPGBIK,AGT-0351,69.0,Yes,49.0
ad3b3858-4170-4c12-94f1-d0913da61687,2025-06-24,Missed,True,1141.82,UPI,RJECGBZY,AGT-3616,54.0,No,59.0
,2025-02-22,Late,False,1515.5,UPI,YNIFGBHB,AGT-4077,43.0,No,24.0
4db388b7-337d-4a27-94d2-de75d099b50d,,,True,1011.27,Cash,DMIYGBNB,AGT-8014,12.0,No,35.0
c11f3f24-f951-4d87-9d9d-d5dbba427a95,2025-04-24,Pending,False,1735.98,NEFT,TDDPGB6K,AGT-8263,87.0,No,
71bc21db-8bc2-48dc-9c8c-a7354159f05c,2025-07-08,Paid,False,454.98,UPI,FEGGGB99,AGT-2279,13.0,No,
1a720397-f324-4410-ab21-83a0a1ce6106,2024-12-18,Late,False,143.08,UPI,BVWRGB76,AGT-5225,75.0,Yes,
9df6fce0-45f3-4fdc-ba5b-e92d0b000e5b,2024-07-19,Late,False,955.52,Cash,EVKRGBP6,AGT-0526,77.0,No,27.0
99cc7416-e73f-4ee0-a56f-7efb892dc6f0,2023-09-06,Paid,False,1646.28,UPI,VIDDGBFM,AGT-5492,3.0,Yes,20.0
25fb2e85-3bca-4cbf-a2a9-efa5fad67df2,2023-09-03,Paid,False,210.67,NEFT,RAVYGBSO,AGT-9751,14.0,Yes,41.0
574a9b3b-57ec-41dd-876a-4ea933b9359c,2024-03-20,Pending,False,1035.48,Cash,,AGT-4882,,Yes,11.0
e24a64fd-dfaf-4a82-b8fa-a0e3ae688eb7,2025-05-02,Pending,False,1253.01,Cash,LEULGBDV,AGT-5464,41.0,Yes,36.0
937e5277-755f-4134-a240-c119f9542a9a,2023-10-30,Paid,False,275.39,UPI,XOCWGBG9,AGT-4908,2.0,No,25.0
703642f4-ee84-42c0-96f9-92762e7c7ec6,2025-03-05,Missed,True,623.52,NEFT,AOJMGB0C,AGT-6698,40.0,No,23.0
e665f01e-11cc-45e5-a9a5-358415335fbd,2023-09-27,Pending,False,1912.64,Credit Card,JDGCGBGG,AGT-7704,10.0,Yes,22.0
a9c7a236-f273-447f-8542-91b9e65fa913,2023-08-31,Missed,True,849.25,UPI,BCYPGBWB,AGT-1244,21.0,Yes,39.0
da1c6734-cbde-495d-8134-6457997fe74d,2024-08-20,Paid,,506.78,NEFT,FKIEGBCJ,AGT-4924,79.0,,48.0
b43b85c5-1e5b-4304-bbe1-7fae025de6e5,2024-06-21,Pending,False,1321.8,UPI,YKRGGBVD,AGT-1532,27.0,No,16.0
d50c3b27-1193-4303-bd48-5d58aab0583d,2024-02-15,,False,189.09,UPI,ZLNQGBNH,AGT-4223,2.0,Yes,48.0
8a53a91a-8ac8-46e4-841a-11acd71b1e9d,2023-09-09,Pending,False,567.01,NEFT,RPRXGBPJ,AGT-8684,53.0,Yes,36.0
4cbc2d86-a1c5-40bc-b82b-6080c0326bb3,2025-03-25,Missed,True,846.91,Cash,YUOMGBVO,AGT-2122,31.0,No,2.0
15dd0fa4-7f0e-446f-af9f-5c6093b82019,2024-09-17,,True,1916.91,UPI,OSTOGB02,AGT-5796,70.0,Yes,11.0
38a4a5d7-133e-4661-838e-53f3b25480f0,2025-03-09,Missed,True,866.29,NEFT,GIABGB09,AGT-4078,49.0,No,8.0
a60a2cdf-fb22-445b-aba8-b88c151de5cb,2025-02-07,Paid,False,1578.7,Credit Card,OIUPGBCS,AGT-5329,52.0,Yes,28.0
0fd53ee3-0277-4f23-9960-3fa28d8c4123,2024-11-24,Late,False,496.19,Credit Card,VARWGB9Y,AGT-1509,0.0,Yes,12.0
8bd758b3-38bf-4f3c-9d60-73f93b88a017,2024-07-18,Pending,False,528.6,Credit Card,EDKBGB7J,AGT-0837,12.0,Yes,26.0
,2024-03-23,Late,False,1561.07,UPI,FBFRGBAK,AGT-8209,0.0,,31.0
befd3e57-7807-4e53-b9ff-1f4cac458713,2024-11-03,Missed,True,118.97,NEFT,NONFGBFD,AGT-9866,77.0,Yes,
e7b5090c-4ca8-476b-990d-7b59a26571e9,2024-11-08,Paid,False,924.28,UPI,DMZCGB2C,AGT-9950,33.0,No,31.0
94d2c57f-7485-4bf3-b020-80090c297c47,2024-09-25,Missed,True,565.2,Cash,DEIKGBS8,AGT-3649,50.0,No,16.0
087f4221-6b2b-4145-9ed6-f207b7665f83,2023-12-27,Missed,True,1944.38,UPI,,AGT-8801,58.0,Yes,13.0
6a434fff-4b30-4878-9c55-169d238cd748,2025-04-25,Pending,False,1581.24,NEFT,LQJQGBJN,AGT-4055,,Yes,59.0
15e38110-2570-4b64-9bbb-4feac27c236d,2024-02-16,Missed,True,579.87,UPI,TEZWGBAY,AGT-7980,61.0,No,28.0
c75b4344-128a-4086-90d7-fd54741a6ea5,2024-09-04,Late,False,169.72,UPI,LDSBGBNZ,AGT-9230,10.0,No,42.0
6882c819-39c6-4ae7-8db6-108c2925c782,2025-06-25,Pending,False,741.01,NEFT,EXNEGBC4,AGT-5869,80.0,No,6.0
876645cf-2931-47c1-8c9a-1fb8becfa45b,2024-05-19,Late,False,600.22,UPI,ZQULGBGG,AGT-3429,62.0,Yes,28.0
653d9c0c-7f41-458f-880c-6d79b6366e1d,2023-10-05,Paid,False,621.37,NEFT,ZSOVGB7H,AGT-6390,18.0,Yes,18.0
479fde0e-469a-47f4-a28c-80c64127d148,2023-07-22,Paid,False,510.37,Credit Card,ZBCUGBWH,AGT-7884,38.0,Yes,17.0
62993c9e-e290-473a-ad70-9ac1986fe9c8,2023-11-12,Paid,False,233.14,UPI,MZWPGBTT,AGT-6270,1.0,No,48.0
539bd97f-f6c9-4989-83b4-80f7fd669f05,2025-02-26,Pending,False,,Credit Card,SYNPGB11,AGT-0980,37.0,,3.0
5c02fe4f-58ca-4866-a690-29536c5b0da8,2024-01-03,Late,False,,UPI,KOKMGB68,AGT-7849,69.0,No,2.0
e9cebee6-e69a-4f36-9e18-53d5acdc28d7,2025-03-13,Pending,False,1146.48,NEFT,RXGXGBDN,AGT-9210,1.0,No,
93feda18-6ea5-4157-a499-6aa26fe53682,2023-10-25,Late,False,703.32,Cash,GCMHGBHW,AGT-3241,33.0,No,4.0
6041aed8-a3ac-4e41-a8f7-35af3eb9b013,2023-08-03,Missed,True,856.15,UPI,KYYNGB8B,AGT-9413,89.0,Yes,49.0
8fd25abe-1e68-455f-9766-0cd1eb41cb59,,Paid,False,692.93,Cash,,AGT-8395,31.0,Yes,26.0
f2f000ef-3f02-437c-a0ef-84d3d7ff001b,2025-06-02,Late,False,1969.86,Credit Card,MIVYGBYS,AGT-9302,37.0,No,31.0
77f824f0-e418-4c65-84c1-7172941c51ff,2025-05-10,Late,False,1566.26,UPI,VFYEGBEB,AGT-0051,85.0,Yes,34.0
2fe1f54b-69e7-4af8-ab43-bfd1f484b102,2023-10-18,,False,312.52,Credit Card,DCAZGBQU,,85.0,Yes,28.0
9ef3d55d-bfcc-40ae-bd56-e0659badeff0,2025-01-23,Pending,False,1180.45,Cash,KQMBGB0Q,AGT-5695,37.0,No,54.0
45f3d0d8-adcb-4581-8f92-17389fa01420,2024-02-18,Late,False,1610.93,UPI,RBLHGB5G,AGT-2510,37.0,No,45.0
5d43108f-4117-454f-b6cc-a58b91a04352,2023-11-30,Missed,True,,UPI,,AGT-7171,1.0,Yes,46.0
a54097f2-22e7-4966-a928-0ff6bb41d67b,2023-11-16,Missed,True,1086.21,Cash,KTWEGBSQ,AGT-9629,34.0,No,49.0
0c77b4ac-1440-4ff8-8ebc-d5bdca83378c,2024-05-31,Missed,True,1676.88,Credit Card,MTJIGBTA,AGT-5067,26.0,No,27.0
e80b7237-536c-47de-86b4-0e73f8054f6d,2024-08-09,Pending,False,686.14,Credit Card,WDPOGBEE,AGT-9947,23.0,Yes,13.0
2b0a2c09-2a99-4787-934d-622eec4b39e8,2024-10-09,Paid,False,1292.62,Credit Card,ZHIIGBLS,AGT-1191,26.0,No,35.0
0acfdfc7-8138-4366-b35f-b2ce5ddb422b,2025-07-12,Late,False,1083.22,Cash,ZEGYGBR6,AGT-1463,33.0,No,8.0
54667bbb-e8a6-4547-90eb-d53da371d8fc,2024-04-07,Pending,False,1136.65,,CTKNGBQ1,AGT-0146,44.0,Yes,37.0
69977566-4413-484d-967c-c1be8c0f300b,2024-01-11,,,351.79,Credit Card,XMAZGBDO,AGT-8237,71.0,Yes,6.0
9f3ff0b8-7923-47c8-9af2-b94029685a80,2023-09-28,Pending,False,109.05,Credit Card,VXAGGBTB,AGT-2105,83.0,Yes,58.0
c7a6a508-a6c4-4029-bb97-8b6ef21906f7,2024-10-28,Paid,False,382.64,NEFT,GAGOGBBL,AGT-8616,7.0,No,16.0
4cdf6e0b-7142-497c-a1a7-673c5ed08e06,2025-03-07,Late,False,1561.48,UPI,GIAJGBLJ,AGT-1071,31.0,Yes,58.0
0f800756-ceab-4bae-9fcf-92b83c66e771,2024-04-18,Paid,,1388.45,Cash,VSQKGBTD,,,No,
9ae1aac0-018f-4351-9f61-a2789117fa47,2024-03-11,Paid,False,1366.89,Credit Card,APDYGBUL,AGT-6400,37.0,No,55.0
58565cff-160d-4495-98ab-3bc315dc59b2,2023-07-23,Late,False,786.83,Credit Card,LXFOGBYA,AGT-0172,87.0,Yes,27.0
0b06da54-5cb3-437c-9bc7-db63f4013f2c,2023-10-05,Paid,False,773.25,Credit Card,JICOGBKY,AGT-2030,55.0,Yes,25.0
9a209fb6-806e-42ee-93c4-f05fa3c72244,2024-09-29,Pending,False,1112.56,NEFT,GQOLGBM8,AGT-9714,,Yes,57.0
89b01071-9329-41c4-90c4-19bb62828d6d,2025-02-01,Late,False,,UPI,ENSSGB10,AGT-7090,23.0,No,19.0
db9f5eea-b345-479c-a794-f249deb99abb,2023-11-19,Paid,False,811.03,Cash,EJPLGBI1,AGT-5828,34.0,No,45.0
d734a294-974c-4636-bd34-0e983dd9397c,2024-01-21,Paid,False,111.7,Cash,YEXPGB3T,AGT-1910,73.0,Yes,27.0
4cdede15-21cf-4fe0-82e1-946b76a1195a,2024-02-02,Late,False,1589.36,Cash,QIFPGBT3,AGT-5924,33.0,Yes,50.0
197f1312-b521-4bdb-bce7-80a17289ee78,2024-06-26,Late,False,1155.92,Credit Card,,AGT-5020,83.0,Yes,23.0
f1cbde2d-e0b9-40b9-9c5e-91968bc4637c,,Missed,True,1336.68,NEFT,HVPHGB1Y,,57.0,No,43.0
3e2da14e-3271-400d-ad2f-85882b7bdb49,2024-04-13,Paid,False,604.49,Cash,MESCGBX2,AGT-2010,60.0,No,24.0
871ea7b6-960a-4ce8-b4da-028eb5a5e6da,,Late,False,1958.93,NEFT,AAZTGB2P,AGT-3808,79.0,Yes,23.0
1e3ed4c8-dce1-40b9-bfbc-fe501fe6c5c3,2024-07-12,Paid,,1698.2,Cash,XRMWGBTU,AGT-6325,79.0,No,26.0
55428188-a373-4f40-823d-ea84a18cece5,2024-09-14,Paid,False,913.29,NEFT,,AGT-2106,73.0,Yes,2.0
cc3fe6b1-0c29-41b2-97a7-14a7e4e7c084,2025-06-29,Paid,False,654.39,Cash,IDYXGB2V,AGT-3983,,Yes,39.0
6a2c7cdf-0519-49c6-bd35-f0c06027583c,2024-11-24,Paid,False,955.97,UPI,,AGT-2693,86.0,,13.0
36cda317-d062-42ad-bf59-ae15169adce4,2023-11-06,Missed,,821.88,NEFT,URGRGB6W,AGT-5276,35.0,No,21.0
b2d510f1-d661-4e9b-b19d-7e4b51df5417,2024-04-24,Missed,True,432.92,Cash,XSOHGBL4,AGT-0033,24.0,No,18.0
05c820fc-8078-4f89-82e1-9c7826a1c26c,2025-01-21,Paid,False,847.15,Cash,HPHLGBDU,AGT-7328,87.0,,32.0
63254662-0c3b-420c-9efc-d8560da726fb,2024-09-22,Missed,,1749.11,NEFT,QRCXGBXA,,8.0,,
276dc3c6-18f5-43f8-bc98-9c5aca379d67,2024-03-04,Missed,True,733.5,NEFT,WDIDGBVH,AGT-4614,2.0,No,13.0
5cc8d537-9a65-459e-8dd8-3421ebb2e655,2024-07-17,Paid,False,1005.03,UPI,XDDKGBYO,AGT-3203,62.0,Yes,54.0
197beeaa-22e5-4051-88f5-aeacc4cfdc59,2023-07-22,Pending,False,1072.36,NEFT,IEEAGBGA,AGT-2536,43.0,Yes,39.0
10c48fe1-2ee9-4991-b44f-600c49d90caa,2024-02-18,Late,False,1130.91,Credit Card,HEDZGB8R,AGT-8895,22.0,No,10.0
02a500a7-e0e3-4f69-8189-021264916781,2025-05-13,,False,395.45,Credit Card,HOAUGBA0,AGT-3030,42.0,No,36.0
7745bacc-a679-4254-a547-f70f9d511dfd,2023-09-19,Late,False,672.07,Credit Card,OVBBGBNT,AGT-1018,3.0,Yes,20.0
cdc0a69c-48e1-48e1-b77d-8dd9803e22f0,2024-11-02,Paid,False,,NEFT,BGYMGBY0,AGT-3832,21.0,No,58.0
b540fe99-89b7-477a-8e48-9b74e939b83a,2024-10-01,Missed,True,601.47,Credit Card,FAQFGBEZ,AGT-4831,,No,31.0
d2408c06-2550-487f-a03d-2a925d5602b9,2024-10-28,Paid,False,1949.54,UPI,KPTXGB6P,,64.0,Yes,7.0
f3950535-ad8f-4a57-8a0b-fd1e972fb409,2023-11-08,Late,,280.36,,XDXHGBRO,AGT-3312,17.0,No,59.0
f0792bb1-fc06-4884-bdd3-5206c2bb4422,2024-11-09,Late,False,1367.22,Cash,HTOZGB1X,AGT-9084,6.0,Yes,54.0
19db633e-e20e-4b02-91a1-5465cf649f9e,2025-01-10,Pending,False,757.96,Cash,XKLUGBMT,AGT-9554,37.0,Yes,38.0
43a25474-bb7d-4d95-973b-5e7523b3bab0,2024-08-12,Paid,False,467.1,Credit Card,MZJOGB75,,65.0,Yes,52.0
325f2fc1-ae0f-4cba-bc74-0da44b9e5675,2025-04-03,Missed,True,932.22,UPI,BDFMGBEW,AGT-6998,41.0,No,15.0
2934d302-8134-4d79-9ed8-ee768b4ca01b,2024-08-13,Missed,True,1616.44,NEFT,PCAQGBAM,AGT-9258,77.0,Yes,21.0
c649b1e1-6722-4a1a-b55a-fdcda93db26c,2025-03-11,Pending,False,1020.7,NEFT,ITGDGBV2,AGT-4186,73.0,No,
c5ba6469-8b3c-443b-9a2c-e0f357ac7ff3,2025-06-29,Pending,False,1730.95,Credit Card,MFLFGBS6,,25.0,Yes,53.0
3a68d725-eb99-4d01-ba57-c21efd8d5bec,2025-01-22,Late,False,1651.85,NEFT,XWPFGBYW,AGT-1405,27.0,No,50.0
649f9cf1-dc3f-4503-9a47-c70844f98be3,2024-07-05,Paid,False,1989.12,Cash,ZSPCGBP7,AGT-7398,87.0,Yes,50.0
b2a233cc-2d2f-4ce0-b397-656a255f300c,2024-04-23,Paid,False,1074.12,NEFT,WLBUGBNG,AGT-8373,40.0,Yes,29.0
ac09ab28-6fd1-4816-bc6b-ab306d05b588,2024-05-31,Pending,False,216.79,Cash,GCBYGB5K,AGT-8338,63.0,No,53.0
fa0fec5d-5a20-49c1-8c49-50dec20554d0,2023-12-30,Late,False,837.82,Cash,LMADGBKA,AGT-8224,86.0,No,54.0
ccead011-678b-4f79-84a1-2a902c5396aa,2023-12-30,Late,False,1253.87,UPI,DBGXGBHJ,AGT-8034,1.0,No,31.0
8ede13a1-21cd-425a-a3d7-750fdf529145,2024-01-24,Late,False,1705.81,,ALAPGBBE,,2.0,No,12.0
1ec20f88-401b-4211-a13b-0b75e76c1be7,2023-07-23,Missed,True,,Credit Card,,AGT-5259,44.0,No,57.0
5467641f-49e0-4398-8ac4-5c9ffa965ece,2024-01-03,Paid,False,854.92,Cash,NEEKGB8Q,AGT-7374,74.0,No,35.0
4adce7ee-aa14-464f-9786-363d7b3cadbe,2025-01-18,Late,False,321.35,NEFT,JGNZGB1V,AGT-7430,5.0,No,51.0
c226c9d4-f978-4c25-a7d9-c31b4fa9655d,2023-12-31,Late,False,165.7,NEFT,BDWJGBMX,AGT-4458,70.0,Yes,43.0
d8c5c882-21ba-4b50-b20f-70b54105ea31,2025-02-03,Missed,True,1172.31,UPI,VHBTGBSL,AGT-9455,74.0,Yes,39.0
281b74d4-4016-41ae-a053-ec7596de1876,2025-06-18,Late,False,822.47,,ZAUKGB3J,AGT-4653,3.0,Yes,41.0
,2025-07-12,Missed,True,1860.56,Cash,PKSMGB5G,AGT-8836,24.0,No,
5508c0b6-f5d3-4c63-8e21-718919b2f21c,2025-03-10,Missed,True,770.79,NEFT,CELJGB01,AGT-0194,72.0,Yes,47.0
078f60cf-e9ed-4a9a-92d5-1b3238e555a5,2025-05-02,Missed,True,1626.45,UPI,FOLBGBK7,AGT-3506,70.0,Yes,7.0
f7f0ad11-f353-43a6-a637-203570df5687,2024-08-04,Pending,False,1162.12,NEFT,EPLQGBM8,AGT-9850,77.0,No,23.0
9e410086-0189-431f-9a91-71c7672deb24,2024-07-03,Missed,True,1648.79,Cash,XMDIGB34,AGT-2967,5.0,Yes,6.0
59488264-5cdc-44a6-826b-a80fbd6dd505,2025-03-17,Paid,False,738.34,Credit Card,MMEVGBB4,AGT-8340,23.0,Yes,12.0
43463028-5860-4f90-853d-6c978ef8aaf9,2024-04-09,Pending,False,594.78,UPI,,AGT-4505,36.0,No,32.0
91d0e811-4447-41ef-9d18-db07549e4c0e,2023-11-23,Late,False,1508.31,Cash,RJURGBQE,AGT-4456,30.0,No,51.0
f5f72582-2d0d-4634-9d9e-403bab6656e5,2023-09-03,Late,False,1994.17,Credit Card,JXWAGBVD,AGT-2355,41.0,Yes,52.0
b0dec75f-cbf7-41bf-bd77-8a48bed31fe6,2025-05-29,Late,False,208.52,Credit Card,QQKQGBCA,AGT-6710,86.0,No,44.0
801110a4-fda2-45b2-9b72-356f32cd3de3,2024-06-05,Missed,True,1925.58,NEFT,AQQKGBW0,AGT-4997,45.0,Yes,21.0
,2023-10-05,Paid,False,1228.21,Credit Card,LHYRGBH3,AGT-0612,26.0,No,15.0
346e4bc1-9850-474a-9beb-db6ba97c4967,2023-11-24,Pending,False,,Credit Card,JZHLGBUD,AGT-1159,19.0,Yes,43.0
f05d4112-7e60-4935-aa47-43dc567de2f5,2025-05-14,Paid,False,1126.47,Cash,IRUVGB5R,AGT-7986,54.0,Yes,5.0
2eaf32fe-3747-4914-a138-872e4bf5e22a,2024-07-16,Pending,False,124.5,UPI,JGTYGB2O,AGT-3853,34.0,No,31.0
82ca1945-6ff9-4a18-b8f0-3ce2a41e4c6d,2024-03-05,,False,614.81,NEFT,VGAHGBO3,AGT-5616,26.0,Yes,7.0
da2f42f5-c62a-4cdc-b254-935a14c3db06,2025-05-03,,False,1921.49,UPI,HPLCGBV0,AGT-5178,69.0,No,
760e0ca8-0eb2-4dde-a344-362d1af2fef4,2025-05-30,Late,False,1454.43,UPI,RPUCGB0X,AGT-5714,58.0,No,4.0
c16aea8e-22e0-4903-bb2c-b326dbd59b31,2024-09-26,Missed,True,1741.12,NEFT,HJUWGBW8,AGT-8256,70.0,Yes,40.0
48a718d4-0600-45ef-8edf-0ae12542c961,2024-03-26,Late,False,1942.76,Credit Card,YKLFGBKE,AGT-7079,79.0,Yes,55.0
8a54b0cb-5272-4b80-8928-64b20d7ada57,2023-09-25,Late,False,1523.94,Credit Card,OGAFGBYN,AGT-2795,0.0,Yes,10.0
7a93d551-7a6f-4ed7-8d97-b96324e8a27c,,Paid,False,142.34,Cash,YUIGGBMX,AGT-5424,44.0,Yes,10.0
80a90310-9cd5-4129-a6e2-72f952e26b3f,2025-06-22,Missed,True,809.61,Credit Card,FWONGBF6,AGT-6502,78.0,Yes,14.0
c7cde3c8-401e-4937-ae18-2da5ff544ae4,2024-12-07,Paid,False,1443.56,UPI,MWRYGB68,AGT-3626,88.0,Yes,
b9d71d68-91ac-4cbb-a029-17553944ff19,2024-03-25,Pending,False,1955.31,UPI,ZRUMGBQL,AGT-3856,14.0,No,
e926d66e-87a0-4de6-942e-719b33064d5e,2023-11-24,Late,False,1825.93,UPI,WDXWGBEI,AGT-2111,,No,37.0
2536e697-8a08-41b8-a9ad-204e6245753c,2023-11-20,Pending,False,519.47,UPI,JAKLGBUF,AGT-9032,5.0,Yes,49.0
12f78e5d-0b67-4ac3-940f-3bdb191b86d6,2024-08-21,Late,False,1901.04,Credit Card,XRSOGBK6,AGT-8417,42.0,No,39.0
c88d07a7-d4ea-43ee-a1fc-9efe6dab1023,2024-06-01,Missed,True,1884.22,UPI,WXYBGB3S,AGT-8107,24.0,Yes,2.0
b9a5ce2d-9b58-4138-8f81-ecfd3ab74193,2025-07-09,Pending,False,260.65,,WHOAGBJB,AGT-6158,57.0,,20.0
c6af6fda-fc03-475a-a98a-e842c2f6e397,2024-03-10,Missed,True,1450.3,UPI,DBDUGBKZ,AGT-2316,39.0,No,23.0
790a9117-7b3c-47ab-aed9-a7c7ea6476c3,2024-01-10,Paid,False,125.59,Credit Card,OHOFGBQP,AGT-2160,41.0,No,13.0
b9fc6f6b-77a2-4162-a302-0eaf215cadd7,2024-05-18,Late,,1310.89,NEFT,RGNGGBQT,AGT-6590,62.0,No,41.0
60e3fb6d-aeab-4e64-b841-6961cd137dfc,2024-12-22,Paid,False,601.3,,AHTJGBPZ,AGT-8420,25.0,No,2.0
8e17917d-8b68-4d3f-ad35-bb9ca68afacb,2023-10-09,Missed,True,224.99,Cash,IKSYGB03,AGT-2519,1.0,No,5.0
6c59a62c-6929-4604-8599-fd16979b421b,2025-05-30,Pending,False,1125.15,Credit Card,QLIQGBEN,AGT-0363,67.0,Yes,25.0
b7aaf78f-4dcf-4ff0-a952-69518db6a732,2024-04-01,Pending,False,1100.04,Credit Card,PIJYGBR3,AGT-0995,2.0,,8.0
fefb272d-83d4-4a22-bcf9-7aab293a9707,2025-06-01,Paid,False,643.83,NEFT,GNTJGBS9,AGT-2453,44.0,No,28.0
577641a9-4261-40c4-9893-58d5a5acdb6d,2023-09-23,Late,False,875.88,UPI,YHEIGB2D,AGT-4623,30.0,No,10.0
b41bd4ea-de55-4740-a4ae-ee1fb79db7b0,2024-07-11,Missed,True,1603.01,NEFT,SUPPGBH6,AGT-8774,65.0,,47.0
dfbd765f-dfea-4244-b408-60125c0abb8b,2023-11-23,Late,False,684.85,Cash,ZZAVGB5R,AGT-3837,86.0,No,52.0
3dd97338-54b7-4469-922c-43f672d660a9,2025-06-03,Late,False,1108.02,Credit Card,UGVDGB9T,AGT-1928,79.0,No,8.0
6dd44f74-7c9a-49dc-81e3-2d1379a53b2d,2025-01-10,Pending,False,1585.47,Credit Card,LUHDGB25,,4.0,No,33.0
d15aa57c-e722-4d00-9da2-304540fb2776,2025-05-24,Paid,False,1980.83,Cash,TPZHGB1O,AGT-3371,39.0,Yes,23.0
714229af-fc33-4174-b6e7-5f314581a9b9,2024-04-05,Missed,True,1049.26,UPI,RJCXGBX1,AGT-6835,39.0,Yes,6.0
102f51bf-66d9-4bf9-b6fa-7bbd4a4745d4,2025-02-18,Late,False,,Cash,BFQJGBKX,AGT-2570,18.0,No,15.0
0549a9f6-6e37-4258-8507-de94c2b3ec41,2025-02-06,Paid,False,724.03,NEFT,AXVAGBS3,AGT-0105,34.0,,9.0
60b4606a-78cc-4f14-a35b-d0e390b9a27a,2023-08-21,Pending,False,1201.78,UPI,ALEWGBC1,,10.0,Yes,48.0
cf1b3a97-eb83-4865-bf56-9a65cb570956,2025-02-08,,False,989.33,UPI,UHGSGBCD,AGT-2322,74.0,Yes,46.0
1c17188d-fd16-4edc-b04a-bc05dda6aca7,2024-12-18,Late,False,1774.97,UPI,USWIGBKG,AGT-0183,43.0,No,17.0
ba5df91c-1445-46a0-be2d-1c02796cc5ba,2024-06-04,Pending,False,227.74,Cash,ZMIMGB38,AGT-0261,25.0,Yes,26.0
a31e4733-8daf-4284-8d7a-9993bae53f7b,2024-08-09,Pending,False,,Credit Card,EAQIGBPK,AGT-7313,61.0,No,45.0
99bdda88-4235-4fca-8bbb-416773d9068e,2023-09-22,Paid,False,821.53,Cash,AOTLGB0J,AGT-2142,79.0,Yes,26.0
,2025-05-01,Pending,False,625.33,Credit Card,NBGUGBKG,AGT-8026,11.0,Yes,21.0
2cc44c0d-3988-4686-b97a-7e3381df59a0,2023-12-03,Paid,False,1984.49,Cash,XDNLGB2C,AGT-2305,47.0,No,55.0
7f1c42af-8d45-4a58-baae-0d8582cab5dc,2024-10-16,Paid,False,343.71,UPI,QCHZGBL1,AGT-6023,45.0,Yes,13.0
d9363d63-2539-4cc4-b82a-f610e1575cce,2024-07-01,Paid,False,474.21,Cash,PLCHGBMO,AGT-0512,76.0,Yes,1.0
3e6bf63e-a784-48bf-8fe6-ce6ff651c742,2024-01-28,Late,False,769.36,NEFT,ABIIGBI7,AGT-7860,18.0,No,1.0
17312be1-7a54-401c-bce0-49e1f38d956e,2023-08-24,Late,False,1945.91,UPI,RZNHGBC6,AGT-4119,16.0,No,44.0
844efd99-bf63-483e-a6f3-c476371c167d,2025-05-06,Paid,False,144.9,Credit Card,ROYRGB87,AGT-9313,37.0,No,23.0
db356acb-fefa-412c-8d46-5199525a3e7b,2024-03-10,Missed,True,1941.35,UPI,MONLGB8Q,AGT-9754,17.0,Yes,42.0
5aa3981b-1fea-4a7d-89fc-facf89d12c1d,2024-06-19,Pending,False,143.65,Cash,CUUNGB08,AGT-4425,22.0,No,26.0
7c4f6f33-95fd-4de7-8587-489ad273701a,2023-10-09,Missed,True,1366.11,UPI,PFUFGB7K,AGT-7197,58.0,,12.0
5e60a4e5-1898-4c13-a9bf-0d45d8a87df3,2025-03-10,Pending,False,822.01,NEFT,LJAJGBDG,AGT-3182,59.0,Yes,42.0
bd2a663c-aca5-4e10-b25f-7d15824abe8b,2025-04-04,Pending,False,1940.07,Cash,WPOFGB6H,AGT-3310,88.0,Yes,2.0
2a8ca962-c676-49f6-b861-454cb48ab1b0,2025-03-02,Pending,False,783.27,Credit Card,KQDCGBX4,AGT-5092,86.0,No,32.0
ee1f8561-faf8-4a22-8cc4-802881711071,2025-05-13,Pending,False,1249.64,Cash,VGEFGBFI,AGT-3545,89.0,Yes,22.0
28a32fb2-7b24-4f29-9784-9c50ff9b147e,2024-10-01,Paid,False,,Credit Card,HNMHGBFN,AGT-0664,33.0,Yes,59.0
73aacfd6-3090-4696-8c69-bcf6ee7027ba,2024-08-20,Paid,False,487.45,NEFT,VDRCGBN9,AGT-8365,70.0,,16.0
e2374895-4fc8-49c1-9f92-853b7be935bc,2023-11-29,Missed,True,480.39,Cash,,AGT-9226,25.0,No,56.0
b29ea6d0-028c-449d-8fa5-522ab86efb74,2023-07-22,Pending,False,1331.21,NEFT,NZHKGBWC,AGT-4097,44.0,,10.0
de133bb3-1b0b-4674-9267-28c71ef4beea,2025-05-09,,False,817.46,Credit Card,BWVQGB89,AGT-0530,21.0,Yes,33.0
d0d0f255-b26c-4c77-9e88-f27364d0d905,2023-11-24,Missed,True,1863.89,UPI,KJUZGBUO,AGT-3149,73.0,No,19.0
b5a4e6d4-6f16-47ba-b5aa-0e1717faf033,2024-03-10,Pending,False,1273.56,Cash,WCPLGBXQ,AGT-3380,65.0,No,11.0
f30f5b10-bb1a-4f1b-8302-4b4331853779,2025-04-17,,False,376.91,Cash,BOVSGBS3,AGT-5440,88.0,No,41.0
e63c9654-708f-425a-83a5-a58e41b93611,2023-08-01,Paid,False,1197.73,Cash,CRILGBUS,AGT-0595,,No,36.0
60effc35-2182-4566-9bfb-bb74afbf89b3,,Late,False,456.0,,VUARGBN1,AGT-0207,47.0,No,
5e43110d-09d5-44f2-af0d-09ae2cd6d1e9,2025-03-26,,True,378.07,UPI,BQHDGBLQ,AGT-7917,38.0,No,14.0
4d6ec410-9309-48cb-b8c7-4d4065ab97dd,2023-12-02,Missed,True,1332.3,UPI,NPUHGBME,AGT-7539,39.0,No,14.0
be6f7aea-64ff-4d0b-a854-93acd3141e17,2023-09-13,Pending,False,1170.17,,KXGPGB9D,AGT-6586,88.0,,41.0
b95f52b9-a8c0-45b4-96f3-3be7c3807a54,2024-04-13,Pending,,510.65,Credit Card,HICWGB1V,AGT-1906,47.0,Yes,15.0
cfe340cf-6c2f-4274-b6fa-28efa3dcbe11,,Pending,False,444.52,Cash,XWBXGBI0,AGT-9183,35.0,Yes,38.0
,2024-07-30,Paid,False,,UPI,FGQHGBDA,AGT-8378,77.0,No,42.0
51c3d85b-f275-4d0b-8ea0-41627cd9db4e,2024-05-27,Paid,False,1640.86,Credit Card,UYPTGB3V,AGT-2322,,No,11.0
3c4d6d57-f477-4c6d-8f47-3091bbb23705,2024-05-12,Late,False,1122.61,Cash,XDOGGBCJ,AGT-3883,34.0,No,14.0
6c447151-e86a-4c53-91e3-41f6a2621b39,2024-01-28,,False,594.28,UPI,FICDGBY2,AGT-6933,76.0,No,46.0
0a427eba-ca1b-4c28-8df4-87d97c8c98c0,2024-05-25,Paid,False,1752.7,NEFT,QJSBGBJX,AGT-2773,49.0,Yes,24.0
10efcc54-bd40-4efa-9843-1e7cc29d8e4d,2025-04-11,Missed,True,757.97,Credit Card,DBMLGBFE,,27.0,No,24.0
6e58e02a-f4f1-44bc-abe7-0aad2244d04d,2023-07-28,Missed,True,544.54,NEFT,CISCGBZJ,AGT-5515,70.0,Yes,29.0
e6c599d2-e161-47f4-8bda-e38684ae191b,2024-07-31,Paid,False,359.96,Cash,LGDBGBNG,AGT-9793,37.0,No,30.0
dbdce6b5-68f6-4b21-a00e-6872fb391175,2023-08-29,Missed,True,690.63,UPI,JXWFGBPP,AGT-8602,81.0,Yes,29.0
8aa610cf-05c5-435b-aa79-bb633f7be113,2025-01-24,Missed,True,161.34,UPI,UVEFGB14,AGT-0958,58.0,Yes,48.0
31ea1c4a-8aab-48b3-96d6-e209e5d20f50,2025-04-03,Late,False,872.8,Credit Card,SCGFGB86,AGT-4072,47.0,No,30.0
4551e368-6761-4351-8d32-0e162ac53c42,2025-02-09,Missed,True,937.08,,GMKBGBA4,AGT-0858,80.0,No,45.0
5370f895-4298-4f4c-9175-dae53c08e0ef,2024-05-06,Late,False,289.59,NEFT,YJRDGBX7,AGT-9944,16.0,,57.0
caf21888-b81b-4dfe-a558-608c42dc493e,2024-09-11,Missed,True,612.93,Cash,ZOOBGBDK,AGT-9702,0.0,Yes,17.0
651f057a-1ba5-44cb-9ec8-6899e017f4f3,2024-02-03,Late,False,329.41,NEFT,SSSBGB8V,AGT-1300,10.0,No,7.0
ff2f5a92-a1f8-45e1-b263-205e171a62f2,2024-11-20,Paid,False,1685.46,UPI,FYVFGBHQ,AGT-2492,26.0,Yes,14.0
facdd3a7-fb3c-42e8-bdfd-1c3457f82481,2023-08-28,Late,False,243.51,UPI,UYFQGBZI,,4.0,No,36.0
ce373c22-8571-437a-8668-adc26c417f5c,2025-02-05,Late,False,1750.6,Cash,RWQEGBNH,AGT-1192,70.0,Yes,46.0
903ae44f-69b7-42b5-841d-dd3576f6d686,2024-12-16,Paid,False,1323.99,NEFT,RPNAGBJZ,,62.0,No,34.0
b5559c3b-9e26-4265-8dcd-fd14d1dd566b,2025-02-16,Pending,False,1171.35,NEFT,HFRAGBJ4,AGT-7337,38.0,No,40.0
5be7e96d-8664-4cbb-9ffc-42e0269b5327,2024-11-17,Pending,False,807.63,NEFT,IRBAGBXT,AGT-1130,5.0,Yes,3.0
3306d77e-8680-489f-8ef0-3ab224f134be,2023-11-09,Late,False,425.01,UPI,,AGT-9473,41.0,No,11.0
fd27e918-cadd-47b4-9162-934348bbe6b0,2024-10-26,Missed,True,1382.13,Cash,QCQOGB3X,AGT-5327,10.0,Yes,
8fe739bd-fbae-416b-aeda-55a1fddc706f,2025-05-25,Late,False,197.83,Cash,RFFWGBRF,AGT-4639,3.0,Yes,53.0
8ae0b95f-523f-4875-bdbd-68654588b27a,2025-01-20,Paid,False,1874.69,Cash,SUWSGBRJ,AGT-5251,50.0,Yes,
a875c0a7-f70c-42b9-a299-a54e1dc03d64,2025-04-08,Paid,False,398.35,UPI,JQJAGBLO,AGT-3508,30.0,No,53.0
,2025-05-13,Paid,False,1487.65,Credit Card,VVDXGBZH,AGT-7027,5.0,Yes,26.0
9ca025fd-45ba-4cf5-8f4e-e6604a9d718b,,Pending,False,583.73,Cash,YEYIGBNA,AGT-6499,4.0,No,51.0
1587f796-56c9-4f99-8845-06a998a69cb2,2023-08-03,Late,False,1184.53,Cash,SLCQGB5D,AGT-7547,87.0,Yes,48.0
11582e32-6d93-4922-91b5-c7397f8a9920,2024-01-21,Pending,False,698.47,Cash,VEFDGBJP,AGT-7728,2.0,No,52.0
8f725dd2-cc3f-4a48-8840-b3ca5495c74e,2024-05-15,Paid,False,1976.4,Cash,QZNUGBBV,AGT-5556,57.0,Yes,49.0
bf4207fb-bd13-40f4-9c2e-bfedad4869e3,2024-05-21,Missed,True,1016.19,Cash,VBRCGBJ6,AGT-5832,1.0,No,8.0
4759593f-35bb-4f04-bdfd-71e58bad3034,2023-08-01,Late,False,1116.57,UPI,VMIKGBQN,,20.0,No,49.0
41ce64d2-44ff-4390-ae39-c6337e62d620,2024-10-11,Paid,False,1525.93,,CXPNGB3N,AGT-6757,79.0,No,14.0
a721514a-d41a-44c9-978b-9c16e59f782d,2025-02-25,Missed,True,1359.76,NEFT,RVLCGBDK,AGT-2197,14.0,No,54.0
ffacce20-bcf4-432f-8e93-57429824f4ca,2025-04-30,Pending,False,706.18,Cash,GXOZGB8D,AGT-9606,34.0,No,51.0
41bed332-f01c-47a7-a546-fc71be2d71e6,2025-07-15,Pending,False,1167.24,UPI,ZVOIGBK4,AGT-6582,84.0,Yes,11.0
dcd6e27c-c8de-48fa-950b-3d66fb19644a,2024-02-01,Paid,False,1423.7,UPI,BHFJGBOA,AGT-9503,2.0,No,35.0
2211674a-7ddf-45dd-a6c9-83a034ae8981,2024-11-22,Missed,True,1982.36,Cash,JBYVGBD4,AGT-9520,69.0,No,7.0
d115c601-aecc-4544-8eeb-77f5958079dd,2023-12-26,Pending,False,988.99,NEFT,ZIQTGBKD,AGT-2952,32.0,No,4.0
891f5348-01bf-4142-935a-ba262e045bf8,2023-09-01,,True,1679.34,Cash,,AGT-6578,27.0,Yes,21.0
267000c9-9f4a-475f-b13f-132070e34c87,2024-04-07,Missed,True,1291.05,Credit Card,VXFPGB5G,AGT-8334,70.0,Yes,7.0
8f929dd6-7536-4250-9183-3c28e6293945,2024-01-21,Missed,True,1212.55,Cash,HSPOGBQJ,AGT-4095,51.0,No,41.0
5f655614-2b43-41b5-a4f2-7d54297d62f0,2024-07-24,Pending,False,605.32,NEFT,OESGGB1D,AGT-1109,11.0,Yes,16.0
3725f48e-ff69-494c-9a18-c82b306bd77a,2024-09-05,Pending,False,1838.16,UPI,OTBQGBX8,AGT-0054,40.0,Yes,23.0
1d450776-ce90-4ac6-b6df-6f1d04bdfc50,2025-04-30,Paid,False,546.57,NEFT,LRCZGBS0,AGT-6352,81.0,No,8.0
1a052b18-922d-4cdb-8020-d89a785d5700,2024-01-07,Missed,True,812.87,Credit Card,IMPFGBM6,AGT-3711,45.0,No,58.0
db18652f-3263-4dff-aec0-dc32b86f3d97,2025-02-12,Pending,False,1783.89,,CYRIGBJF,AGT-8372,85.0,No,8.0
235d2b36-ae13-405b-8014-5ca852f5b4e1,2024-11-25,Missed,True,653.88,NEFT,QGEOGBNM,AGT-8622,60.0,No,57.0
ecb3c335-bdec-4af2-992b-5fe9353de5c9,2025-05-02,Paid,False,240.13,Credit Card,NQBNGB0V,AGT-0197,82.0,Yes,51.0
cfc6832e-1861-423e-992f-b68b1023a9aa,2024-05-10,Paid,False,,Cash,MICDGBUB,AGT-7437,56.0,Yes,4.0
14e54a2f-9c2f-4e4b-8d7c-ea603e0cc92d,2023-10-09,Late,False,1969.94,Credit Card,BFVXGBNU,AGT-2212,1.0,No,49.0
d363f648-33ff-4da0-8389-1c8c60dabdaf,2025-07-18,Pending,,1145.1,Cash,XALYGBV8,AGT-3662,85.0,No,43.0
18da8594-9630-4c84-9089-f5be1223c741,2025-07-15,Pending,False,295.0,Credit Card,GMEMGBTP,AGT-8870,64.0,Yes,17.0
f8cdcae0-7982-462a-a230-77e3dca8fa09,2024-10-22,Pending,False,1457.44,UPI,ALBFGBJZ,AGT-5428,11.0,Yes,29.0
3575fddf-8ddd-4eca-802a-d401beebe4d7,2025-01-23,Paid,False,1837.01,NEFT,DOCYGB0C,AGT-5805,75.0,No,6.0
9c08b1f9-86b4-49a2-883b-233fe6bf2da4,2024-04-10,Paid,False,1717.6,UPI,CXIMGBCB,AGT-0337,86.0,Yes,45.0
d0ea2ac0-ecdb-478c-81ec-a6307a482432,2024-08-08,Missed,True,1284.14,Credit Card,WNKHGBL4,AGT-8707,44.0,,56.0
e842619b-ee62-4b8e-b2b1-aff6836f2f75,2024-09-10,Missed,True,126.04,Credit Card,VTZYGB8M,AGT-7510,40.0,,37.0
d7b16b0e-ae67-44d0-a47c-31aab6021243,2023-09-28,Missed,,1208.83,Credit Card,,AGT-0566,8.0,No,19.0
ddca4cfb-8b1c-42bc-95d0-df7b6ae3bb9b,,Paid,False,306.34,NEFT,RDMJGBXW,AGT-9153,81.0,No,53.0
,2023-12-08,Late,False,470.71,NEFT,VRBNGBGV,AGT-1750,67.0,Yes,2.0
a9420861-dd91-48d7-918b-ac30e914c7ad,2023-08-09,Missed,True,1198.31,Cash,BVLKGBT2,AGT-2251,85.0,,49.0
c570a540-d160-49d1-ae82-6a07cea94e35,2025-04-17,Late,False,931.22,,,AGT-1959,20.0,Yes,35.0
bedefd1f-18cc-4420-ba74-2370686c8613,2023-09-30,Pending,False,985.48,Credit Card,ICIVGBM1,AGT-0342,13.0,No,39.0
5fa3ce80-7977-4ad6-a4cf-520e344ffa08,2024-12-09,Paid,False,1194.77,UPI,QCNJGBRK,AGT-3180,7.0,Yes,10.0
e7de045f-0cef-40ca-8571-812fa366dff7,2024-09-10,Missed,True,146.79,Cash,CXKRGB75,AGT-5682,34.0,No,55.0
5fc1695d-8f06-48b7-a60d-e2ab333a0c38,2025-03-20,Missed,True,821.93,Credit Card,REXIGBQY,AGT-6732,44.0,No,52.0
ba3f9703-b038-48ed-8077-8b7559fc345d,2023-12-14,Paid,False,371.33,Cash,WOFCGBO1,AGT-0106,68.0,Yes,39.0
28ac5539-7ebd-4604-92d3-01a5b9423667,2023-08-18,Missed,True,1812.18,Credit Card,FDLRGB1J,AGT-0622,13.0,No,58.0
f5b6ee6c-3908-4c7f-8436-316fe89379b8,2025-05-11,Missed,True,1216.98,Cash,PLHZGBPS,AGT-9533,41.0,No,18.0
8e074b37-f705-43c6-a0cd-bd3b07cecbf3,2023-12-18,Late,False,160.99,UPI,REGXGBPG,AGT-1164,7.0,No,12.0
9ed77907-777c-41b1-ba27-4003f258d7a3,,Missed,True,1976.34,NEFT,QFCIGBNS,AGT-4652,74.0,No,6.0
df13c8f2-b064-4ceb-8aec-185fbe1ab85d,2023-09-14,Paid,False,1809.72,Cash,,AGT-8740,55.0,No,55.0
dc62ed21-0d2d-49db-9ca5-b533d6416445,2024-04-18,,False,856.57,UPI,ZGVMGBP3,AGT-8602,54.0,Yes,26.0
c962e98c-dce3-4e82-813f-0b8fc0e9a4af,2023-11-22,Paid,False,685.92,NEFT,EPFGGBYK,AGT-5255,72.0,No,46.0
d310ea69-1ac0-475a-a999-099216b1e6b5,2023-12-14,Missed,True,387.67,Credit Card,LABKGBMO,AGT-3921,37.0,No,21.0
27496993-af8e-47ee-89f5-d51bab900012,2025-07-12,Paid,False,1440.64,UPI,QBJAGB9B,AGT-0827,57.0,Yes,58.0
fbab2f9d-b6fa-4d2f-aafc-2946392f311e,2025-02-04,Late,False,1617.14,Cash,NRSUGB84,AGT-0404,19.0,No,15.0
aabb6113-c988-451c-bd39-53096b8ceae8,2025-02-12,Pending,False,1184.41,Credit Card,VUPSGBLN,AGT-8652,18.0,No,34.0
,2025-01-28,Paid,False,1902.63,NEFT,FINXGB3J,AGT-6185,,No,56.0
91d039e3-c4ff-48a3-8d8a-0c866dc4fcc3,2023-12-31,Late,False,1827.48,UPI,QZXCGBQY,AGT-3657,80.0,Yes,29.0
aacd769b-ccd1-4c3a-a3e3-55d702bcc35a,2023-09-11,Paid,False,417.7,UPI,YXMEGBEC,AGT-8502,26.0,Yes,3.0
a64f414e-f643-4020-bbbf-057f49eb1dc0,2024-08-09,Paid,,1944.45,Cash,WLVSGBZW,AGT-6404,16.0,Yes,
b61a930d-20d2-423f-9126-386a06b34da9,2024-06-27,Late,False,251.58,NEFT,PSTIGB9Q,AGT-7924,38.0,No,6.0
c532fce9-6f49-417b-9531-d570a755bb6c,2024-12-23,Missed,True,,UPI,XRGLGBQX,AGT-2728,58.0,Yes,39.0
fc69c18f-1c18-4ae5-8ca5-2684c27f12bc,2025-02-28,Paid,False,923.9,UPI,TCSOGBOT,AGT-6903,73.0,No,24.0
827e397c-e19a-4522-bec5-8b7e5dc17d3b,2023-12-21,Paid,False,143.15,UPI,YQLQGBOE,AGT-4532,38.0,No,29.0
0abd76cc-25c3-4b69-b36a-e97f8a61d625,2023-12-16,Pending,False,1876.01,,FLPPGB9V,AGT-9553,88.0,No,44.0
8ead0d3b-a167-40c7-86c4-39ae05e9e68d,2023-08-05,,False,250.13,,DCMFGBLW,AGT-1910,44.0,No,46.0
a5ebe136-10aa-4e31-a5a9-c60e3012a317,2024-07-24,Missed,True,1592.65,Cash,VWPCGBBD,AGT-3541,33.0,No,7.0
25d241ae-10a0-43fa-aab5-a79b05b713d1,2024-11-28,Missed,True,1169.05,Credit Card,KPQBGBD7,,70.0,Yes,48.0
c67703e1-05d3-443d-b349-4779dd0c85a5,2023-10-19,Missed,True,621.33,UPI,,AGT-7517,15.0,Yes,10.0
87aae0f6-0004-4eef-b682-c9d1b121c394,,Missed,True,1838.53,UPI,JIIFGBE6,AGT-5719,56.0,No,2.0
77c5d9ca-3e15-44b3-bab8-914cbc666300,2024-06-29,Missed,True,1452.97,NEFT,KUEFGBZW,AGT-3516,35.0,No,51.0
bd38676f-b50d-47f2-8ca1-6220c82ce839,,Paid,False,360.76,Credit Card,RUZBGBBX,AGT-4972,80.0,Yes,16.0
d9faab02-ef1f-4ab3-a7d8-56b7d994e99c,2024-05-28,Missed,True,1894.46,NEFT,AETKGBA3,AGT-9904,67.0,Yes,17.0
a5d15615-4fbf-472a-ba3c-18c7ccd05f85,2023-08-29,Pending,False,383.7,Cash,ULQPGBT2,AGT-8117,74.0,Yes,37.0
07811de0-7588-47de-b23e-ba973accb75d,2023-11-30,Paid,False,1199.74,Credit Card,CKGUGB8W,AGT-1866,65.0,Yes,21.0
0d5c6ca0-1fe7-4124-862c-d7e05ad4c18e,2025-02-06,Pending,False,1354.73,Credit Card,BNHOGBBO,AGT-5107,89.0,Yes,41.0
1c856845-2194-41a7-8c96-e3a3549372ea,2025-04-30,Paid,False,1421.09,,LHYRGB3K,AGT-0943,69.0,Yes,28.0
766ddf80-e524-4fce-993c-69555e176d64,2025-07-02,Paid,False,224.23,NEFT,QCNGGBNH,AGT-5252,36.0,Yes,14.0
e5000b89-dbb1-47ee-90dc-5972f69eb369,2025-05-24,Late,False,424.41,Cash,FOZKGBPY,AGT-7938,45.0,Yes,28.0
5bbda3f5-4446-48cf-a8ac-1e08ad7a4db7,2024-11-30,Missed,True,1259.53,UPI,EXKBGBIW,AGT-3498,37.0,Yes,41.0
d0779274-197b-4a5f-9f7f-89f9308e9626,2024-10-24,Missed,True,1523.78,UPI,XOHQGB37,AGT-0287,52.0,Yes,20.0
970d1114-c87c-439d-9544-395e240b05bd,2025-02-25,Missed,True,1017.32,NEFT,PDIRGBUW,AGT-8461,40.0,Yes,39.0
9c48e2c6-ae58-4df0-ba8d-ffc03be27bc9,2025-02-10,Late,False,620.4,Credit Card,DFDSGBUX,AGT-0725,20.0,Yes,52.0
d94d989a-1099-4da2-856c-32679e2f7769,2023-12-25,Missed,True,1815.35,Credit Card,JPSSGBQH,AGT-5792,63.0,No,3.0
6082ef61-2531-4b83-9206-3b14dc117c04,2024-01-28,Missed,True,1335.46,Cash,OPCQGBWU,,49.0,Yes,43.0
dfae7e9d-4df6-430a-a516-f35daa6e0b9a,2025-06-29,Paid,False,1963.76,UPI,VMBFGBUE,,79.0,No,3.0
b1fff206-cbac-4bc1-ad0e-250a7c417f23,2024-11-14,Late,,1876.1,NEFT,ICRQGBDJ,AGT-8695,21.0,No,14.0
a52fe263-39bc-418b-a137-ea8ff77adc72,2025-05-04,Paid,False,1121.32,Cash,HVKCGBYX,AGT-4906,83.0,No,27.0
8b89b398-8600-46c9-a021-eb914404ffab,2024-06-19,Pending,False,1951.86,NEFT,ILHAGBD4,AGT-3707,34.0,Yes,34.0
20cc5ae7-97f7-4afb-9222-c40ce99fa689,2024-04-09,Missed,True,959.6,NEFT,CLYHGB82,AGT-5942,45.0,No,29.0
4cdc1e31-1ed9-4796-9c07-52739b2c79a9,2024-04-26,Pending,False,1950.09,UPI,YLMYGBTJ,AGT-0973,83.0,No,28.0
308658b1-4e00-4de1-89d2-ca564a572248,2025-05-21,Pending,False,133.43,NEFT,KCLOGBOB,AGT-9832,,Yes,32.0
2e23a7e1-db11-4d31-8a96-ce8b737d0931,2024-10-04,Late,False,,Credit Card,FNZOGBBE,AGT-3446,25.0,Yes,59.0
7ef78ad8-3d9a-4ecf-a57f-16309ebbd479,2024-03-14,Late,False,438.93,NEFT,PXPHGBAM,AGT-5057,7.0,No,33.0
7487290a-49ca-4142-abe4-087a416dd12f,2023-12-25,Late,False,1150.9,UPI,UYLXGBGD,AGT-5910,49.0,No,46.0
ef3f8d72-3e39-4481-8451-0d7c8aa8ac1a,2023-10-10,,False,1216.96,Credit Card,PJRVGBN7,AGT-8287,,Yes,54.0
3203115c-c742-47cc-9b63-89993775b922,2024-08-04,Paid,False,906.84,UPI,GANEGBSU,AGT-0281,62.0,Yes,12.0
755f3f23-7d9e-4cfb-9bdb-b0874e941915,2024-03-06,Pending,False,1359.5,Cash,RDWNGBTD,AGT-4103,,No,57.0
538c5177-6a70-4ad5-9420-d8056218c6d0,2025-01-30,Pending,False,855.19,Credit Card,MOXNGBK9,AGT-6020,10.0,No,2.0
e911c152-c61a-46b8-b5c9-c79bc5719f15,2024-02-19,Paid,False,1255.52,UPI,TEXTGBP4,AGT-0486,56.0,No,10.0
912afa54-2da6-42dd-8fa3-6441ec75838a,2024-09-02,,False,182.56,UPI,XWMRGBAB,AGT-3862,38.0,Yes,15.0
81b108e9-248c-4e50-940c-52adc4621468,2023-08-12,Late,False,408.02,NEFT,WGOXGBSG,AGT-2236,81.0,No,29.0
31e7a639-ecda-4c49-b272-444466963fcf,2025-04-18,Pending,False,1514.42,Cash,WGAZGBTF,AGT-0426,24.0,Yes,7.0
,2024-12-14,Pending,False,259.04,Credit Card,XNWZGB58,AGT-7786,52.0,No,46.0
7700b95f-4829-4c78-985c-7e0bc9fe8548,2024-03-18,Missed,True,657.08,UPI,PPWSGBS2,AGT-1142,,No,46.0
c3c1b617-a974-4567-8456-5f05f623bddf,2024-12-31,Missed,True,282.91,Credit Card,BEZHGB3D,AGT-2607,3.0,Yes,20.0
51c87af7-f8f7-4ec9-b8d1-163d7bbd14d5,2025-05-02,Pending,False,330.7,Cash,RAKDGBZ4,AGT-0441,,No,4.0
78a7c307-bcd6-40b8-8951-ea45a2b93431,2024-02-04,Missed,True,582.73,UPI,DGHKGBNY,AGT-2944,67.0,Yes,33.0
7ecaa217-89e1-40f9-af3c-085b901e67b5,2025-02-08,,False,392.5,NEFT,MLGOGB5N,AGT-9754,64.0,Yes,15.0
3a633c1f-74c2-470d-8e85-4111004071e3,2025-02-15,Missed,True,166.48,NEFT,JOTSGBA3,AGT-3347,60.0,No,12.0
ecb38b18-c4ca-4dd1-9abf-8cb900c25265,2025-06-17,Paid,,144.35,Credit Card,HJLFGBUX,AGT-7634,17.0,Yes,5.0
a8b93771-0b3c-4a10-8731-aa7d9f758573,2024-02-24,Pending,False,1667.95,Cash,FHZCGBR1,AGT-6349,1.0,No,10.0
80a7501f-360a-4b52-abb4-ced692c40fdf,2025-04-29,Missed,True,1300.85,NEFT,MBFUGBA0,AGT-7115,40.0,Yes,16.0
937c70c7-c91c-40f6-98cb-1fcb9afe9476,2024-03-01,Missed,True,1729.62,Cash,FRKIGBZX,,2.0,No,11.0
0ce3006c-f5e8-497b-8d9e-079ee9ff0efb,2024-12-24,Late,False,1106.79,Credit Card,LMEHGBLP,AGT-2536,79.0,Yes,31.0
ca489557-7d25-4a0b-9da1-344634fbb354,,Pending,False,1164.28,NEFT,XBBBGBTH,AGT-3215,77.0,Yes,36.0
8e772c19-9f03-47b7-8366-6e11f38fea29,2025-04-25,Pending,False,1946.97,Credit Card,SVSYGB6O,AGT-4854,61.0,Yes,11.0
a82aa911-8c46-4a6c-abd7-90c7cc2ba11b,2023-11-30,Pending,False,1504.95,Credit Card,FRGQGBCP,AGT-8541,32.0,No,17.0
ebdb379a-7586-4c89-a75c-bbc426340a74,2024-06-21,Missed,True,1086.05,NEFT,YPXBGB1F,AGT-5007,30.0,Yes,34.0
e709b1d3-b5ab-430d-b5aa-05289a1fbc6f,,,True,1433.5,Cash,GEEKGB71,AGT-1087,88.0,Yes,24.0
f75729af-a31f-482d-9074-7a35af8b54a9,2023-10-15,Late,False,385.81,Cash,KTUQGBD7,AGT-5746,28.0,No,28.0
e2382fd4-9eb8-45c1-a29a-6109dd2faf44,2024-12-27,,False,596.07,Credit Card,DDCVGBHQ,AGT-9567,64.0,No,1.0
e724812b-2a62-4c7a-b070-e4d09121f58a,2024-06-10,Late,False,525.14,Credit Card,RPOJGBZC,AGT-0916,8.0,Yes,48.0
992876b4-c48b-4a9c-a06b-6ecf1e572f74,2025-02-24,Pending,False,1841.34,Credit Card,QSNUGB7O,AGT-5962,75.0,No,44.0
70c7ddcb-3577-4e0f-a76b-1c177f64217d,2025-07-15,Pending,False,1333.06,Cash,YXIVGBAE,AGT-2783,13.0,No,
a4211b1d-b14c-4565-b6d7-38f8b861bc73,2025-03-19,Pending,False,131.39,Cash,IQPPGB79,AGT-5944,25.0,Yes,3.0
26a07b2e-83b5-48e8-9281-2dc427f89350,2024-04-17,Paid,False,755.64,UPI,EDFMGB1N,AGT-2281,0.0,Yes,28.0
21aa7ecf-8cfc-492d-a6c0-06040949fd76,2024-11-02,Late,False,1821.41,Cash,ZZGWGBOC,AGT-6562,16.0,Yes,8.0
afb39c0e-3166-4b95-83b4-1baaf3252a89,2023-09-20,Pending,False,843.09,Cash,AKTIGBXZ,AGT-5645,,Yes,38.0
c36fe815-79c6-46e8-a4f6-6fe3cafbc42f,2024-01-09,Missed,True,1251.01,NEFT,GWTXGBQA,AGT-1210,,No,33.0
ae8ffd37-2621-4da4-96bb-880d86cd4a00,2025-07-14,Pending,False,966.98,NEFT,SMUEGBDA,AGT-7176,44.0,No,31.0
eddc283f-0725-4e30-b7b7-7d90cce70c39,2024-09-05,Late,False,213.73,UPI,DUEKGBAQ,AGT-8554,60.0,No,43.0
e5aa2e93-3a9c-4d52-b0be-0c9171984d43,2025-05-14,Late,False,1070.85,Cash,ZJKDGBX7,AGT-8843,7.0,Yes,54.0
e6bd036e-211b-44ef-b708-052d6dad4fbb,2025-06-05,Late,False,178.16,Cash,YJBEGBXY,AGT-6238,28.0,No,5.0
3d83b909-f65b-41f9-905e-09b136c8453a,2023-08-26,Missed,True,1832.07,NEFT,LCYUGBBZ,AGT-1525,45.0,Yes,1.0
0f1f4603-c130-43f1-8e50-3a613ce52a6b,,Pending,False,1394.89,UPI,,AGT-1003,4.0,No,6.0
aa1e7239-30e7-4d13-8832-22cf33301089,2024-07-14,Pending,False,,,HRCNGBW6,AGT-1397,55.0,No,15.0
e5c07748-b214-48e0-92f0-1788aff22c15,2024-12-15,Missed,True,1194.65,Credit Card,UINTGBB0,AGT-3196,20.0,No,53.0
1f505bc2-5e73-4fb3-820e-4175f5335170,2023-08-13,Paid,False,1804.13,Credit Card,WDRUGB8X,AGT-2141,42.0,No,58.0
2b8ade3b-5e0c-4030-8f41-5f56996fd025,2025-06-13,Pending,False,1081.89,UPI,BNRIGBOH,,79.0,No,13.0
86e4238f-ec8f-4ee4-b150-f4c200837abb,2025-06-09,Pending,False,281.07,Credit Card,LDWGGBQT,AGT-9037,78.0,Yes,40.0
184f0802-58a7-42b8-be32-8306e6dcfbc8,2024-01-07,Paid,False,585.07,Cash,KLBWGBNV,AGT-8178,6.0,Yes,28.0
93e6b3ea-ae15-42a1-b8dd-e25eeb3dc97d,2024-10-15,Missed,True,1912.71,Cash,LGWEGBFB,AGT-7273,61.0,No,5.0
6d894a08-e245-49d9-af67-81675dc29eea,2025-05-22,Late,False,1266.07,Credit Card,QWZDGBAQ,,66.0,Yes,11.0
b37e60a1-e49e-4a3e-b7a5-1547b67422b2,2023-08-16,Late,False,821.95,UPI,BXMYGBDI,AGT-9286,,Yes,42.0
be1a7b35-820e-4b24-9840-42819a1b75ca,2024-05-13,Paid,False,697.23,Credit Card,NEKVGBJN,AGT-5093,69.0,No,18.0
48e956a4-aebd-4f35-98ee-499d6192a9a1,2025-01-20,Paid,False,462.27,,VLUEGBB5,AGT-2648,18.0,No,46.0
,2023-07-23,Missed,True,836.72,UPI,XJBNGB17,AGT-7501,10.0,Yes,4.0
27729439-8b75-4da4-b62a-450a9af3b771,2024-06-20,Late,False,648.59,UPI,SJVAGBWX,AGT-6337,10.0,Yes,58.0
9a3a451d-8c92-4f49-8ed1-b6c9d77e87fb,2023-08-28,,False,1953.12,NEFT,GSKYGBEM,AGT-3033,24.0,No,51.0
a9d31b44-e1e3-43a3-82ac-c8d61a61d761,2025-06-06,Missed,True,,,EJVQGBUC,AGT-6356,3.0,Yes,53.0
77b25248-c6dc-4c05-9310-00211439c94d,2023-08-26,Pending,False,,NEFT,OXMHGBNP,AGT-7057,28.0,,19.0
d0f4498a-a740-40c2-b2b6-94b3a5c8eb40,2025-03-15,Pending,False,,UPI,JWNZGBSU,AGT-4626,52.0,No,55.0
e90d41e0-4936-4833-b1e4-844ae0e29ee9,2024-06-28,Missed,True,1088.4,Credit Card,AMUPGBVB,AGT-8728,,Yes,27.0
5d9255d2-f477-4894-8648-7d5545c29dd3,2024-07-24,Late,False,919.5,Credit Card,ELDRGBWD,AGT-5803,26.0,No,41.0
72cf161c-a4df-4639-9bd9-4b6c13067c49,2025-03-03,Late,False,1043.49,Cash,FHRYGBER,AGT-4281,46.0,Yes,56.0
e837a34a-a043-46aa-a0f3-d13cea82f96b,2025-03-19,Paid,False,544.63,UPI,CVBGGB5P,AGT-7978,81.0,Yes,9.0
1f1fa5d2-34fc-43cc-8dbf-bf491f452c38,2024-11-27,Pending,False,477.66,UPI,QNUUGB9I,AGT-6717,48.0,No,47.0
1bc59524-f441-4887-a269-1ee48933be37,2024-10-17,,True,683.07,,RQEVGBM6,AGT-4316,24.0,Yes,23.0
,2024-08-13,Pending,False,1616.09,Credit Card,JLOZGBCJ,AGT-9029,49.0,No,40.0
a3676d56-5671-4b67-96fe-0815aea0478c,2023-10-19,Missed,True,1696.25,Credit Card,IXRNGBW2,AGT-1839,8.0,,47.0
bcfabcba-332f-41d6-9f94-b7e969ceb7de,2024-11-04,Pending,False,1625.94,Credit Card,XGBKGB66,AGT-3377,42.0,No,23.0
6ce6d25e-2edc-4afe-b43d-bec6e45d379d,2024-08-14,Missed,True,1326.7,Cash,TBQBGBXE,AGT-8802,71.0,,15.0
49736215-4317-4605-b097-f6efeec452c9,2025-05-13,Late,False,1526.86,UPI,DZWZGBZ2,AGT-0712,50.0,No,48.0
,,Paid,False,1229.9,NEFT,RCZOGBEA,AGT-6260,11.0,No,56.0
abe4d90c-0a9b-4e94-b27f-00610d72f7cf,2025-03-26,Missed,True,1906.97,Cash,KLOFGBNK,AGT-2462,,No,35.0
0ab96e65-95a1-4f9a-95a0-7b2da1e2d378,2023-11-28,Paid,,443.92,NEFT,TSVXGBCA,AGT-3634,26.0,Yes,25.0
,2024-11-18,Missed,True,961.42,Credit Card,,AGT-4877,38.0,No,30.0
d3963ca0-f1a9-4c5b-99df-960a7992da67,2024-08-29,Late,False,801.88,NEFT,SBZGGBQ4,AGT-8150,69.0,Yes,10.0
446e453f-443e-49ef-b64c-c565d8601870,2024-05-15,Paid,False,489.6,Cash,ZNTUGBBT,AGT-4071,,No,38.0
325f9536-0ab8-4260-9d5a-8ba7a9d4afc8,2025-02-25,Pending,False,786.44,Cash,,AGT-4278,87.0,Yes,11.0
7e6dd26c-b684-4d2a-a059-f2885bb90fb4,2024-11-07,Missed,True,1062.49,Cash,XUFGGBJ3,AGT-9849,23.0,Yes,43.0
,2024-08-08,Paid,False,653.42,Cash,ERHUGBRU,AGT-6594,28.0,Yes,20.0
,2025-02-05,Late,False,609.54,Cash,CEIBGBX9,AGT-5452,78.0,Yes,
3a2421c5-9a51-4a12-aead-2f20cdf46686,2024-08-22,Paid,False,1855.49,Credit Card,NKMBGBI3,AGT-6889,32.0,Yes,12.0
f47c9afb-0b3a-4fff-b4e0-93c94ee42c49,2025-07-10,Paid,False,1519.77,UPI,NVNAGBF6,AGT-7805,37.0,No,
2e419fe6-dd93-4bbb-b8af-e43d8f5f2dc8,2025-02-10,Late,False,1396.09,Credit Card,IQBHGB7H,AGT-1866,53.0,No,49.0
34b9d41f-e95e-481f-aa90-323774f8c432,2024-10-07,Pending,False,1902.84,UPI,LJUEGB26,AGT-4993,88.0,No,13.0
c261d948-9448-402a-990d-8948e3cf430e,2025-05-29,Paid,False,1026.87,Cash,EVHHGBSS,AGT-5513,49.0,No,22.0
72a9277a-f8cd-4e34-819a-dfd014a05e92,2024-10-16,Late,False,1640.77,NEFT,QQHAGBBE,AGT-5425,84.0,No,56.0
b75f2b86-ece9-45b7-97da-8efca3bbd776,2024-12-15,Missed,True,633.21,NEFT,PLAYGB49,AGT-8623,45.0,,56.0
eb491850-11bc-4e31-9806-37a52666d6ec,2023-09-02,Late,False,1087.76,,RWRCGBMG,AGT-2343,57.0,No,46.0
e4070d16-d802-4580-823b-3a8183bfd890,2023-12-03,Missed,True,1994.18,NEFT,UIJVGB4N,AGT-1791,8.0,No,8.0
ac7a5c18-127d-4dd4-87f7-90ede3fb65f3,2024-04-08,Missed,True,1258.57,UPI,CUWUGB5U,AGT-0751,77.0,No,19.0
82d316a4-2e21-4120-b32d-af897b601f51,2024-05-01,Missed,True,1376.37,NEFT,TYFRGB6T,AGT-4129,60.0,No,34.0
d3742e36-fc25-4316-8ecb-a8ead8804f30,2024-12-22,Paid,False,113.82,Credit Card,CBNNGB5E,AGT-2025,26.0,Yes,54.0
1a3d9b70-f131-4ec1-bb2e-03eb893e3346,2023-10-10,Late,False,1717.53,Cash,WAAZGBIB,AGT-9760,66.0,No,
b01c59b2-8dfd-4374-bd80-27421aa71fdf,2025-03-03,Pending,False,1896.28,Cash,CWPEGBDP,AGT-6283,45.0,No,30.0
4d70c79e-10b0-42e7-95f4-80cc51c2719e,2024-06-02,Paid,False,1690.44,UPI,XEEOGB0F,AGT-8530,72.0,No,51.0
868ba252-67bf-49bd-a60a-49ef4092a256,2025-05-24,Late,False,1053.72,NEFT,,AGT-3769,50.0,No,8.0
1d924f58-45ea-472a-9c08-37a26e81dab2,2024-04-15,Late,False,1658.24,Credit Card,ETDBGBPW,AGT-5153,28.0,Yes,3.0
41198227-d876-474f-8134-d957da7a26ac,2024-04-22,Pending,False,1712.32,UPI,ZFZUGBXJ,AGT-7352,77.0,No,20.0
eb8eff58-51ec-4893-8726-afd17cfc6e64,2024-05-27,Late,False,1516.15,NEFT,TLYPGBQ2,AGT-3920,36.0,Yes,27.0
bd057c33-2bfb-4fe9-b27f-9f65d442d474,2024-06-03,Pending,False,187.63,Credit Card,PNIPGBU9,AGT-4430,12.0,No,9.0
0b61060a-1c7f-477a-9ec6-daaa710967ef,2024-12-27,Paid,False,858.59,Cash,AGNXGB2C,AGT-7546,81.0,,54.0
c5086dd3-aef7-4e5b-8645-7f24b6191637,2024-05-12,Late,False,411.14,Cash,,AGT-0139,48.0,No,9.0
80657b5c-168d-4f72-bc1b-0c23825dd721,2023-08-27,Pending,False,193.34,Credit Card,HAEWGB2V,AGT-6889,30.0,Yes,2.0
be7498ed-9f58-45c9-94b7-fc7f13a2aa5c,2024-02-07,,False,911.09,Credit Card,IULDGBBH,AGT-8869,51.0,No,41.0
812c3901-fe55-4c65-9569-10705b92640e,2023-11-21,Paid,False,942.24,Credit Card,NASHGBII,AGT-6737,62.0,Yes,20.0
ff1545f9-f853-4f3d-af2a-26c1479d33a8,2024-12-09,Missed,True,1012.45,UPI,JJVRGBKR,AGT-3337,24.0,Yes,27.0
28cd529b-35a1-4c3c-87dd-bd0ac958bb94,,Late,False,1797.25,,QHFUGB7G,AGT-8332,70.0,Yes,56.0
2d84d488-1b6c-4623-8a2c-5fe216c3822e,2025-02-19,Missed,True,1843.37,NEFT,XLTAGB7R,AGT-7232,70.0,Yes,1.0
b5a08b61-3155-4c2c-8178-75c9b5fe01f1,2025-04-06,Missed,True,1787.81,Credit Card,QGXLGB5O,AGT-8558,73.0,Yes,58.0
d76d1eb3-92ed-4461-ad08-6d166d00fd22,2023-08-22,Late,False,1053.34,Credit Card,WNCGGBRU,AGT-5018,75.0,No,51.0
083907b0-6b8f-431d-a503-e84e4025d141,2024-06-30,Missed,True,1450.33,NEFT,RHMDGBBY,AGT-6512,32.0,No,1.0
ace64937-6081-4f46-b10e-de953c79e16a,2025-03-17,Missed,True,182.35,Cash,RIKBGB66,AGT-9262,20.0,No,30.0
7fbbba72-6f2b-44d7-a2b7-968e47329052,2025-06-27,Late,False,1725.6,NEFT,YJXRGB3H,AGT-6532,5.0,Yes,4.0
0bf93b90-0c1a-41dd-8ccc-9904e92aa0b1,2025-03-02,Late,False,1953.75,NEFT,REPPGBUW,AGT-6839,11.0,Yes,42.0
8fad2df5-b3e7-4f56-883a-331ad46db1af,2023-09-30,Missed,True,1411.12,UPI,SZYLGBHW,AGT-3967,78.0,Yes,32.0
78f8fab2-96f7-486a-91ba-311c46e257f5,2025-06-06,,,1600.62,Credit Card,SEWDGBC7,AGT-2497,7.0,No,44.0
,2024-12-05,Late,False,552.43,UPI,BEPOGBON,AGT-7088,7.0,No,34.0
1f84dfe8-9d75-49f5-ba6a-77cb52a4c825,2024-11-03,Late,,144.09,UPI,ZFHCGBG6,AGT-7860,73.0,No,44.0
cf4cadfb-b08d-4654-b53e-f1570ffdad2f,2025-03-13,Late,False,1070.58,UPI,QWZIGBEA,AGT-8619,70.0,Yes,33.0
0aa80753-4f66-4f8e-97a7-162d41d61547,2025-03-05,Late,False,1785.06,Credit Card,USGGGB9T,AGT-9153,32.0,No,15.0
5acc45bd-3900-406e-8540-6842df34a32d,2025-06-27,,False,213.04,UPI,BFMQGBZ5,AGT-5288,49.0,Yes,2.0
3b344ba5-2929-4a22-80cd-9edccc9b4478,2024-12-07,Late,False,1151.2,Credit Card,FQPGGBWK,AGT-0769,73.0,Yes,10.0
b485e2de-9b65-4731-9a6e-300aa5de1d05,2025-07-02,Paid,False,809.91,Cash,TBXYGB48,AGT-6421,35.0,Yes,11.0
51d9733f-eeb0-4851-85d3-56726311ad9b,2025-02-26,Pending,False,287.85,Credit Card,PUJIGBF1,AGT-4063,77.0,Yes,49.0
bc134b50-d0bf-4640-8787-5fa512db1428,2024-12-19,Paid,False,1267.52,Cash,QOKYGBKV,AGT-7214,14.0,Yes,37.0
dbc9fe9f-98fc-4be3-b330-afbbac5ec150,2023-12-11,Missed,True,,UPI,VPSDGBUP,AGT-5184,30.0,No,9.0
a8f1b779-f544-499d-a041-9ab393caff89,2024-06-18,Late,False,1179.89,,WXLAGB30,AGT-4336,21.0,Yes,21.0
c77cd38b-3cb9-4984-b551-ce5491dfdcd3,2025-04-17,Late,False,828.75,,WRBLGBS1,,89.0,Yes,48.0
64dc2ecb-82f2-478f-a118-5c78ed849347,2023-07-20,Paid,False,1146.56,UPI,FNSCGBQ3,AGT-8058,22.0,Yes,49.0
12058c3f-b2a2-4039-b25c-25f4ab664dd3,2024-02-28,Paid,False,855.32,Credit Card,SRIFGB1G,,36.0,Yes,19.0
03015584-9d4c-4be2-98c0-13b5a77fe6df,2024-05-15,Paid,False,235.68,,ZPNQGB0I,AGT-0057,54.0,No,18.0
0e89208a-62f0-4a01-a1ec-3ff6b4636490,2023-08-05,Paid,False,235.54,Cash,JOGIGBWN,AGT-9737,71.0,No,48.0
c7e561df-0845-4dcc-b64d-1ed9d26f42ed,2024-06-24,Pending,False,1263.27,NEFT,VYOMGBAP,AGT-0041,80.0,No,55.0
6c9e56f7-bec6-4d5c-abcb-9889c366fc64,2024-05-12,Late,False,283.47,NEFT,BXORGB9X,AGT-3705,17.0,Yes,24.0
809bd7c4-f2db-40e6-a521-2fcf170e8572,2024-02-23,Missed,True,1498.25,Cash,MUWCGBQP,,44.0,No,5.0
f649ad22-43af-4b69-b073-4b565430f5ac,,Late,False,102.48,Credit Card,WONFGBU5,AGT-5254,36.0,Yes,5.0
221e6300-7f4f-461f-897a-c08bbef589ef,2024-02-12,Missed,True,727.08,Cash,PDKVGBZ4,AGT-0614,32.0,No,1.0
d7cfc826-2159-4278-bb3f-dbc0043d11ac,2025-04-30,Paid,False,915.19,UPI,VBPBGBHU,AGT-3637,76.0,Yes,8.0
,2023-10-19,Late,False,120.38,Cash,JZAIGB2X,AGT-3825,50.0,,
79afbc3a-ea2b-4900-9cef-8fe50ec32197,2024-02-23,Pending,False,1023.88,NEFT,LOLEGB2L,AGT-1001,0.0,,56.0
f366e5a9-d668-43f2-887d-5bc42abe1934,2024-06-29,,False,,Credit Card,MQFHGB0E,AGT-1051,85.0,Yes,32.0
83680a98-0d65-49b7-9915-9b30c257db7a,2025-06-19,Pending,False,1134.59,Credit Card,FCLEGB1L,AGT-2352,,Yes,15.0
4da6ea09-066c-435c-a905-207d780bc11b,2024-10-31,Pending,False,462.82,NEFT,WDXGGB0A,AGT-9707,47.0,No,26.0
167d0ffa-40b9-47a1-bcf6-e1bb43000592,2025-05-17,Paid,False,1975.44,Credit Card,FUVDGB93,AGT-2531,71.0,Yes,47.0
,2025-03-18,Missed,True,1442.11,NEFT,WBUMGBJR,,55.0,Yes,32.0
7ff5abfa-ed3c-400f-8481-42a336cc43b8,2024-01-15,Pending,False,1638.08,Credit Card,PJRRGBB5,AGT-6204,55.0,,10.0
cb627c3a-9353-4db1-81b8-96f1e9def022,2023-09-19,Paid,False,1805.94,Credit Card,QKPRGBOT,AGT-4771,72.0,Yes,56.0
f459d68d-2acf-4993-9ad0-accb947dbb57,2025-04-14,Pending,False,1439.45,Cash,GTPDGBO9,AGT-2755,87.0,No,41.0
2893ed27-799e-42c5-9826-3c692023d01b,2023-12-12,Paid,False,1181.54,NEFT,TPOCGB4F,AGT-1563,54.0,No,45.0
4514b90c-b303-4e59-be55-5c9797542764,2023-11-09,Late,False,985.21,Credit Card,SFFCGBCR,AGT-7248,15.0,No,48.0
8089dc66-ab5a-45da-9d52-b4d4320fa5b5,2025-06-08,Late,False,1420.95,NEFT,CNWBGB18,AGT-3550,37.0,Yes,50.0
08277ca4-0d3c-4a60-8e07-554894d2d881,2024-12-11,Pending,False,164.8,Cash,EAOOGBSL,AGT-2368,69.0,Yes,38.0
15ee72b5-4d17-4e7a-b073-01a1e8e2b268,2025-03-19,Missed,True,1894.01,Credit Card,XOHLGBDF,AGT-4163,32.0,No,50.0
9b423ef1-0389-46e0-baad-2b0ffb622f97,2024-06-10,Paid,False,,UPI,CGUAGBP3,AGT-5859,24.0,Yes,12.0
95db1d32-87ce-4a47-9800-fe36f41f8bf2,2024-10-04,,True,1331.06,Cash,LVKWGBSR,AGT-8760,83.0,No,1.0
df81a5e4-5aea-40a5-94cd-9af4223cdfec,2024-02-03,Missed,True,1555.41,Credit Card,MISFGBME,AGT-7243,9.0,No,31.0
1c81ecbc-e438-4d44-83cf-6a097d9ee910,2025-01-24,Pending,False,286.32,UPI,FTVEGB0N,AGT-1653,28.0,No,17.0
dd4b3f9f-e88f-4632-a11b-85596fc1097b,2025-01-02,Pending,False,124.15,Credit Card,VIWUGBYP,AGT-2804,15.0,Yes,21.0
76132550-1776-4a5c-bef0-c845c9b7c03b,2023-09-29,Missed,True,538.82,Credit Card,GLMVGBP9,AGT-3575,86.0,No,18.0
c891b8f3-aa4f-4450-ab6a-6502b212dc91,2023-12-09,,False,1133.34,Cash,ALUEGBXC,AGT-0732,52.0,Yes,28.0
8c5d132b-9760-422f-a414-8357896139b5,2024-12-11,Late,False,668.44,Cash,CDLOGBCS,AGT-6203,85.0,No,57.0
9cdd0085-9e15-4a3b-a299-585ce0640fef,2025-02-27,Paid,False,1880.14,NEFT,SXGTGB60,AGT-3052,36.0,No,37.0
5a5e019f-bd77-4f23-a769-ccc4ebd29fc7,2024-09-21,Late,False,452.92,UPI,OYTTGBZN,AGT-5299,71.0,Yes,48.0
3c4aff4d-0512-4c49-a97f-66972743d2ca,2024-12-26,Pending,False,1318.41,NEFT,CKMRGBSH,AGT-6762,72.0,No,49.0
6024c974-0fbe-4512-8495-00d68860fe00,2023-12-21,Late,False,531.48,Cash,ERILGB3Z,AGT-8981,30.0,No,33.0
61200a30-14cd-409c-aa20-f3adb893e34b,2023-09-05,Late,False,1794.15,Credit Card,FWHUGBKT,AGT-4951,73.0,Yes,29.0
dee3e8bf-fed9-4416-b8b6-667435f4ccea,2024-08-30,Pending,False,1619.24,UPI,UWPYGBKG,AGT-8545,51.0,Yes,23.0
13c9504f-5a74-4ba5-a33c-8eace34fbe3a,2024-01-22,,False,756.79,UPI,CNXEGBBZ,AGT-7753,58.0,Yes,33.0
34b10b49-01f9-436c-bb24-cc206234a401,2023-07-24,Paid,False,1326.12,UPI,ZFXNGB4Z,AGT-8028,34.0,No,55.0
3f193eab-1960-434b-8dfb-b044a6432c5c,2024-04-17,Late,False,1600.52,NEFT,GMKLGB9C,AGT-5007,48.0,Yes,34.0
efd8a1df-1dcc-4e52-9869-796dd14c2d50,2024-01-11,Missed,True,681.19,Cash,WUFWGBX6,AGT-8098,18.0,No,59.0
3f80e93a-7978-453d-9f98-5379c4b9988a,2023-08-25,Pending,False,1849.63,Cash,PIYTGBCB,AGT-6479,40.0,Yes,28.0
8f75594c-6aff-404a-ac81-18e3c68596de,2024-08-14,Late,False,847.8,NEFT,UYHQGBDU,AGT-7086,55.0,No,58.0
fd4122f9-84bf-42c5-822f-d10a0ce2ceb9,2024-02-18,Pending,False,544.79,NEFT,SFFOGBBM,,0.0,Yes,
,2024-04-30,Paid,False,1107.2,UPI,UVVLGBLE,AGT-8760,80.0,Yes,28.0
71ed38d6-4e9b-4430-b57a-ada6a095997a,2025-06-21,Paid,,430.0,NEFT,POHWGBVB,AGT-2594,68.0,Yes,20.0
ea3cf76f-1e55-4dda-88ad-d0f395b844e8,2025-03-02,Paid,False,822.04,Credit Card,FEDAGBKI,AGT-6299,70.0,No,47.0
,2024-12-20,Paid,False,1218.91,NEFT,TCRSGB84,AGT-8217,,No,46.0
d164d151-545c-4562-b488-3b248ba64109,2025-04-08,Paid,False,566.62,UPI,SFJJGBT1,AGT-1294,35.0,Yes,25.0
a37558de-35ca-495f-a9d6-0988be29545b,2025-07-09,Paid,False,229.57,,PUFVGB4Q,AGT-6066,36.0,Yes,30.0
122d999f-9ae7-4f38-b280-92f64d4bc2cb,2024-12-03,Missed,True,1783.97,UPI,,AGT-0053,72.0,,25.0
8600cd21-c691-44c1-8548-3686c345a864,2024-08-16,Missed,True,631.37,Cash,,AGT-9718,21.0,No,38.0
c2cafbbe-e0a7-4ea5-bb34-bdf271202999,2024-12-01,Pending,False,651.53,Cash,HGESGBPG,AGT-9641,44.0,No,9.0
4874b01b-eba3-488a-891c-fdcf68b7b5e8,2024-03-02,,True,446.82,NEFT,TLQLGBV9,AGT-3484,63.0,No,20.0
ac3f1a11-049c-48b9-8d7d-194db98fdfee,2024-09-20,,False,1406.92,Cash,,AGT-8677,17.0,Yes,14.0
3110d9fb-9f14-4a40-a0e7-2f8da09fa125,2025-02-16,Pending,False,1452.52,Credit Card,OMOHGBR5,AGT-5447,3.0,Yes,58.0
2ca1e5dd-d021-4a19-a7c3-101dade94dec,2024-12-08,Pending,False,,NEFT,YELRGBQE,AGT-2476,58.0,Yes,6.0
aff1d51f-0be3-47e4-95fa-5cf759bda09f,2023-08-25,Pending,False,319.86,NEFT,QLYXGBT2,AGT-3521,83.0,No,28.0
65e27e68-5e22-48d1-a45b-f0b8e40f4443,2024-05-11,Late,False,597.78,Cash,MQZZGBTC,AGT-7494,21.0,No,40.0
666133f7-88f4-445c-b2c8-44ec02d16a1d,2023-08-02,Late,False,523.47,Credit Card,WDYOGB1H,AGT-3577,66.0,Yes,51.0
52c6ae1a-7a85-4d73-918e-d94312586790,2025-03-24,Pending,False,770.09,UPI,WOVMGBF7,AGT-7442,41.0,No,28.0
89582f9f-45e0-4aea-9751-392ea35f147f,2023-08-11,Paid,False,623.58,Cash,HXSUGB8N,AGT-0562,68.0,No,23.0
b8527857-7634-491f-8502-c3f429c4931f,,Paid,False,1436.94,Credit Card,QWRGGBVW,AGT-6699,78.0,Yes,17.0
439c3474-ed54-4d24-ad09-28aa85afe57a,2023-12-04,Missed,True,550.0,Credit Card,MORBGBJT,AGT-7303,12.0,Yes,7.0
9c963eb6-2f95-4b22-a855-aa5df4460b83,2025-02-28,Paid,,1873.61,UPI,GKZHGBQL,AGT-1300,75.0,No,50.0
aee13e31-8fda-4440-b7b4-c9c5084e6364,2024-07-27,Pending,False,661.03,NEFT,XHGHGB0M,AGT-9608,,Yes,42.0
f9562b5c-9f0b-4bfc-b748-f49674a91fe3,2024-09-04,Late,False,1398.36,Credit Card,WCHEGBX0,AGT-8749,75.0,Yes,8.0
f24fd67a-5fd6-4d99-ae6e-e8571483251a,2025-01-26,Paid,False,579.87,Cash,FTNZGBMY,AGT-3246,47.0,No,33.0
50ea5bc5-2780-41bb-8c5b-187737bf2c42,2023-10-24,Paid,False,1250.19,NEFT,WLWLGBM3,AGT-8912,79.0,Yes,7.0
d3bf0186-4720-468f-8ce6-7aa2f1ffefeb,2024-11-28,Paid,False,406.07,Cash,INYIGB2M,AGT-5660,72.0,Yes,47.0
13eebb88-27e4-482c-8aa3-eca88d2933e0,2023-09-01,Missed,True,513.78,Cash,QLAWGBU3,AGT-6949,39.0,Yes,54.0
39e4ad7e-5a0e-4d4a-9793-3fbb3d8c388a,2024-01-27,Late,False,1499.66,NEFT,HUNJGBSI,AGT-8675,1.0,Yes,9.0
12d97131-d095-45a6-a76f-95eff750bfc5,2025-01-22,Missed,True,1075.25,UPI,WLYXGB15,AGT-4369,12.0,Yes,32.0
8dc2f32c-c6d9-419d-9d69-fc38870a2fa0,2025-04-13,Missed,True,1925.74,Credit Card,AWAMGBYN,AGT-1898,27.0,No,7.0
,2023-10-25,Missed,True,1612.46,UPI,IJJYGBSU,AGT-3065,56.0,Yes,32.0
7044e737-9440-4386-aec0-3f9d43c4260f,2024-09-05,Paid,False,616.35,UPI,HMOXGBD4,AGT-0149,84.0,Yes,32.0
0b856288-20b7-43bf-8058-7edb609d06aa,2025-05-05,Missed,True,1197.23,Cash,SSSOGBTE,,4.0,Yes,52.0
6ac70fdc-81e1-475e-91d9-e07613935b8d,2024-01-01,Paid,False,,Credit Card,ANWFGBPJ,AGT-0748,6.0,Yes,54.0
635ceb79-7a60-4786-80da-d0f48a51cc3f,2024-06-04,Missed,True,764.67,Cash,HMFOGBAG,AGT-4955,21.0,No,21.0
f2bc281b-1f51-48da-8672-c2960bbc70aa,2025-03-06,Pending,False,296.83,Credit Card,TSPJGBSC,,49.0,No,22.0
157fd804-772e-400b-b79f-addd3f0f3fbe,2024-07-31,Late,False,1080.99,NEFT,QLCAGBF7,AGT-4021,,No,7.0
9db6ca1a-f49b-4b91-b04a-110c1f7d34d1,2025-05-18,Paid,False,711.93,NEFT,BUWNGB83,AGT-7192,0.0,No,
acfcb2d4-ae73-42f5-ac5c-abda95d2a4b5,2024-08-08,Paid,False,1831.59,Cash,PKPGGBH6,AGT-9399,15.0,No,43.0
22d7f491-1364-4001-8f2c-ece25206924a,2024-06-28,Missed,True,215.34,NEFT,ZQMHGBVG,AGT-6582,41.0,Yes,1.0
bdf2b097-e69c-4990-8ee6-0844655eb2ac,2024-12-03,Paid,False,1394.25,Credit Card,NCZVGBCW,AGT-2513,3.0,,7.0
dbe7fe71-d168-4446-9fa4-ce44916718d9,2023-10-04,Late,False,1503.22,UPI,DFGTGBOC,AGT-8353,35.0,Yes,19.0
4bf9a81b-b7e4-456e-a9a4-767ff75bf6f1,2024-03-08,Pending,False,1635.56,UPI,WRXRGBH6,AGT-8160,,,42.0
1aa7576d-52b8-4c3e-a402-18f5bd76ce5d,2024-04-01,Paid,False,899.88,Cash,BFLTGB1P,AGT-4066,48.0,Yes,24.0
bcf0085d-34d9-4d0d-a51c-53e93fe1dd7c,2023-10-18,Pending,False,1974.16,Credit Card,GPJCGBYE,,59.0,Yes,53.0
5f481300-b378-4011-8b03-1de2213b04bb,2024-09-12,Pending,,245.66,Cash,DYKKGB68,AGT-6791,1.0,No,7.0
69d84931-e1a2-4c3b-9ff0-a49271062d49,2025-01-07,Missed,True,372.33,Cash,IXOFGBMA,AGT-3727,70.0,No,51.0
bd2d2fb6-41e3-4101-a857-e817418ed615,2023-07-19,Missed,True,167.2,UPI,GBHRGBG3,AGT-7124,89.0,No,6.0
de4f1aac-b731-41bd-a4c0-95740504ca95,2023-10-05,Missed,True,1932.23,UPI,HVAHGBAE,AGT-9561,12.0,No,11.0
d5cc3627-bceb-41f4-a591-11457744f33d,2025-04-27,Late,False,1217.51,Cash,MGTZGBCZ,AGT-4453,40.0,Yes,15.0
c93e7c97-95fc-46a6-99bb-b72b764d0711,2024-07-20,Late,False,918.67,Credit Card,JWWMGBG9,AGT-0633,85.0,No,16.0
f5ed3960-dc56-46d1-a86b-536711842e7a,2025-05-26,Missed,True,1490.63,UPI,SSNPGB4O,AGT-9058,42.0,Yes,47.0
0013ca8c-809a-47a1-89f9-e30f6ac36576,2025-04-05,Late,False,328.73,Cash,XJFMGB07,AGT-1472,19.0,No,27.0
bd59a2e4-9e41-48c6-919f-b70e64923372,2023-07-20,Late,False,1298.58,NEFT,YRZBGBXP,AGT-3755,77.0,No,7.0
9e5e1ad9-07bb-4c85-9b59-f3758bfc2adf,2025-04-27,Late,False,1908.02,NEFT,UAOAGBZO,AGT-4026,46.0,,2.0
6525571f-548a-4233-9971-4e67c874eecf,2025-06-16,Missed,True,1479.29,NEFT,WMKDGB44,AGT-9005,24.0,No,28.0
f5ef676f-690c-4d0a-8b08-ff98b12bb2e9,2024-01-04,Missed,True,1030.41,UPI,UBRUGBO4,AGT-5499,,Yes,5.0
c9f32aba-c1dd-4a57-9af5-52e2ed5ec5bb,2024-03-17,Late,False,980.91,NEFT,OKLDGBC2,AGT-0598,74.0,No,18.0
7d963d3d-2969-424e-bf4b-b6a79fd4e680,2024-02-14,Late,False,945.77,NEFT,YZKYGBWS,,58.0,Yes,8.0
ef878145-6df9-432c-9f53-db1536b89ac3,2023-11-10,Paid,False,866.54,NEFT,XGCPGB87,AGT-0967,6.0,No,36.0
d4528552-cf78-4de7-bd2e-a0c01f66a6da,2025-07-13,Paid,False,,,XNGGGBUA,AGT-7740,79.0,No,27.0
3283737a-ecf7-4d23-9f62-f768f07844d7,2024-01-21,Missed,,384.91,NEFT,WNUKGBA1,AGT-6833,76.0,No,5.0
6319a59e-f750-4121-ac0e-c535af38fc6a,2024-10-16,Late,False,1186.39,UPI,KBEIGBCH,,20.0,No,35.0
aa4a2e29-cb4e-4ce8-847a-dc20b1c7ddbb,2024-01-31,Pending,False,1436.18,NEFT,NUMUGBBU,AGT-4986,,Yes,45.0
c3cfaa28-4298-4cdf-a0c5-1ef971de3ee3,2023-11-26,Missed,True,180.81,Credit Card,PDKMGBGQ,AGT-5178,34.0,No,31.0
924c3211-d6e5-48b9-a9ee-814c5849e400,2024-02-18,Late,False,500.61,NEFT,IXCWGB79,AGT-6822,66.0,Yes,47.0
d1e79816-18a0-4efa-827a-8defd89f94ef,2024-12-21,Late,False,123.18,UPI,PGUAGBC7,AGT-8132,76.0,No,31.0
96fd96f7-9a40-43f0-884e-77c8944ec7f1,2024-12-15,Pending,False,334.63,Cash,WUYLGBKW,AGT-6290,71.0,No,23.0
1b3dd86e-1af2-4c2e-b06c-9da26f11580d,,Missed,True,1480.82,Cash,UFLAGBC0,AGT-8780,79.0,No,15.0
a09c3bf2-6115-4dcb-ae1f-866c8d523696,2023-11-02,Missed,True,1390.92,Cash,UUZPGBL1,AGT-2644,10.0,Yes,57.0
3f216107-1031-45ee-925a-1023dc774316,,Late,False,883.23,Credit Card,,AGT-7900,80.0,,37.0
17f5caeb-ba29-45e7-a923-e195afa1efaf,2025-04-03,Late,False,1757.91,UPI,XFFGGBA7,AGT-4950,73.0,Yes,29.0
8aff8618-7fab-4649-891b-ba77524cde4e,2024-11-19,Pending,False,260.17,Credit Card,CCSCGBTW,AGT-9481,29.0,No,53.0
5146fb1c-10af-4794-922a-7a9892fcc231,2024-12-29,Pending,False,513.0,UPI,AYNCGBKQ,AGT-6005,37.0,Yes,19.0
4a0099a4-d4ee-4641-9675-ff032732b3aa,2025-02-14,Pending,False,1593.91,Cash,BZNSGBHT,AGT-5609,1.0,No,53.0
267a81f4-7daa-4cf7-ba38-03ed0c9829b5,2025-01-04,Missed,True,1304.98,NEFT,LPOIGBF7,AGT-2330,76.0,No,
d6a7ccd5-6dd6-4356-91b6-92ed92a2e646,2025-03-17,Paid,False,531.16,,XYVAGBBG,AGT-5338,42.0,No,40.0
3c5f12e7-7263-4f0b-81ca-b0b3a1527192,2024-03-27,Paid,False,519.67,Cash,CWEWGBR3,AGT-1372,34.0,No,41.0
4deb4bb8-c050-4f01-8ff0-ed25fc511c8b,2023-09-08,Paid,False,641.66,UPI,KDYZGBYN,AGT-3963,84.0,No,12.0
e1698864-4415-44b4-8124-ed5db27601de,2024-02-27,Paid,False,1357.26,Credit Card,FDJDGBXV,AGT-4337,22.0,No,28.0
1790c50e-da6d-4d87-8a7b-151e29fafbf5,2024-04-27,Late,False,924.55,Credit Card,,AGT-5101,35.0,No,
b464c7d9-d7d0-4dda-b348-85a8d0ba5009,2024-10-22,Paid,False,1276.13,NEFT,WJBTGBU2,AGT-1647,61.0,Yes,42.0
f389a588-d565-4704-8fe6-38ba433bf197,2024-01-22,Late,False,1419.13,,VIJJGBU7,AGT-1037,83.0,No,21.0
a3673d9e-138e-4b01-8c27-f2621097a7b1,2024-08-20,Pending,False,1711.84,,CKZAGBHV,AGT-0224,89.0,No,6.0
b63f17f2-3581-4911-9192-13bc8982b4de,2023-11-04,Paid,False,847.21,UPI,YIEDGBGM,AGT-1948,53.0,Yes,34.0
f4f3dc27-9e20-48a5-b5d2-a241aa3d9651,2025-03-21,Pending,False,910.14,NEFT,HASKGBJZ,AGT-5949,76.0,Yes,46.0
446dfc82-501f-43cc-985b-a12eb3ccf16b,2024-10-29,Missed,True,1112.86,Credit Card,IBZOGBV5,AGT-7509,34.0,Yes,56.0
221fdd3d-ac4d-4d72-a41c-587b53c7048f,2025-04-13,Late,False,1182.35,,RUPBGBCN,AGT-4455,30.0,No,44.0
,2023-12-27,Pending,False,1427.14,NEFT,ISCMGBMS,AGT-1766,37.0,Yes,54.0
cce3b2f9-850f-4957-b4c5-6e6aacd3511a,2023-09-15,Pending,False,1371.96,UPI,JTIDGBV9,AGT-9167,36.0,Yes,
b5f74feb-632d-4726-80b6-64afc76f3c50,2023-07-26,Missed,True,425.67,UPI,LMJOGBK0,AGT-0125,61.0,No,10.0
b56ca665-ccbf-4760-9e4f-f58cd835d96a,2024-05-28,Pending,False,,UPI,RRMRGB83,AGT-6301,86.0,Yes,34.0
70dadf65-12ec-4a1f-ac9c-6995890236a7,2024-01-16,Missed,True,820.17,NEFT,MZQJGBXF,AGT-0792,55.0,Yes,13.0
aae71894-e165-4866-93c1-75e0b2cb0f81,2023-11-12,Paid,False,1394.43,Credit Card,XDZLGBRI,AGT-4459,83.0,No,4.0
5920f04c-f885-4929-a606-95c7bee0cf85,2023-07-27,Late,False,1774.3,Credit Card,OWHWGB8V,AGT-7752,76.0,,55.0
21405481-6101-414e-8a9b-3d01b4be99f9,2024-12-27,Paid,,1757.0,Credit Card,GYXCGB5K,AGT-6135,23.0,Yes,55.0
39188c11-2f75-4b16-9c74-bb3a98ed9225,2023-10-21,Late,False,802.9,UPI,ALTXGBLV,AGT-8514,8.0,Yes,
,2025-03-06,Paid,False,,Credit Card,OXEGGBLL,AGT-3658,63.0,Yes,43.0
1270a88b-4220-4473-b16d-b04994454c8c,2024-10-29,Late,False,376.49,Credit Card,LCRJGBHO,AGT-8974,86.0,Yes,17.0
c0ec90e2-5064-47e9-affe-394274fb4563,2024-04-28,Paid,False,1190.89,UPI,VKHHGBDS,AGT-6300,84.0,No,11.0
402f21bc-2ccf-4560-a907-624f785c6a23,2025-04-02,Pending,False,1258.6,NEFT,UTXEGB5W,AGT-5815,29.0,No,
ec07824b-dc09-48cf-8549-2092f5160c8e,2025-03-30,Late,False,1976.69,UPI,SWXEGBPY,AGT-3092,64.0,Yes,14.0
d41cb179-8ea8-47df-aadc-0fc15bae46ca,2025-01-03,Paid,False,467.78,NEFT,MMUIGB0J,,44.0,No,30.0
6cf72700-7eb8-4758-838d-879c483ca5be,2023-09-08,Missed,True,1971.74,UPI,KNSLGBVX,AGT-3824,10.0,Yes,6.0
c1385fde-ada4-4174-8a85-ef1ce144a402,2025-01-12,Paid,False,439.81,UPI,,AGT-7800,86.0,No,
a5092bf5-1e81-4a3c-9656-388f4c81aaf4,2023-08-18,Paid,False,656.54,Credit Card,UZTWGBWQ,AGT-1292,70.0,Yes,
c0ef45d1-9872-4da8-93bd-7dac429f213b,2024-06-04,Late,False,790.7,Credit Card,AIUQGBZG,AGT-8204,43.0,Yes,27.0
6f4bdd7a-a749-4b56-8fa5-c5dec076f173,2024-08-05,Paid,False,713.64,Credit Card,CXRHGB76,AGT-9134,,No,44.0
3fb81e58-fb59-4616-b2ab-7b221e30196f,2024-10-11,Late,False,,NEFT,TRXUGBC5,AGT-2439,60.0,Yes,46.0
46ca05fb-6c55-475d-9db9-11be96f51dea,2023-09-24,Pending,False,,NEFT,VGULGB6D,AGT-6249,32.0,Yes,55.0
02b23ea9-32dd-45dc-9c68-d9604c9406bc,2025-03-09,Late,False,324.85,NEFT,DXBGGBUO,AGT-4908,35.0,No,59.0
a8851554-0b99-4bab-9ce7-4dbd37de623a,2023-12-18,Missed,True,780.49,NEFT,AVTZGBIO,AGT-7213,73.0,Yes,
7904ff40-4962-4a07-b3e7-7e6ec8594930,2024-04-24,Late,False,260.6,Cash,SFRDGBJN,AGT-0787,71.0,Yes,6.0
9f735116-70ad-4ab2-b54a-e8ecefb8b326,2024-09-03,Late,False,444.83,UPI,VZVQGB3A,AGT-0274,15.0,No,25.0
557118d6-2879-4742-87ad-de3cf271b6a9,2024-01-24,Missed,True,315.1,Cash,WNYAGB05,AGT-4613,52.0,Yes,36.0
0f5c8beb-8b38-4653-abad-546b6167add7,2024-11-27,Paid,False,1717.12,NEFT,NQIQGBLO,AGT-1309,11.0,No,45.0
5cd1fb4a-926a-4e11-bfaf-b626f9245269,,Paid,False,1669.29,Credit Card,ROWPGBHT,AGT-3929,23.0,No,37.0
1002894a-b75d-4d78-b295-cf74a57d206c,2023-07-22,Missed,True,249.75,Credit Card,LRCEGBR4,AGT-8649,38.0,Yes,27.0
7595ec46-cbe1-41fb-894e-c4b6b36a7866,2024-12-15,Pending,False,573.97,Credit Card,EJJHGBOP,AGT-2957,49.0,No,7.0
3a2465f4-901d-4279-ad26-3a3cc43d6393,2025-02-04,Late,False,1819.98,NEFT,FSYYGB43,AGT-3104,78.0,Yes,48.0
63e53ba4-a009-49c2-97f9-1493779f7b50,2025-05-31,Paid,False,1056.53,NEFT,EFXLGBVH,AGT-4654,85.0,Yes,22.0
,,Pending,False,649.43,NEFT,OTXVGBHG,AGT-8092,46.0,No,50.0
b9050439-03c9-4a15-b7ea-6c28bdc5b717,2024-03-23,Pending,False,484.98,Cash,ARPNGBO3,AGT-8821,46.0,Yes,52.0
0a96ee65-ac61-49ac-b42a-8b14b0735ff7,2024-02-08,Paid,,957.62,Cash,SXIIGBOG,AGT-0247,37.0,Yes,54.0
59d85fa6-b52f-4bcf-9294-b966425f5f8b,2025-03-30,Missed,True,368.05,Cash,QQXAGBNM,,4.0,Yes,9.0
2ca0d486-de54-4934-9514-ac65f60de09b,2024-10-06,Missed,True,555.87,UPI,STKCGBQP,AGT-6459,12.0,No,21.0
b15b3f95-6d05-42ee-9fbf-420ae20e9496,2024-01-10,Missed,True,1618.56,NEFT,BIDDGBIB,AGT-5186,48.0,Yes,
86bb8fb0-3bfb-4421-8c94-3f078060215a,2023-11-03,Paid,False,956.28,Credit Card,,AGT-9038,9.0,Yes,9.0
e6696910-f625-4c8c-99a1-7c64076a17df,2025-03-15,Missed,True,203.57,UPI,LTZUGB7M,AGT-4554,40.0,No,7.0
89cba3e5-70b3-45a0-ab65-71d15b2cd825,2024-04-23,Paid,False,1020.9,Cash,XDFLGBSG,,73.0,No,32.0
aaf823d7-6ac4-430a-84ae-f9d376b36641,2025-03-18,Missed,True,735.88,Credit Card,HXYHGB6F,AGT-9127,69.0,No,18.0
478e6d01-83c7-4b02-874d-8accf7578e7b,2024-08-20,Missed,True,1094.18,Cash,PSQSGBJO,AGT-2138,16.0,No,7.0
cc44a16a-48c1-47d8-8c2b-a7bb4e1d07fb,2024-06-22,Pending,False,1277.54,,LYFDGB67,AGT-6438,4.0,No,27.0
96107b6f-def2-4f58-a44f-0ae007c664cf,2023-12-20,Pending,False,1616.89,Cash,OPDLGBHN,,72.0,Yes,12.0
1cf474b3-66f6-450f-af67-aa073c3ee80c,2024-08-04,Pending,False,776.98,Credit Card,QFUVGBYX,AGT-6583,,No,45.0
05cd822b-3d0f-45db-a6f8-71fe02330f2c,,Missed,True,792.42,Cash,HPZOGBBF,AGT-5474,62.0,Yes,26.0
6aad0ecb-b60f-4573-8d04-4dc4eb909a98,2024-05-21,Paid,False,1747.39,Credit Card,AFIEGB2F,AGT-4461,76.0,,34.0
e0284da0-f725-4171-9fae-212035fe4d92,2025-06-09,Missed,True,805.69,Credit Card,BUIEGBDY,AGT-9757,76.0,No,10.0
7c33657a-fe30-454e-8cb0-5d48fb079993,2024-04-27,Pending,False,1194.34,UPI,,AGT-5535,37.0,No,10.0
c0418ce0-e246-4df4-a618-adfb78488b33,2025-02-12,Missed,True,364.57,Cash,WECBGBYN,AGT-4477,45.0,Yes,9.0
c745d62a-28de-4919-b5fd-a3391da47455,2024-09-06,Pending,False,1919.98,Credit Card,PPFMGB96,AGT-9563,74.0,Yes,25.0
61bf28c2-e317-44a9-9738-501a81317eed,2024-04-15,Late,False,1054.04,Cash,JOBUGBOT,AGT-3332,58.0,No,4.0
,2023-09-28,Late,False,1434.57,Cash,OBQAGBRX,AGT-3295,31.0,Yes,4.0
77b47abb-0dce-4910-8876-273f87bbe550,2024-04-09,Late,False,273.78,NEFT,ATWFGBIU,AGT-4775,30.0,No,17.0
ebd8f82a-836f-4a27-aeb5-58f5b33f3f2e,,Pending,False,1925.16,UPI,FBRSGBVH,AGT-3166,47.0,No,12.0
6b6153ca-41f1-42ac-b31c-9eb4fcd70261,2025-06-02,Paid,False,1259.22,Cash,ZHYVGB2E,AGT-2102,41.0,No,14.0
21c46a06-3ae7-4da0-bbc0-74cea895a72b,2024-02-21,Paid,False,606.32,UPI,CCTAGBGH,AGT-4948,0.0,No,7.0
f2fb8576-6c70-4efc-84a0-8064013ae3d7,2024-08-06,,False,1113.7,Cash,ZJBZGBYV,AGT-8967,35.0,No,34.0
41521ec3-6a8b-4954-8a1e-8badaf30d4c0,2023-08-30,Pending,False,121.22,NEFT,LWJTGBG8,AGT-2878,21.0,No,8.0
73521bc7-ba85-4885-a814-48386839421c,2025-02-23,Late,False,1882.68,Cash,WBWUGBZ8,AGT-6599,34.0,No,20.0
ea8bf145-9983-4ee1-82fb-a408b010b0d3,2023-10-30,Paid,False,1857.96,UPI,,AGT-5842,44.0,Yes,32.0
,2024-08-17,Late,False,519.35,NEFT,JUCZGBP1,,12.0,Yes,51.0
3a40b5b1-934b-424b-955a-22565716b53f,2024-02-25,Pending,False,1871.24,Credit Card,JVRGGBBT,AGT-7694,5.0,No,25.0
b05293fb-b5e5-4b6d-b846-ea2a74a48045,2024-02-24,Late,False,616.0,UPI,DQXLGBIT,AGT-1359,63.0,Yes,19.0
1b288e76-22db-490e-92ac-75ef13213b2d,2025-04-25,Paid,False,118.63,UPI,PLFUGB39,,24.0,Yes,17.0
4223a474-44cc-409a-abc6-74d2abfb17e1,2024-01-28,Missed,True,1127.11,Cash,JMZUGBW8,AGT-0521,71.0,No,7.0
9bb9e901-ce50-41aa-888a-38e687f227d2,2025-07-01,Missed,True,1238.95,Credit Card,GUPVGBCV,AGT-0612,86.0,No,41.0
c39829ec-f973-49e0-842a-7b1dcc1b8601,2025-01-07,Missed,True,479.5,Credit Card,RRXCGBTA,AGT-8733,,No,30.0
653eddbb-3ca4-407f-aa36-2b1e8cedd527,2024-06-19,Paid,False,775.79,UPI,PAQDGBQ3,AGT-2965,18.0,No,12.0
f4a7f5ae-3b5c-4175-8a56-87a3865cd1ad,2024-06-03,Missed,True,1781.33,NEFT,YAICGBSB,AGT-3613,74.0,Yes,43.0
1dac73b4-b3b1-4433-abdc-6f87e2e9fa96,2024-05-26,Paid,False,538.04,Cash,KYCVGBDC,AGT-0328,45.0,Yes,14.0
c93601d7-10b7-436a-8f4c-5c25d1f25aaa,2025-04-20,Paid,False,605.73,UPI,QPJUGBCI,AGT-6042,19.0,Yes,13.0
0cee5f49-268c-49ec-b959-e34bbfb7e29f,2024-09-20,Late,False,929.36,NEFT,BQLMGBE5,AGT-7847,44.0,No,16.0
1c9a3c92-1692-4307-ac43-c5296f8de4ec,2024-02-02,Paid,False,244.84,Cash,IGCIGBJK,AGT-5420,6.0,No,33.0
a893a797-2a7c-4af8-a1b3-c7596abb714e,2024-10-05,Late,False,797.26,Cash,AHFEGBO5,AGT-1719,85.0,Yes,23.0
2ef059d9-086b-4667-9de8-32aeeffb3da2,2024-06-17,Pending,False,1918.57,NEFT,URPZGBVX,AGT-4132,36.0,Yes,31.0
7c3a386a-ed85-469a-ab54-3484b4e3c22a,2023-12-11,Paid,False,,UPI,XWPIGBOG,AGT-2076,20.0,Yes,54.0
,2023-11-02,Late,False,942.35,Credit Card,STPPGBVC,AGT-9919,2.0,No,16.0
e273a68a-d7f7-481d-bb15-4f7774c24448,2024-04-18,Pending,False,996.81,Cash,XFLVGBCY,AGT-7663,53.0,No,41.0
1d1dc067-14e7-488a-beb2-8f53beb085af,2024-03-24,Paid,False,1056.76,UPI,HHAUGBCM,AGT-4215,50.0,Yes,31.0
020c57de-263c-47af-9aba-1bf230ad76e7,2023-12-06,Missed,True,1716.61,Cash,ZSZTGBXO,AGT-7398,82.0,,
,2023-10-09,Paid,False,690.58,UPI,,AGT-6033,31.0,,56.0
7a13f2df-ba60-4350-a75f-bc38e350db5d,2025-03-26,Pending,False,129.34,NEFT,TMUMGBNB,AGT-9516,63.0,Yes,30.0
,2024-01-24,Late,False,1888.61,Credit Card,OQYSGBZK,AGT-4919,55.0,No,49.0
763d9de1-106b-447b-be35-e131d005c98c,2023-08-03,Pending,False,1531.76,Credit Card,ORGCGB8R,,24.0,No,52.0
c1537120-3cd4-4932-87f3-a593040b785b,2024-08-05,Pending,False,194.47,,KTCQGBSQ,AGT-8640,60.0,Yes,21.0
f8c6b2e4-3c38-4917-8434-40a704849247,2025-02-06,Missed,True,847.35,Credit Card,LNRJGBGD,AGT-5282,66.0,No,39.0
58efac29-0185-4f9a-a233-4739627a7d3e,2025-03-25,Late,False,1450.28,UPI,FLXZGB83,AGT-7161,44.0,No,48.0
0be35ce6-9f5b-4829-8fcd-b8d36bb3267a,2025-01-04,,True,290.5,Cash,NVTKGB1R,AGT-1020,,Yes,28.0
4e92c253-880b-4253-bcab-0218da708d39,2024-04-29,Paid,False,1173.89,UPI,UJSWGBPV,AGT-6723,78.0,No,5.0
a620529c-ac8d-43a8-8ad1-732a1fa43499,2024-05-07,Paid,False,831.03,UPI,BCYYGBWX,AGT-1796,22.0,,14.0
62aade7c-aacc-445a-9677-c1fd26315a94,2024-07-26,Paid,False,631.5,UPI,MEPQGBSJ,AGT-5750,86.0,Yes,59.0
e746ec47-9f7d-4f87-927a-7b93779231d9,2025-01-03,Pending,False,1917.07,Credit Card,HFKZGB86,AGT-7865,16.0,Yes,50.0
25ea7c3a-b3ec-49e9-89c6-910e8e7e5ae4,2024-09-18,Paid,False,259.47,Credit Card,MVHQGB7M,,39.0,No,28.0
2e298b4f-7bbf-4a03-9d27-2f6f46f14bf5,2024-01-11,Pending,False,707.19,UPI,MPNTGB9B,AGT-1432,25.0,Yes,36.0
0d10bd7e-ab33-4166-ac07-42a16dbef25f,2024-05-01,Missed,True,1594.14,UPI,VTYRGBI2,AGT-8121,61.0,,10.0
0d1aeec0-0be0-44a0-b8d2-cab0421ffe8c,2024-07-22,Paid,False,1895.28,Credit Card,HIPLGBOY,AGT-3193,75.0,No,26.0
ca82cb64-c27b-4fe7-a312-46d5abb8098f,2024-11-27,Late,False,1672.42,UPI,NXQBGBVZ,AGT-8988,50.0,Yes,40.0
786b7cd1-1305-44fa-b64e-d1565609cca7,2025-04-15,Late,False,,Credit Card,PUFNGBO1,AGT-5337,29.0,No,36.0
83264d48-d525-4aa6-a54e-8cdce2ccb8c1,2025-04-29,Missed,True,1105.64,UPI,JIYPGBDW,AGT-7663,44.0,Yes,13.0
,2025-06-09,Paid,False,297.73,UPI,DJOWGBUN,AGT-3424,74.0,Yes,44.0
95cd238a-de4c-47ee-9f32-653c4843c56e,2024-07-14,Pending,False,1183.64,UPI,OBDOGB9O,AGT-3467,0.0,Yes,28.0
21fbfe18-011d-460e-a245-78e4dd440de7,2024-09-26,Missed,True,985.13,UPI,UWMDGB49,AGT-0624,3.0,No,24.0
d6b9d936-fd11-48a4-b6d6-dec9d7884d7b,2025-04-24,Pending,False,1453.51,NEFT,WRPKGBH2,AGT-6663,9.0,No,1.0
b73d7d4d-e64f-4608-8e99-e29a20903016,2023-08-25,Paid,False,208.74,Credit Card,PKGKGBP6,AGT-8944,30.0,Yes,59.0
,2024-12-04,Missed,True,1279.8,Cash,TDHGGB06,AGT-7017,59.0,,30.0
4081de83-0073-4411-bdc4-07d912a3edb9,2023-10-06,Late,False,651.65,Cash,LAOBGBIR,AGT-7351,83.0,Yes,9.0
e20d52d8-c917-4aac-8e8d-b233112dcecd,2024-09-09,Late,False,1014.03,UPI,UXZNGBS2,AGT-3299,,Yes,4.0
2143ff59-5ba9-4297-839a-659228341059,2024-09-18,Missed,True,1117.93,NEFT,JXPAGB6U,AGT-3719,16.0,Yes,43.0
d68a3ffc-a03a-4239-a99c-01166804b85a,2024-04-30,Pending,False,690.93,Credit Card,PWSLGBRY,,58.0,No,2.0
275b783c-a781-4b0e-89ae-821c6614fc9a,2024-11-20,Paid,False,166.44,UPI,FRYBGBB1,AGT-2439,72.0,Yes,1.0
e0b03811-5136-4d13-9e97-2f243bea626e,2024-04-18,Pending,,1212.24,UPI,JVHSGBDX,AGT-0877,61.0,No,36.0
20902e24-f90e-411e-85e8-6a6df05ca8f1,2024-05-18,Pending,False,547.94,Cash,PBSWGBVP,AGT-6484,50.0,Yes,45.0
2f8d2d99-bbcc-4a0e-98d9-9ae7dfc0eb89,,Late,False,210.32,Cash,AFIVGBZN,AGT-6894,1.0,,51.0
e2b0b89a-5a1b-48f2-9635-d889fecf0051,2025-02-12,Late,False,,Credit Card,UYVJGB5V,AGT-5473,67.0,Yes,56.0
be4fbbff-3e12-4654-b3b1-631e454083fd,2025-05-23,Late,False,287.11,NEFT,FDLQGBYH,AGT-0831,,No,42.0
04a7da13-e5f9-4083-9293-ce70e1dde100,,Paid,,,NEFT,PFYCGBWD,AGT-8173,85.0,Yes,26.0
b9276e21-7b5d-4d35-9ff9-be78eb45e67d,2025-01-20,Paid,False,,,VMIFGB4H,AGT-6184,48.0,No,41.0
700c5d8b-baf0-4523-898f-dc0a944a4cb2,2024-05-07,Paid,False,1355.78,Cash,KJZRGB9S,AGT-6233,48.0,Yes,11.0
,2025-03-25,Late,False,279.62,NEFT,FPGHGBYF,AGT-5124,35.0,No,52.0
c511d918-61a4-4cef-bf2c-b924d2927760,2024-11-24,Late,False,1299.95,Credit Card,XYPLGBSF,AGT-4445,39.0,No,19.0
f8255293-0f07-4ef4-9ec5-bc05a19f0dd0,2023-10-04,Pending,False,1771.69,Credit Card,HJGVGBND,AGT-2381,49.0,No,45.0
b995c7e7-2286-4fa8-8706-26c002d89bd7,2024-03-20,Late,False,927.72,NEFT,IPNQGBB1,AGT-9482,62.0,Yes,45.0
ed853681-063e-4329-8c19-f3aad92934cb,2024-02-15,Missed,True,,Credit Card,ZYPVGBIR,AGT-6438,88.0,Yes,43.0
,2025-04-21,Paid,False,348.53,Credit Card,PAYRGBSG,AGT-1876,28.0,No,43.0
3434c96c-60d9-47cd-952b-9cbb569067b4,2023-09-10,Late,False,399.13,Credit Card,YNUUGBY9,AGT-5441,21.0,Yes,13.0
18d12de9-6eb8-4d80-b3d4-979d138462ed,2024-08-23,Late,False,1847.14,UPI,CIQOGBTY,AGT-2294,17.0,Yes,37.0
4ffc747c-f188-4c9b-80e9-b4b084d72045,2025-02-27,Paid,False,1405.79,Cash,PMWTGBAY,AGT-0956,30.0,No,3.0
1d8fe786-b2a3-4985-b70c-ef2713634678,2025-07-07,Paid,False,772.76,Cash,ZHEJGB6W,AGT-6497,71.0,Yes,2.0
65011dd4-1446-42f1-beef-4cb77804f394,2025-04-18,Late,False,652.08,Cash,FRDMGBG8,AGT-6466,80.0,No,16.0
f6a59a95-989c-453e-bfa9-60ceb155ab05,2025-05-30,Pending,False,1558.26,NEFT,HUOYGBRH,AGT-1805,17.0,No,27.0
0c672069-57d1-4e61-a7d4-af3e66168d21,2024-09-14,Late,False,1436.69,UPI,EZYGGBF9,AGT-7230,14.0,Yes,48.0
53fffa55-f36f-4b29-9700-cb6b710e557c,2025-03-31,Missed,True,405.18,UPI,PJGHGBG4,AGT-7564,,No,47.0
3690db2d-f02c-449e-b3fb-6c87579c4075,2025-05-04,Pending,,920.08,UPI,NEZOGBRK,AGT-7122,30.0,No,31.0
e03e0e7e-fa98-4a20-accf-56887dcd2417,2024-04-19,Pending,False,707.45,UPI,OVKUGB3N,,31.0,No,11.0
4e86d62d-a3df-4251-b4ea-90d067be1981,2024-03-12,Missed,True,528.86,NEFT,EZLHGB12,AGT-2378,49.0,No,42.0
738a6a20-35ea-4b6b-ab3c-e8bac4c61652,2025-04-13,Pending,False,1709.67,Cash,FMMSGB08,AGT-1032,23.0,No,59.0
d8a41756-b465-447f-86af-2724902478d4,2023-09-01,Pending,False,,Cash,ZYGYGBCS,AGT-0253,10.0,Yes,47.0
3a357244-f41a-468a-8a45-0912ab6b4b98,2024-12-07,,False,461.86,Cash,WFVAGBA9,AGT-3635,10.0,No,58.0
6ba8ffc4-8c85-4454-8b34-814832e480cc,2024-06-21,Pending,False,959.29,Credit Card,UZMFGBBN,,34.0,No,21.0
cddbb9a6-1811-4cda-ae62-9c74dbd0d5dd,2023-12-12,Late,False,1513.37,Cash,JLJQGB0P,AGT-9915,81.0,Yes,30.0
992f5eb2-5e78-4683-8d7b-b709db368fbc,2023-10-24,Paid,False,928.45,NEFT,SQGKGBDS,AGT-1574,55.0,No,23.0
b04e3b55-ac86-4c9f-8215-73a1f5a5581c,2024-09-06,Pending,False,1079.56,NEFT,KIAYGBAB,AGT-2980,,Yes,55.0
ef494f17-ff57-4126-a46d-65362b579527,2024-02-15,Pending,False,1410.03,NEFT,MQDQGBX1,,81.0,No,18.0
10f4c7b4-763e-41b8-ae5b-bc9ac4304243,2024-11-25,Late,False,1897.71,NEFT,WNBZGBUV,AGT-1818,8.0,Yes,12.0
a9e251a6-6b84-4c28-80b6-1bf7aa7fe841,2024-12-28,Pending,False,983.62,Cash,FXRFGBY2,AGT-7841,40.0,Yes,50.0
5e5d9af3-bafd-40eb-b58b-516cf04a3ada,2023-11-11,Late,False,192.18,UPI,HSQIGBDI,AGT-1741,31.0,No,11.0
6e7697a5-8323-4c40-926d-9fc25aa7e6c6,2023-07-31,Paid,False,1558.5,Credit Card,HXNUGBZF,AGT-8150,29.0,No,9.0
7fd8eab5-7264-41ad-8ff3-218e77effefb,2023-07-29,Pending,False,1363.53,NEFT,SLIPGBA5,AGT-0033,62.0,Yes,35.0
,2023-11-18,Missed,True,1207.17,NEFT,VMHFGBZO,AGT-3051,,No,12.0
318cba42-ae4f-4bb5-a564-142b3c387855,2025-07-16,Paid,False,701.64,NEFT,JOGNGBOL,AGT-1734,61.0,Yes,8.0
fee519d3-1b35-49b2-9ebc-fef29a010c3f,2025-06-17,Late,False,659.09,NEFT,IDJLGBHM,AGT-0702,39.0,Yes,47.0
ae228d49-e6ee-4a1b-858e-3e0f28f8691a,2025-04-10,Paid,False,1720.09,NEFT,WHUDGBEU,AGT-4756,41.0,No,28.0
7d7163a5-1ed9-4b5a-b0ac-2d8ae7b03154,2024-07-25,Missed,True,714.09,Cash,BQOCGBOY,AGT-0256,6.0,Yes,39.0
633d560b-0346-48f0-8422-bbd30d678428,2025-01-08,Missed,True,1125.66,Credit Card,OZMOGB4M,AGT-7208,78.0,Yes,54.0
d84807f1-3c20-4e1d-8748-a8ab25c6ae8a,2023-11-09,,False,1599.45,Cash,TWBSGBNL,AGT-2129,57.0,No,15.0
85c6135a-c125-491c-b883-9ea0d807889e,2025-05-30,Missed,True,1088.12,Cash,LKJGGBWN,AGT-9206,74.0,Yes,8.0
81ea3baf-2458-4cc2-ac8a-fc6ec74de7d3,2024-12-23,Missed,True,217.12,Cash,QXWDGBMU,AGT-6551,44.0,Yes,5.0
34634080-2954-4ee9-9e1f-54be6aa085ff,2024-07-19,Missed,True,469.1,NEFT,ENZLGB9U,AGT-7881,36.0,No,27.0
717effc1-14e8-4ff6-b52a-3d9b24edfc50,2025-02-12,Pending,False,1450.69,Cash,QFLNGBJP,AGT-9422,,No,51.0
eb96aec1-aecb-46d8-8dcd-8d2719b65efa,2025-03-11,Missed,True,491.86,UPI,ZVJIGBRA,AGT-4600,60.0,Yes,54.0
85535992-f04d-44d6-89ad-f1fa76f2862e,2025-07-13,Pending,False,833.18,UPI,DDYNGBTP,AGT-4477,38.0,No,16.0
,2023-09-12,Late,False,580.3,UPI,DJDXGBVC,AGT-5216,68.0,No,12.0
041dece2-57a4-49d8-94db-7ce24a49199e,2024-09-27,Missed,True,115.82,UPI,LQBLGBWE,AGT-4732,74.0,Yes,48.0
,2024-11-22,Pending,False,1427.78,UPI,NBKNGBQM,AGT-9687,27.0,Yes,3.0
b8517585-7876-40ac-95b7-e4092051e7c6,2025-07-04,Missed,True,651.25,Cash,ZNCMGBUU,AGT-8285,83.0,Yes,40.0
5cce9b65-7db3-4b8b-ac9f-a1c2ad7d5440,,Missed,True,1701.68,Credit Card,DURSGB6V,AGT-2995,34.0,Yes,16.0
f8ac2754-f652-4c8f-a22a-61dd9f341b11,2024-04-06,Missed,True,1068.14,Credit Card,TQSGGBEX,AGT-2661,66.0,Yes,43.0
6ba904a4-812c-4d9a-b67a-b235f5e1f268,2023-09-17,Missed,True,139.02,Credit Card,UNHKGB9E,AGT-5630,54.0,Yes,21.0
d176d499-f519-4737-abdd-7e5ef1011e27,2025-02-04,Late,False,1961.81,Credit Card,JZQVGBGG,AGT-1901,18.0,No,54.0
c3be5c72-123f-4182-82bc-7596d4afa571,2024-08-10,Late,False,1870.26,Credit Card,QLKXGBLB,AGT-1432,80.0,No,9.0
d69e6f31-371e-4bb5-96a7-ae6243849291,2025-05-13,Late,False,1530.1,NEFT,DESWGB3D,AGT-0019,30.0,Yes,12.0
74d5215f-b857-42cc-aa39-00ec833abb4b,2023-09-08,Paid,False,850.67,NEFT,JXOZGBPC,AGT-4243,37.0,Yes,51.0
564cf6c8-3eda-45fa-b68b-5a6eb398962b,,Missed,True,1157.6,Credit Card,LCDQGBUX,AGT-7622,89.0,Yes,47.0
f09ecbac-03a5-4a97-b63e-4e0df38eb191,2024-01-08,Late,False,480.63,Cash,,AGT-2204,63.0,Yes,18.0
31eecb50-8e90-48c4-8ad3-2ef9d48533cc,2025-02-05,Missed,True,742.68,UPI,COMXGBXX,AGT-1752,61.0,Yes,47.0
5ff79930-896c-4f74-8ad1-d40479cf741e,,Missed,True,475.84,Cash,DJABGB6L,AGT-4980,81.0,No,
94d69092-806e-480c-85b3-94d928cceb7f,2023-08-18,Missed,True,1714.05,Credit Card,LNRNGBUM,AGT-3150,6.0,No,37.0
c9c2bc60-a953-492f-92fd-947030a9d5ff,2025-04-27,Paid,False,806.15,NEFT,GKLSGBLP,AGT-5340,32.0,No,57.0
4f755bc2-9546-4f97-9f8c-703923a6019c,2023-12-21,Paid,False,1863.4,Cash,JBPQGBBP,AGT-2068,83.0,No,56.0
7d6efedb-ba56-4ad4-9105-74d5d581150f,2023-08-14,Pending,False,446.1,UPI,ABFQGBOS,AGT-6884,1.0,Yes,33.0
ce9337c1-dd62-4543-a2db-73d4cc51b95a,2023-07-28,Paid,False,550.35,UPI,,AGT-7188,81.0,No,46.0
46fc7f30-239d-4cf6-a58d-a0487521d039,2024-05-12,Missed,True,558.52,NEFT,YWZGGB6N,,7.0,Yes,22.0
9cb4ef48-0a3d-49a5-ae87-bd9b60444800,2024-02-12,,False,988.04,UPI,CNGOGBY9,AGT-9493,54.0,No,7.0
6fac46b7-6ce2-4669-b090-729ce712b304,2024-03-31,Missed,True,1070.64,UPI,NBMGGBZX,AGT-5541,58.0,Yes,57.0
cd11e0b9-63cc-4d51-8abc-2fbf338e2878,2024-01-28,Pending,False,287.14,,YQNYGBBN,AGT-0617,61.0,No,
5515c10b-4f2b-4105-a626-36f39e592f6e,2024-09-15,Missed,True,341.69,NEFT,MAQMGBBE,AGT-4465,71.0,Yes,15.0
edad665e-266d-409a-ac09-27eb226cd08c,2024-01-29,Missed,True,190.46,Cash,CBAJGBCX,AGT-8370,,No,37.0
6b85f428-fad0-4d54-8c51-20d142b2b029,2024-01-18,Pending,False,1180.81,UPI,KIJAGBWW,AGT-1421,25.0,No,27.0
2b5d291f-c181-48b1-8dd6-6f1d50dd50b1,2024-09-07,Missed,True,996.48,UPI,TSOXGBOO,AGT-2232,20.0,No,53.0
4f971e20-7ff5-4b1b-b7a6-4f874a925886,2025-04-17,Missed,True,855.03,UPI,LCQLGBTD,AGT-3797,78.0,No,30.0
e0405b51-15bb-4257-9f9b-7a331b506b37,2024-06-03,Paid,False,514.48,NEFT,ZLDHGBPG,AGT-4285,80.0,No,2.0
fd20bc0f-57fa-417e-95c5-b0d734db45e9,2024-10-25,Missed,True,621.45,,LPXLGBC7,AGT-9892,77.0,,39.0
b4eb5afe-be31-481e-8879-a40278ef7a8c,2023-11-19,Paid,False,180.04,Credit Card,OCCHGBC9,AGT-1155,0.0,Yes,50.0
be8506e5-65ef-47a3-b4b1-bc48bea32cb5,2024-09-25,Paid,False,1737.23,Cash,LXMTGBFY,AGT-4881,58.0,Yes,8.0
808dabb9-be58-40da-8a22-a5ae5b216b44,2025-07-10,Missed,True,1806.04,NEFT,WDDUGB31,AGT-2264,10.0,Yes,37.0
27668047-1802-46be-a115-f170a4071374,2025-03-26,Missed,True,914.31,Cash,SFVLGB9J,AGT-3688,38.0,Yes,4.0
bd023d7f-6d44-4dfc-9082-c760873a5ae6,2024-06-29,Late,False,1284.52,NEFT,GSZQGBBW,AGT-8797,4.0,No,45.0
9f60bf90-bc3b-48f8-b82f-5513c4155595,2024-05-01,Pending,False,210.71,Credit Card,BUBUGBA4,AGT-4355,29.0,No,53.0
6885bf06-a4cf-4d32-b9a6-1ab99b7425d0,2023-11-30,Late,False,1089.13,NEFT,ZOVZGBVM,AGT-8347,45.0,No,55.0
b09f7848-0b18-4f4e-9b8d-460daa5ed287,,Missed,True,1977.95,NEFT,UITHGBPD,AGT-9954,42.0,No,23.0
ded8ee73-396c-4b18-960f-3a25c2ec0917,2024-05-21,Missed,True,729.72,Cash,ZLTSGBMG,AGT-2023,88.0,No,48.0
8f34d350-584c-493f-b8b8-94784baf2629,2024-11-05,Pending,False,1744.97,,LWWWGBNM,AGT-5692,38.0,No,37.0
f7598636-4f69-4207-884a-6113bb98fc33,2025-06-24,Pending,False,1393.3,Credit Card,VOBAGB8C,AGT-4229,40.0,Yes,24.0
62a33257-2175-42e5-aa03-a849f4a3414b,2024-05-19,Late,,604.7,NEFT,OPHVGBY2,AGT-2012,38.0,No,57.0
cb6f2969-c5ee-4483-b0bf-c4e75e47a1e4,2025-01-07,Paid,False,219.74,Credit Card,MYNYGBUS,AGT-9249,42.0,No,39.0
a0ad189b-9102-4543-8f1d-38f871c75484,2024-06-14,Missed,True,1555.42,NEFT,WLACGB86,AGT-5500,76.0,Yes,53.0
c57afbc7-f854-4ea5-8f9c-5113740d9c69,2024-07-04,Pending,False,433.18,UPI,TPFMGB3Z,,55.0,Yes,2.0
ee968e93-a3d2-45dc-98ec-6c06266deb41,2024-02-07,Pending,False,188.72,NEFT,WKJNGBNI,AGT-4919,14.0,No,45.0
2b549d56-5e4f-4397-bcaa-514622f43c2b,2024-12-11,Late,False,395.95,Cash,PAIYGBEM,AGT-6049,44.0,Yes,38.0
f11bc078-c97c-4522-8126-1fdb1833021a,2025-01-12,Missed,True,,Cash,XPPWGBAZ,AGT-0084,88.0,Yes,55.0
4850e29b-886b-4267-a67f-8f4ffeabad4e,2023-09-16,Paid,False,519.76,Credit Card,CRMQGB13,AGT-5492,0.0,No,
e2dec30d-3168-4d59-8aae-7e520615b82c,2024-01-26,Missed,True,818.19,UPI,OVISGBF0,AGT-3169,54.0,Yes,22.0
fe284072-8679-40bf-9547-c858a73adfd8,2024-05-31,Late,False,1168.21,Credit Card,UPNBGBPP,AGT-4243,41.0,Yes,38.0
83ae7ead-f586-48cf-af4e-88d402fa078d,2024-10-23,Paid,False,846.33,Credit Card,TTBSGBZT,AGT-6662,79.0,Yes,38.0
79616b67-69ac-4e33-8571-c3c3247ae347,2023-10-01,Missed,True,1735.97,Credit Card,OLRJGB0G,AGT-1230,46.0,No,27.0
f35aba8c-eed6-4d5a-8ee5-d694cdb9280a,2024-06-11,Paid,False,1468.75,Cash,XAKBGBK9,AGT-5150,23.0,Yes,7.0
41307664-ba7a-42b3-b563-85e6718c475d,2023-08-22,Pending,False,1900.09,Credit Card,OWJUGBM8,AGT-7994,77.0,No,
0b1ae2c4-9930-49e0-ab16-127b1bad2f14,2023-08-04,Missed,True,406.89,Cash,BNFVGBFI,AGT-8548,7.0,Yes,49.0
,2024-10-17,Late,False,721.27,Cash,UCGPGB4M,AGT-9914,42.0,No,7.0
5a89a55a-9507-4514-aad8-20b329906c62,2024-06-14,Missed,True,891.57,Credit Card,AMZUGBH2,AGT-7890,87.0,No,32.0
fae8965b-85dc-41d7-aa87-987ade272efb,2023-11-25,Late,False,1307.71,NEFT,GGXUGB5H,AGT-7877,53.0,Yes,6.0
204a219b-76ce-4c16-b9e8-4cdee6039cfe,2025-06-15,Late,False,1154.06,UPI,KUAVGBBX,AGT-0864,41.0,No,57.0
90b513bc-13f2-4822-bf9f-36eef0f74801,2024-01-26,Missed,True,1313.74,UPI,KUJJGBMW,AGT-6502,11.0,,32.0
cb489bf3-588e-49fd-b2d4-d0dbc7bd650a,2025-07-02,Paid,False,1261.74,Cash,YCZTGBNI,AGT-7766,66.0,No,54.0
fcd1602d-295a-45c9-b073-7605d07d0904,2023-11-23,Missed,True,1322.04,Cash,VXEVGBOW,AGT-4295,25.0,No,42.0
0ff20a3d-a3e8-4124-87f6-cb9d5eedaed5,,Pending,False,1720.08,Cash,QJCPGBXI,AGT-4755,,Yes,10.0
ae5edd11-6ae1-41f9-909f-b1abcd60e32a,2025-02-20,Late,False,1477.73,Credit Card,YERJGBJT,AGT-7462,69.0,Yes,22.0
98c4392c-aee5-4fb3-a4fc-9b204972f5c1,2024-02-16,Pending,False,1730.58,Cash,WAJPGB31,AGT-7624,8.0,Yes,49.0
fcf04e14-841a-4f0e-ac3c-7b8ec949a587,2024-10-02,Pending,False,1181.2,Credit Card,,AGT-6042,70.0,No,15.0
b5a38bfa-4ac8-4f9e-b664-9d7405df261a,2024-09-14,Paid,False,208.74,UPI,VEBJGB0X,AGT-5218,23.0,Yes,41.0
1a064643-f26f-466e-81a1-c1e0535af041,2024-03-22,Paid,False,1005.94,Credit Card,AYRYGBFP,AGT-8912,21.0,No,33.0
4e96d8d4-8733-4542-820f-a4d8a4be9ed4,2025-05-26,Paid,False,1589.48,Cash,FNOQGBST,AGT-4592,,No,12.0
085fb6df-ad24-4fee-82ad-b284c980506f,2023-07-25,Late,False,385.27,,STOZGBZC,AGT-0555,46.0,No,52.0
97280e9e-51bf-44f6-b12f-384a33f6e341,2023-08-28,Pending,False,494.17,UPI,DLKZGBFX,AGT-8543,63.0,No,22.0
e07695ea-bc07-442a-bc7b-b32c56819eec,2024-09-30,Missed,True,1976.14,Cash,MLRGGB6H,,71.0,Yes,3.0
a0a0393e-0f10-478f-bb71-5f846df9419a,2024-04-04,Paid,False,1938.78,UPI,JRCDGB8U,AGT-0123,51.0,No,23.0
c85b6757-757b-4ccc-bee7-0815d68c7e2c,2025-02-27,Pending,False,1402.88,Credit Card,RVKOGBRY,AGT-5972,58.0,No,50.0
7030ce0e-ca13-4b93-a1c0-1cbd279e72ff,2023-08-28,Late,False,365.49,Cash,HXLOGBKT,AGT-5192,47.0,,7.0
736fdd8b-7f5b-48ac-bbb8-6a9f92625e33,2024-01-31,Late,False,1436.87,Credit Card,JIMEGBEX,AGT-6193,,Yes,24.0
,2025-05-05,Missed,True,962.73,UPI,NBCNGBY6,AGT-2755,82.0,Yes,31.0
e64ee315-c107-4a74-9856-074b54aa4f41,2024-07-02,Pending,False,822.61,NEFT,XDAYGB85,AGT-7249,78.0,,46.0
87a3a679-6ac6-452d-9fe8-fbf6ede7ccf2,2025-03-28,Late,False,1127.66,Credit Card,GCTEGBEH,AGT-6263,4.0,No,15.0
d7f54eb8-7c03-4199-8f23-89d49d5cc4ee,2025-07-17,Paid,False,1860.77,UPI,BGLKGB6M,AGT-6935,32.0,No,2.0
e620b4dd-a234-4d82-821d-25f5f38bb376,2024-09-29,Missed,True,896.27,UPI,IKMOGBWN,AGT-0859,31.0,No,3.0
122ee467-6fa2-4bae-bf38-933605c02078,2025-07-14,Missed,True,482.12,Cash,OPHKGBJV,,56.0,No,38.0
,2023-09-15,Late,False,432.53,UPI,EPVZGB8N,AGT-2098,29.0,Yes,1.0
467d755b-f54a-4f8a-8008-c78457d5dbff,2023-10-20,Missed,True,1218.01,Cash,NMJZGBRJ,AGT-0917,43.0,Yes,44.0
d7686e18-ee93-4a6e-b8ab-3d8be0cd1430,2024-04-19,Missed,True,1084.4,UPI,JHLKGBZ8,AGT-9430,71.0,No,48.0
b89de417-d41c-4003-89d4-1392549b19e9,2024-01-25,Paid,False,846.52,NEFT,BLJJGB45,AGT-0571,10.0,Yes,5.0
b8803cf9-6296-4db5-a1bd-706912ffae2c,2023-11-10,Late,False,1231.33,Cash,,AGT-4069,63.0,Yes,23.0
69aa8a52-8cb3-49fb-b9b6-4d3af6a41c00,2025-04-28,Missed,,270.07,Cash,AYNRGBN9,AGT-4442,86.0,Yes,52.0
1233e125-c60d-452b-98ec-a28c5eac9c57,2024-09-11,Pending,False,1700.69,Credit Card,ESDBGBQX,AGT-8379,68.0,Yes,14.0
89d7f712-1fa6-4010-a5f7-dc7764ba66f9,2024-05-22,Late,False,1850.14,Credit Card,VRUZGB2M,AGT-9930,75.0,Yes,45.0
d5f62aa5-2491-4bf3-9b69-006927ddc9e2,2024-04-28,Pending,False,1956.07,NEFT,RAJQGBIR,AGT-7826,88.0,No,24.0
3a9ee7f4-cc38-47d0-9b2a-2d4e2a3f5cb1,2023-11-09,Late,False,1291.12,Cash,UEDLGBO4,AGT-1493,76.0,No,11.0
d9363261-cd32-48b2-b8fb-4805db7b0dce,2023-08-31,Pending,False,1043.63,Cash,VDPXGBF8,AGT-8472,49.0,No,36.0
206d0102-fae0-4f3d-8131-d4cb2cb3c056,2024-03-23,Paid,False,846.94,UPI,ZKQIGB9Y,AGT-5703,45.0,Yes,10.0
71b638e5-5d93-4038-81d8-a4cfdf24fe12,2024-08-21,Paid,False,739.72,Cash,IIMQGBD6,AGT-2258,80.0,Yes,27.0
711b8cce-e029-4ccd-a256-e28e4c3e7953,,Paid,False,1819.07,UPI,JOVGGBRE,,,No,55.0
1a6c11b9-e805-4b15-8be7-5950629e4b38,2024-02-29,Missed,True,497.43,Cash,ILEEGB49,AGT-5271,17.0,No,24.0
5362bfbd-952a-4063-b60b-483f7f5cec2c,2024-02-28,Late,False,727.2,UPI,OEGIGBD6,AGT-6241,58.0,No,56.0
ff3e1c6a-03c3-4d3c-80bb-50bcbfbb2ddf,2024-08-04,Pending,False,1824.2,UPI,STNXGBEV,AGT-9833,22.0,Yes,35.0
f3cc1d1a-bd33-4093-b8e7-4acdb00fd0c7,2024-12-19,Missed,True,1308.07,Cash,LWNXGBFY,AGT-7176,8.0,Yes,44.0
badd304e-328f-4e8a-ba5f-862bd49d1846,2023-10-11,Paid,False,1457.64,UPI,KTYDGBTN,AGT-8672,21.0,No,55.0
,2023-12-10,Late,False,1816.15,UPI,ZEPSGB0I,AGT-2589,10.0,Yes,38.0
5b8925c6-f554-473d-8db4-00bbc9383a0c,2023-11-28,Late,False,1930.82,Cash,KIEKGBFG,AGT-1225,34.0,,23.0
06a01879-074f-447a-976b-831682d81492,,Late,False,1465.0,,SFEQGBXJ,AGT-6703,16.0,Yes,42.0
f954eb04-2094-46cc-a55d-b82e3d1f502e,2023-08-31,Paid,False,1858.7,Credit Card,THZHGBD5,AGT-0817,21.0,No,31.0
6dd550fd-e873-44a0-a6b8-a2d4a6635772,2024-05-29,Late,False,1298.27,Cash,ODMAGB02,AGT-0671,68.0,Yes,28.0
f5c89a42-7b8c-4057-a1d8-320a1b5b7b8d,2025-02-14,Missed,True,396.08,Cash,VJCRGB5B,AGT-1552,31.0,No,45.0
e3420a0c-2cfe-43e3-ab6e-56585be03917,2023-10-22,Late,False,893.21,NEFT,FLFDGB6E,AGT-8623,9.0,No,2.0
b3fb2138-e82c-4c13-b189-7c9da7e6d1a0,2025-03-27,Missed,True,530.35,UPI,ZONYGBVY,AGT-5436,50.0,No,19.0
ee731a8b-ab92-47e2-ba9b-71c66a576f7d,2025-03-12,Paid,False,1066.14,NEFT,EPYRGBWL,AGT-7365,24.0,No,50.0
9806f7b7-f6a2-45dc-853a-b4414010597e,2024-12-19,Late,False,437.15,UPI,GKVMGBS0,AGT-3501,61.0,Yes,57.0
2b515b26-5ba9-40f5-a0da-b48e8ee7ce4c,2024-08-05,Pending,False,1211.04,Cash,GZUPGBXS,AGT-6403,49.0,Yes,12.0
,2024-11-24,Paid,False,1625.83,NEFT,DIALGB8J,AGT-2405,27.0,No,16.0
9810638c-2fcb-432a-91eb-7add11c15c8c,2024-05-31,Late,False,1184.23,Cash,VJKHGBHT,AGT-1981,19.0,No,48.0
ca806942-1bd1-4e76-9430-faca88b8cdf0,2023-08-21,Paid,,,Credit Card,VJTPGBBZ,AGT-7145,9.0,No,
c0e27988-745e-48e5-9f4e-e50fbcf696a7,,Pending,,1481.59,Cash,XPJYGBKB,AGT-9091,61.0,Yes,8.0
2a477ec5-272f-4130-97c7-a3a51c6afd7a,2024-12-28,Paid,False,250.74,Credit Card,TLMFGBBB,AGT-4834,31.0,No,44.0
ef1b15f1-97dd-4d9f-9b57-4732f9164705,2023-10-07,Missed,True,1616.69,Credit Card,WLQUGBKZ,AGT-1218,23.0,,32.0
df8fd68d-e4b1-4d4e-99c2-c83e0acb5f55,2024-12-14,Paid,False,798.73,NEFT,,AGT-7295,29.0,No,20.0
c6226e41-dcad-416e-b947-6644a32e7655,2025-01-26,Pending,False,414.47,NEFT,ZXVPGB2S,AGT-3134,32.0,No,8.0
45b1ef6d-a8b1-4602-95d2-7ce963c6c434,2025-01-25,Missed,True,448.63,UPI,QEHOGB45,AGT-3778,41.0,No,47.0
9af4fec7-8b25-49a3-9391-670fd379c381,2025-02-27,Paid,False,939.85,Credit Card,VAGXGBS5,AGT-1572,12.0,No,3.0
5399245c-8110-4a38-ad98-45cdbc29f401,2025-02-17,Late,False,253.46,Cash,NCGJGBZI,AGT-1763,66.0,No,5.0
2ddb3a07-68c3-4660-bb2c-12847b666e48,2023-11-13,Late,False,175.6,UPI,VGBZGB0E,AGT-2201,35.0,Yes,44.0
8d869541-0e8b-4ac2-b9cd-4df9b52c14ed,2024-12-22,Pending,False,548.97,Credit Card,RKWCGBHI,AGT-7788,24.0,Yes,20.0
84ff39c1-da6b-442b-9057-0bcffaa4edd0,2024-10-18,Pending,False,191.17,NEFT,BCOEGBBY,AGT-5192,74.0,No,43.0
baf1b1c2-0b51-4d96-83a0-c23c6528888b,2024-01-21,Pending,False,1034.62,Cash,,AGT-5176,26.0,Yes,31.0
6d1b3138-30b4-4321-a120-941fc2d898c7,2023-08-25,Missed,True,413.96,UPI,MRYHGB2J,AGT-6444,24.0,Yes,10.0
b53250ba-c6e5-4244-8eee-f1fa12255a61,2025-03-21,Late,False,1502.49,NEFT,CSQKGBCF,AGT-5885,54.0,Yes,58.0
ae11e5e9-24f4-471d-9386-a45616b1d4eb,2023-08-03,Late,False,572.76,,LQLPGB4W,AGT-5399,59.0,No,
5def6f6b-8117-441b-8ddb-7bbac27e511d,2024-01-19,,False,232.03,Credit Card,TDMEGBXY,AGT-7568,79.0,Yes,22.0
aa6d33ee-0239-4342-a5ba-26dbb9d522f7,2024-09-06,Paid,False,132.85,NEFT,PDNUGB1W,AGT-3874,16.0,Yes,9.0
d03af823-0dfb-4f16-a6f2-9b3401ba4278,2024-08-06,Missed,True,1653.24,NEFT,LLPYGB8E,AGT-0905,21.0,No,1.0
,2025-03-26,Missed,True,444.31,Cash,FPLHGBRW,AGT-8096,17.0,Yes,1.0
c1acce9d-21c9-4e0b-bf80-a5cd2f2582e3,2024-10-23,Pending,False,1595.36,,TAQYGBCL,AGT-1111,4.0,Yes,47.0
03775fec-cbe4-4e82-8ba6-60b8f36ee1b7,2023-11-30,Paid,False,1424.95,NEFT,TBOXGB68,AGT-9766,17.0,No,45.0
cf69f536-e0b6-4735-a282-0a24d16c79cc,2024-10-11,Missed,True,1957.99,UPI,FNSUGB06,AGT-2335,6.0,Yes,6.0
aca3e990-d280-4a35-ac7b-c71cdd16fd37,2025-04-25,Missed,True,346.75,Cash,NJYWGB51,AGT-2761,47.0,Yes,46.0
7cffad79-3c62-4596-9268-de13edec7d67,2025-03-15,Paid,False,1260.01,Credit Card,EDDCGBE4,AGT-9654,,Yes,52.0
6763c248-cb95-45c1-95bb-0509e31e39ab,2024-08-19,Pending,False,1657.99,NEFT,TWKXGBB5,AGT-3173,21.0,Yes,10.0
eee1533f-1e50-45e7-8b04-7c9c63e84144,2023-08-02,Missed,True,119.63,NEFT,EVJFGBF2,AGT-7420,68.0,No,39.0
43b3dcdc-62ea-4e74-833a-8bfdcd394f06,2024-09-28,Paid,False,1858.36,UPI,EBJJGBPT,AGT-2152,24.0,Yes,47.0
e07d69f2-b1e5-4acb-9526-868e1513685a,2023-09-27,Paid,False,419.29,NEFT,RNKDGBOZ,AGT-6441,16.0,,36.0
486f7379-a3c2-41e3-8bd4-a859f8a04f57,2024-05-21,Late,False,1515.68,UPI,FCMGGBIA,AGT-8400,86.0,No,35.0
a97f8e5e-4e97-4459-9051-f33d58a73435,2023-10-03,Missed,True,1249.76,NEFT,RPHIGBAQ,AGT-8133,89.0,No,13.0
448bc535-49b5-40b3-90e8-e88b45eef7ec,2024-12-06,Late,False,462.28,NEFT,YNXXGBKZ,AGT-5282,79.0,No,22.0
735bb869-69ab-4284-9fd2-08359848a8cf,2025-01-05,Missed,True,174.83,UPI,OMROGB04,AGT-4787,52.0,Yes,38.0
8ca73ab9-c24a-4251-a62e-523f0a6b007b,2023-09-12,Late,False,1065.07,Cash,VDNQGBWG,AGT-1904,8.0,Yes,20.0
a929eafd-c11b-457d-884c-0d50c1603e3e,2024-07-20,Paid,False,806.67,NEFT,OSQWGB4I,AGT-8831,12.0,Yes,53.0
5ed07134-4da3-42b6-806f-136f75b3230c,2023-12-05,Paid,False,1936.08,,NIXRGBPF,AGT-2793,60.0,Yes,57.0
b0ddf1bd-0f8b-4a76-b592-37a7f778dcd6,2024-04-28,Late,False,,NEFT,HRPNGBE6,AGT-7582,1.0,No,14.0
326fa76c-5b75-439e-b571-fccff74ba13b,2024-11-18,Paid,False,446.88,NEFT,UEKMGBSY,AGT-1885,74.0,No,47.0
8600bc61-a6bb-46ef-89ee-24aaeefeba4f,2023-09-07,Late,False,783.88,UPI,YDQXGBQF,AGT-9217,35.0,No,39.0
53c43cb0-0c1f-4cb4-b445-16dc1a2dda37,2025-01-24,Late,False,1995.36,UPI,GBTHGBS6,AGT-5390,69.0,No,35.0
e9db3803-87bc-4270-b07d-07f51b45d873,2025-04-15,Missed,True,1480.98,UPI,XKKUGBC9,AGT-4607,5.0,No,21.0
a17de8cc-76e9-4c78-949b-9e1db4133927,2024-09-05,Late,False,629.08,Cash,AMRMGBN2,AGT-8858,47.0,No,54.0
079412ec-d5fd-474c-9a3b-6a5221b2f0c8,2023-12-13,Paid,False,1037.08,Cash,WYAWGBTX,,47.0,No,59.0
,2024-10-16,Late,False,184.46,Credit Card,,AGT-1580,86.0,No,28.0
e3367b46-51ae-41a4-a39a-523a800b7038,,Late,False,835.98,Cash,BQJWGBFX,AGT-0320,86.0,Yes,48.0
ae95e64d-4c94-4aec-a7f1-1869c05208da,2024-12-05,Pending,False,158.13,Cash,TFVBGBNY,AGT-3000,47.0,No,19.0
b5c53a28-084c-42ad-b6de-e488f6baa436,2024-06-07,Late,False,1022.94,UPI,XWNAGB5D,AGT-8236,48.0,No,27.0
33c65509-6672-4971-8309-07d2c5602bef,2024-05-07,Missed,True,950.1,NEFT,OPAXGB9A,AGT-1748,68.0,Yes,11.0
61652bdf-30bc-4670-99d2-daa29aadb4d8,2023-11-03,Missed,True,632.49,Cash,ABCUGBLW,AGT-9337,,Yes,48.0
2a4bf706-8867-46a4-92fd-61eaf906c13a,2025-05-10,Paid,False,1113.43,Credit Card,MERGGB57,AGT-7010,,Yes,37.0
a24124eb-c66b-4bbb-80be-e24027137d92,2025-04-21,Late,False,1510.19,Cash,SIQBGBMD,AGT-5776,67.0,Yes,45.0
ae76f78f-3905-45a1-872d-ef518bea3ede,2024-11-15,Late,False,1965.7,Credit Card,,AGT-1735,76.0,No,37.0
43cdb0df-28d0-4f96-abaa-f26718dffa21,2023-11-02,Missed,True,1969.59,UPI,FZOBGB1U,AGT-1530,72.0,Yes,14.0
1a849818-5ae3-4c64-9ae9-2c30fc9d9614,2023-12-30,Missed,True,1817.76,NEFT,WZHGGBMX,AGT-1274,28.0,Yes,43.0
42de6064-5859-4d4a-b894-a6e84c15ec3d,2023-12-17,Paid,False,1834.64,UPI,BGUIGBY6,AGT-2069,,Yes,25.0
bf0a3cae-484d-40c4-adb8-7de32540fe25,2024-10-15,Missed,True,235.69,NEFT,JAESGBO1,AGT-9932,89.0,,25.0
01167f07-b67c-494c-b996-8e357443dc37,2025-03-19,Missed,True,930.64,Credit Card,BMGUGBY6,AGT-7661,,,32.0
,2023-11-08,Late,False,252.1,NEFT,APCDGBE6,AGT-4982,58.0,No,36.0
cdb3518c-5017-4d09-9efb-922c50b8f714,2023-09-16,Late,False,1090.9,Cash,EJQEGBM6,AGT-4906,85.0,No,22.0
fae8965b-85dc-41d7-aa87-987ade272efb,2023-11-25,Late,False,1307.71,NEFT,GGXUGB5H,AGT-7877,53.0,Yes,6.0
eb76a707-1d9e-402c-9c3b-96f297df5c18,2023-11-25,Paid,False,467.76,UPI,EBISGBXT,AGT-9474,13.0,No,29.0
4fdd86ac-3a1c-4b69-bac9-e936fe6a9ef0,2025-01-25,,False,853.6,Credit Card,XKUXGBE8,AGT-9409,24.0,Yes,22.0
,2024-02-12,,,,Cash,SYHOGBK5,AGT-7621,80.0,Yes,
253e9717-ed2b-411e-b72d-48372a9c3c44,,Late,False,782.18,Cash,KRZNGB37,,49.0,No,32.0
55076de6-0ffe-4a39-938a-ea2322bdd5e5,2024-07-03,Missed,True,1464.79,Cash,BHFGGBU7,,82.0,Yes,14.0
ae834b83-82f7-418e-85dd-3f0ca6a01881,2023-11-05,Late,False,298.77,NEFT,CRJPGBJW,AGT-2995,,No,27.0
9f29bf25-99a8-449a-8712-ab688acb4da5,2024-12-28,Pending,False,1700.06,UPI,VAQQGB70,AGT-6051,79.0,No,46.0
0320b106-fb10-4ffc-8d3e-bc908a599076,2023-08-27,Pending,False,913.45,UPI,ZYLZGBF0,AGT-5211,1.0,No,31.0
e7ca50e7-f19b-4363-9034-1b0453aa1aca,2024-02-18,Missed,True,848.57,Credit Card,OQJBGBYM,AGT-2738,8.0,No,42.0
3093ceca-6e05-42a7-8d56-bde98f72d4f7,2024-06-04,Missed,True,,,ZHHWGBNY,AGT-7717,86.0,Yes,44.0
fd213cd8-8a8c-4622-a2cc-7e94734c7b3c,2024-03-06,Missed,True,1584.42,Credit Card,QQAFGBKE,,62.0,No,47.0
51dc8ea5-f170-49cf-be51-f76871c96da2,2025-06-18,Missed,True,1002.41,NEFT,VUELGBWI,AGT-6562,66.0,Yes,21.0
8219c882-23b8-48e9-b264-9bf3b2d9b130,2023-11-04,Paid,,1372.42,UPI,SWCXGBZU,AGT-7003,87.0,No,5.0
6129ded1-6cd6-446a-a229-150e58325637,2023-10-23,,True,373.58,Credit Card,KKXKGBM5,AGT-2919,13.0,Yes,18.0
dfb48bdf-18d7-41f2-a0ca-dcb2cda62ea5,2024-05-16,Late,False,156.4,NEFT,PBMSGBPS,AGT-5418,16.0,Yes,8.0
bd2a663c-aca5-4e10-b25f-7d15824abe8b,2025-04-04,Pending,False,1940.07,Cash,WPOFGB6H,AGT-3310,88.0,Yes,2.0
c18f8734-3cf6-4f6f-b5fb-ea7d9eb24708,2025-03-10,Pending,False,562.04,Credit Card,RLRAGBKW,AGT-7497,44.0,No,30.0
1a8eed12-5fd6-4c45-8235-22539d891a8a,2024-03-23,Late,False,1752.33,Cash,JKHMGBP4,AGT-8667,50.0,No,38.0
4ab8814f-ffa7-478a-9d97-b11dab3e348f,2023-12-08,Missed,,1613.28,UPI,HOSVGB1U,AGT-3031,56.0,,25.0
94e74cc1-6eea-4003-9ba4-5e8423361607,2024-02-17,Paid,False,420.23,Cash,ATYFGB83,AGT-9573,50.0,Yes,21.0
19f5c73b-6085-47ac-9e0c-7d65f4f8a7c1,2024-05-26,Paid,False,294.12,NEFT,KOCHGBVU,AGT-1248,78.0,Yes,54.0
12964223-3421-4370-8c02-9f928a13120d,2024-07-22,Late,False,451.33,Credit Card,DJFNGBPH,AGT-5553,78.0,No,47.0
,2025-01-29,Late,False,1896.84,Cash,YRRWGBJL,AGT-8025,50.0,Yes,14.0
6110a17b-e02a-478e-b6b4-dd7837c727dd,2025-03-31,Paid,False,1301.27,Credit Card,ZIVNGBTV,AGT-4088,6.0,No,26.0
24f6558a-a62b-4d52-9370-3104915b5f1d,2024-10-12,Pending,False,1427.68,NEFT,NBJNGBOH,AGT-6143,14.0,No,29.0
f5ed3960-dc56-46d1-a86b-536711842e7a,2025-05-26,Missed,True,1490.63,UPI,SSNPGB4O,AGT-9058,42.0,Yes,47.0
7f377fb1-272e-4e91-9cc5-1fa92b0292e8,2023-08-01,Paid,False,1806.83,UPI,RWIUGBY6,AGT-8649,,Yes,58.0
769bd582-bcc6-43ef-8385-d0fd93cf22c8,2023-12-11,Pending,False,1591.51,Credit Card,AVGQGBUG,AGT-4031,55.0,No,10.0
159e5b4e-468d-4c8f-9b4c-b5c91ea1c0f6,2023-11-16,Missed,True,,UPI,THEZGB91,AGT-3668,88.0,No,20.0
961b72ab-12dd-4a7b-88bd-f66f3c60ee34,2025-04-21,Pending,False,668.73,Cash,TYEXGBLW,AGT-6024,85.0,Yes,30.0
ddf6db7d-8552-4fc7-8289-bc98c65138ad,,Missed,True,1090.91,NEFT,PFZGGB0I,AGT-3295,32.0,Yes,32.0
de1bfcd9-b258-4e2c-9bfe-287d82ba6fb1,2024-12-17,Pending,False,1474.69,Cash,PCXLGBK7,AGT-4719,77.0,No,3.0
19cd8f43-2c84-4f98-a249-06abe4aa80e6,2024-03-02,Late,,1536.81,,SDUXGB2N,AGT-0540,51.0,Yes,8.0
f48ea292-6bc1-43f5-9b6e-3c8ae5d1e08f,2023-09-18,Missed,True,1027.86,UPI,JSQHGBF7,AGT-5920,64.0,No,31.0
871ea7b6-960a-4ce8-b4da-028eb5a5e6da,,Late,False,1958.93,NEFT,AAZTGB2P,AGT-3808,79.0,Yes,23.0
7da8e1fa-9f94-4347-ab01-f879534964d6,2023-12-28,Pending,False,,NEFT,MFQJGBFV,AGT-3768,67.0,No,12.0
cb054ee2-c5e7-4589-9b0b-f118f65e1a8c,2024-04-26,Late,False,224.11,Cash,SQIIGBWK,AGT-1366,29.0,No,27.0
be7498ed-9f58-45c9-94b7-fc7f13a2aa5c,2024-02-07,,False,911.09,Credit Card,IULDGBBH,AGT-8869,51.0,No,41.0
50468783-218a-4a8a-a2c1-54d39c160ae5,2023-11-22,Late,False,527.27,UPI,FETMGBZD,AGT-4585,60.0,No,11.0
962cb751-13d4-46bd-a99a-fc5a0dbf6789,2023-12-13,Pending,False,274.72,UPI,BQSOGBGR,AGT-9867,,Yes,14.0
27668047-1802-46be-a115-f170a4071374,2025-03-26,Missed,True,914.31,Cash,SFVLGB9J,AGT-3688,38.0,Yes,4.0
3ac8bc13-a29d-46a7-8dd1-0dabac5f9021,2023-09-18,Paid,False,1079.14,Cash,PMUUGBKU,AGT-0622,68.0,Yes,13.0
97353c52-d22c-43da-b0e3-0fe07369baa4,2024-11-18,Pending,False,1012.59,Credit Card,LATHGBA9,AGT-1657,32.0,Yes,1.0
fc955392-f564-4794-afd8-6c655f316aa3,2024-12-15,Missed,True,1144.79,Cash,PCPXGB0H,AGT-4196,38.0,No,14.0
45c8f174-0578-4803-9cfe-7ea8e6ba9dc5,2023-11-30,Pending,False,1186.91,Credit Card,WEWJGBDT,,46.0,No,24.0
bc0fcba7-ac7c-4709-b941-a7d18338dd8e,,Missed,True,,Credit Card,EVCEGBOW,AGT-6939,53.0,No,48.0
,2025-01-01,Late,False,1349.85,Cash,VFSKGBYY,AGT-6674,45.0,No,37.0
0e0774e9-b694-4024-b145-f72c49286f5d,2024-09-13,Pending,,1941.54,NEFT,MGBTGB2R,AGT-7181,67.0,No,3.0
8f190aed-9852-4427-b04c-9cba200c911d,2023-08-30,Missed,True,1487.66,Cash,YEVYGBY3,AGT-0654,89.0,Yes,58.0
f86d58f7-34dc-4fd1-a638-189231fa407b,2023-09-30,Late,False,433.62,NEFT,GQKVGBXD,AGT-0543,24.0,Yes,55.0
66045b12-d7f5-49d8-8585-cc6ba3a4f0ab,2025-06-24,,True,1459.46,Cash,NEBNGB2W,,60.0,Yes,12.0
80a90310-9cd5-4129-a6e2-72f952e26b3f,2025-06-22,Missed,True,809.61,Credit Card,FWONGBF6,AGT-6502,78.0,Yes,14.0
3dd30266-265d-417e-9dd6-b0bedef8569a,2024-04-18,Late,False,356.83,Cash,MLIVGB7X,AGT-9120,14.0,No,17.0
d20e8a55-6daa-47bd-8d82-c8b9a37602f1,2023-08-27,Paid,False,,Cash,XFMSGBGV,,71.0,Yes,36.0
33c65509-6672-4971-8309-07d2c5602bef,2024-05-07,Missed,True,950.1,NEFT,OPAXGB9A,AGT-1748,68.0,Yes,11.0
ffa2c24a-9010-4711-89c5-cf690a72ea99,2024-02-06,,False,1487.9,Credit Card,HABRGBWK,AGT-3941,38.0,Yes,59.0
65a06880-47b0-44d5-bf6c-025755a9e2ac,2025-06-16,Missed,True,1656.43,UPI,BZYVGBV4,AGT-2247,88.0,Yes,26.0
629ca0ef-8780-4d82-8ac3-7a5a5c2b153a,2025-03-09,Missed,True,1045.68,Cash,CMDNGBL2,AGT-0830,78.0,Yes,53.0
62f4cfa0-1785-445e-bdff-fba7e9ecb706,2024-04-29,Pending,False,1581.45,NEFT,TXLPGBZK,AGT-7458,80.0,,55.0
395fc5fc-978d-4820-b759-e9fcb2117110,2024-04-14,Paid,False,1341.57,Credit Card,QHBAGBA1,AGT-8752,81.0,No,26.0
f9604b87-01b3-4bb9-b652-d42c147e274e,2025-07-10,Pending,False,1664.26,Cash,PCYTGBLW,AGT-1308,39.0,,22.0
08bdb657-c687-4547-92cf-36a77c289ded,2023-10-29,Paid,False,719.93,Credit Card,VERQGB68,AGT-9551,71.0,Yes,27.0
a111728b-92e3-4284-92cd-286781bea433,2024-01-26,Missed,True,967.73,NEFT,FPPBGB3S,AGT-4543,25.0,No,51.0
6261f705-8ce7-459f-a6ce-ed532ab084f1,2024-06-22,Paid,False,1421.94,NEFT,QCMWGB45,AGT-9076,68.0,No,30.0
4654e027-626b-415f-a9f4-55793a7efe3b,2025-03-10,Paid,False,557.49,Cash,GPBHGBHH,,74.0,Yes,28.0
cfed292a-e1fd-4e65-b79f-b48cdfb60c30,2023-11-09,,False,599.79,Credit Card,NQORGBPS,AGT-2552,79.0,No,53.0
d67f73c5-a008-4a64-823b-d16d3abf4e5b,2025-01-05,Paid,False,1992.76,Cash,SRALGBBB,AGT-0007,62.0,No,1.0
,2024-07-15,Late,False,1358.22,Credit Card,RCWOGB8H,AGT-3402,2.0,No,57.0
ae616c82-06c3-4bec-acd5-1b35d5011c5f,2025-01-28,Late,False,1716.42,Credit Card,PGBGGBKK,AGT-1197,51.0,No,22.0
801110a4-fda2-45b2-9b72-356f32cd3de3,2024-06-05,Missed,True,1925.58,NEFT,AQQKGBW0,AGT-4997,45.0,Yes,21.0
cddf3d92-8a6c-4d74-a1aa-b1f16663ef7f,2024-07-22,Missed,True,1539.76,UPI,BJETGBV9,,7.0,No,13.0
16047c50-994e-4ec1-8d90-c13f72ed1fb0,2025-05-16,Late,,1342.6,NEFT,CRUSGB55,AGT-0964,71.0,No,53.0
4c1d5477-2ef4-4e08-a717-93c5b33a2e3b,2024-01-18,Late,False,1538.14,Credit Card,PJCBGBO7,AGT-1372,32.0,No,57.0
8c481b83-32a9-4999-b012-65c6689d2c11,,,True,381.42,NEFT,XGAGGBYX,AGT-5354,13.0,Yes,48.0
f05d4112-7e60-4935-aa47-43dc567de2f5,2025-05-14,Paid,False,1126.47,Cash,IRUVGB5R,AGT-7986,54.0,Yes,5.0
e6933bb4-6152-40df-8828-539a8e1c006b,2025-02-12,Pending,False,1573.11,,MOLRGBPG,AGT-1039,16.0,Yes,33.0
42fae3c8-5aea-4495-8cd1-9e3d2e93ef68,2024-04-16,Paid,False,455.54,UPI,NPGJGBMM,,66.0,,24.0
8756f320-a7b1-4251-82a5-254bfc977ea1,2024-08-07,Missed,True,435.42,Credit Card,IBKDGBIG,AGT-8743,88.0,No,22.0
a5136640-ff9a-406f-9788-02e6ddeaf409,2024-10-16,Paid,False,1243.42,UPI,ZXEOGBZ6,AGT-5694,75.0,No,17.0
21230cf8-1d00-4aa5-9266-f6b213f89c16,2025-07-02,Paid,False,281.71,NEFT,KPNRGBX9,AGT-2193,76.0,Yes,47.0
,2023-12-01,Paid,False,1494.64,Credit Card,VLHZGBH2,AGT-8838,62.0,Yes,24.0
,2024-07-18,Pending,False,1594.82,Cash,YQMYGB4N,AGT-0659,34.0,No,45.0
,2024-01-24,Missed,True,945.3,NEFT,TELNGBY5,AGT-9542,0.0,Yes,47.0
8fd3385c-4b4b-4127-af30-4f03de0e6ab5,2024-07-17,Paid,False,595.35,Cash,WOIHGB8X,AGT-6881,35.0,No,29.0
d0eda983-ddf1-43de-872f-389c1475059b,2024-08-17,Paid,False,231.9,UPI,DHXZGB3L,AGT-7817,70.0,Yes,33.0
571282d7-473a-4643-8304-18675a74a79a,2024-09-19,Late,False,,Cash,LJAKGBIH,AGT-0813,40.0,Yes,
d8f76327-8606-4bd7-a14d-274c6bf9caf1,2025-04-04,Pending,False,,Credit Card,FOPFGB7X,AGT-2413,65.0,Yes,54.0
e07919cc-9a1e-406a-944f-3c9337e4f8f9,,Missed,True,903.56,UPI,WBGTGBXP,AGT-7629,10.0,Yes,39.0
eaf10ca5-a8b3-4c00-bb80-a98511db9662,2025-03-03,Paid,False,459.75,UPI,MYXPGBG8,AGT-3642,81.0,Yes,13.0
b0085644-9619-4792-8fa4-db2b1b2995b2,2023-08-21,Paid,False,306.07,Cash,ZOMKGBS2,AGT-5546,85.0,No,21.0
8870c4f3-2ec3-4ef1-b834-bc2c7f389778,2024-01-09,Paid,False,1630.86,NEFT,NWLXGBGB,AGT-1417,19.0,No,41.0
81adc763-bf44-46c2-8666-e83463400b45,2025-06-02,Missed,True,709.06,UPI,LAOSGBLT,AGT-0086,75.0,Yes,57.0
6b81db0b-f743-4786-bd85-2fefa637a8b5,2025-04-16,,True,459.06,UPI,QUCRGBQ9,AGT-6849,62.0,No,18.0
8e772c19-9f03-47b7-8366-6e11f38fea29,2025-04-25,Pending,False,1946.97,Credit Card,SVSYGB6O,AGT-4854,61.0,Yes,11.0
bc134b50-d0bf-4640-8787-5fa512db1428,2024-12-19,Paid,False,1267.52,Cash,QOKYGBKV,AGT-7214,14.0,Yes,37.0
328367ba-1f46-4bc2-8481-da58b1d17f4b,2024-07-27,Pending,False,1927.75,Cash,NVRVGBTB,AGT-2643,45.0,Yes,52.0
5a89a55a-9507-4514-aad8-20b329906c62,2024-06-14,Missed,True,891.57,Credit Card,AMZUGBH2,AGT-7890,87.0,No,32.0
,2024-06-28,Missed,True,1562.93,UPI,EHHJGBIU,AGT-2946,78.0,No,34.0
c15286c1-1b70-4db4-a6ee-69d76e5300f6,2024-07-06,Pending,False,1713.25,Cash,,AGT-3340,56.0,No,9.0
94250a22-b1f8-4cbd-bf15-4f9e6471038f,2024-10-09,Missed,True,640.81,Credit Card,FSQFGBMV,AGT-3633,8.0,No,18.0
ae982b8d-b370-4985-92fe-9f069dd379db,2024-01-25,Missed,True,1782.25,Credit Card,LIYVGB2W,AGT-4626,4.0,No,15.0
53056be0-03ef-48cc-a503-5d2ddf1eaadf,2024-02-26,Pending,False,1207.03,,ZJDQGBAG,AGT-7860,37.0,No,50.0
57c643c2-df13-40e6-aec9-75789dac419c,,Pending,False,224.77,UPI,MPLFGBSO,AGT-1055,74.0,No,50.0
d19d9a6c-c1a1-4b7c-8aa0-b96290c5cb42,2024-04-12,Paid,False,909.95,UPI,BITGGBSP,AGT-5268,86.0,Yes,57.0
86976ea3-810a-4a4f-a338-dfef542437c7,2024-05-01,Late,False,632.36,Credit Card,AIKXGB5V,AGT-8161,26.0,No,17.0
08d62603-7599-4db9-943d-2b6fac57f105,2024-08-13,Paid,False,1591.34,UPI,THAOGB2H,AGT-9794,68.0,Yes,5.0
74cffd36-5b4a-4a6d-a04f-c230423ac3e6,2025-03-08,Pending,False,1507.19,UPI,CFFIGBVC,AGT-0636,13.0,Yes,32.0
,2023-12-01,Missed,True,822.63,Credit Card,GCJDGBHC,AGT-1164,11.0,Yes,14.0
7661b6dc-b41c-41de-ab43-a3cef5cec24c,2024-07-09,Missed,True,1219.92,NEFT,AKDPGB3R,AGT-8957,68.0,No,31.0
da498ae5-e3be-4812-8bf7-751ff5ba19c8,2024-06-25,Late,False,456.8,UPI,DNBMGB4M,AGT-1952,18.0,Yes,
fdf7d845-db68-44da-b2b2-8e49518639ef,2024-10-21,Paid,,1873.48,Cash,BQOLGB8D,AGT-3036,32.0,No,46.0
c1999763-a692-43b9-985e-71e84f0f17b2,2025-02-25,Missed,True,,UPI,DAZYGB04,AGT-0097,25.0,Yes,2.0
a1345cdf-c013-4590-b6f0-905f2699ee02,2023-07-20,Missed,True,766.6,NEFT,,AGT-1047,23.0,No,12.0
48c5d11d-061a-4640-a9ac-edb1ed722d53,2025-06-29,Late,False,1692.44,UPI,VYEPGB1U,AGT-9609,66.0,No,23.0
1427aeb3-ad83-461f-a248-bbff25e28f74,2025-07-13,Pending,False,520.78,NEFT,MNYOGBI8,AGT-3950,42.0,Yes,35.0
30123d01-3e5e-4906-bed0-27c041ce0701,2024-01-06,Paid,False,1990.15,UPI,LOOFGB83,AGT-1934,77.0,No,4.0
4a9f9ac6-2c61-47bf-be4e-1b14bef0e8f3,2024-02-22,Late,False,744.84,Cash,FUHOGB7Q,AGT-3737,67.0,No,
e967a8ab-4c08-4f20-aacf-5bddf5e812a3,2024-04-11,Missed,True,185.21,UPI,SEAJGBUR,AGT-6178,57.0,No,39.0
2045b515-22d6-438a-a54e-731ed0233d05,2023-09-28,Late,False,897.95,Credit Card,ELSGGBZM,AGT-0802,,No,33.0
,,Pending,False,1787.4,Cash,SMDZGBNG,AGT-5748,85.0,No,31.0
a816c29b-5f2b-48d1-a1c9-050b104ee4ac,2024-07-20,Pending,False,848.76,Credit Card,JCVPGBL5,AGT-2377,18.0,No,55.0
cef8abb3-133f-45aa-af9e-8075a57497cd,2025-04-08,Late,False,420.72,NEFT,EFVYGB3X,AGT-5608,23.0,Yes,24.0
fba68bd8-c6ff-4c84-b5ab-c156c11028f8,2025-05-11,Paid,False,844.38,UPI,JWWOGBVB,AGT-3661,61.0,Yes,5.0
e58b5afe-d395-4e5b-83f9-f809b2e4ab1f,2024-03-06,Pending,False,1524.97,Credit Card,FYTQGBHN,AGT-6958,17.0,Yes,14.0
ab826fc6-660a-4927-bb3d-6f315fefd0ad,2024-12-09,Paid,False,,NEFT,VTXMGBQ7,AGT-4388,20.0,No,
7d82d2fc-311a-4723-94ab-9efa3e012dfa,2024-11-29,Pending,False,791.22,UPI,GOGZGBX0,AGT-0517,31.0,Yes,59.0
944a70af-c20e-4536-aefa-4ad8daed0d9b,2025-06-21,Late,False,1302.66,UPI,HNOKGB92,AGT-9074,44.0,No,36.0
e6738a8c-884a-4f2d-874c-5831a10e794b,2025-01-10,Paid,False,1957.84,UPI,PKFLGBPW,AGT-8978,25.0,No,57.0
96b5c4d4-4960-4870-8b60-b90f60a94540,2023-09-19,Paid,False,1745.94,NEFT,WCYBGBVO,AGT-0902,52.0,No,44.0
3046eda9-a483-47a1-82fe-3da4ea88dbb3,2024-02-10,Pending,False,1249.33,Credit Card,HLEGGBE5,AGT-6025,70.0,Yes,16.0
559632cc-98ef-4eb2-b87c-f345d935d2a3,2025-06-22,Late,False,1842.17,UPI,WRSRGBDV,AGT-6667,56.0,Yes,53.0
597edb71-9802-4de6-a30f-128ce91be598,2025-03-08,Missed,True,543.11,Credit Card,RPJAGBIY,AGT-4515,56.0,No,59.0
d1e79816-18a0-4efa-827a-8defd89f94ef,2024-12-21,Late,False,123.18,UPI,PGUAGBC7,AGT-8132,76.0,No,31.0
66240f14-d3cf-4198-be80-0fd40593e71b,2024-11-10,Late,False,1574.99,NEFT,BNDCGBTV,AGT-9183,34.0,No,35.0
017ffd43-45e6-417a-8d49-479869ca8c8c,2024-01-22,Missed,True,1871.13,NEFT,MDRJGBAV,AGT-9291,6.0,No,5.0
2fec7aeb-a89e-436d-af85-a0037caac32e,2025-07-18,Missed,True,890.21,Cash,,AGT-4694,45.0,No,43.0
0294f4da-6318-47cd-8414-9d0bd93dec8c,2025-04-11,Pending,False,567.61,Cash,HEZFGB67,AGT-4360,38.0,Yes,38.0
aff1b46f-988f-4b04-8ef2-0b8a2b079c9e,2025-06-29,Missed,True,1046.96,UPI,,AGT-7854,11.0,,19.0
a0581ebb-cf09-4f06-a2bf-17267ce4612b,2024-12-01,Paid,False,,Cash,ZKBYGBU5,AGT-6666,71.0,No,12.0
70105ca1-49f0-47e4-8951-8b85f9cc0880,2023-10-07,Missed,True,209.85,Cash,IKLAGBJ8,AGT-3881,62.0,Yes,58.0
c66c7da8-743d-4a7e-b408-8985f6bf5ed6,2023-07-29,Late,False,458.9,,YNIDGBFK,AGT-7040,47.0,Yes,1.0
292a6a10-aed4-4c1b-a670-a2c8f941e4d3,2023-09-01,Paid,False,318.59,Cash,ORTMGB9Q,AGT-0040,19.0,No,12.0
30dfb7c2-bc3f-4d3b-9de9-cafab6f36938,2025-04-16,Paid,False,1990.97,Cash,LKHAGB28,AGT-0170,66.0,No,39.0
,2024-02-21,Missed,True,1879.78,UPI,OUUHGB0F,AGT-3238,2.0,Yes,13.0
a737b4e3-50b8-4a15-a1a2-0d0e5a8f2c89,2024-06-09,Pending,False,308.78,UPI,TUCQGB27,AGT-2517,13.0,No,56.0
54801286-8908-4a95-b139-c821379f501b,2024-10-18,Pending,False,1867.95,Credit Card,RHJXGBY4,AGT-5952,49.0,No,
d8118c26-b104-4263-b95a-bc3d18cdee44,2025-02-09,Paid,False,588.5,Cash,MEAHGBY4,AGT-0554,63.0,Yes,18.0
7db7a43b-a8e7-41ac-b110-950e72ebceff,2024-10-12,Pending,False,639.46,UPI,JJMGGBBZ,AGT-6145,34.0,Yes,6.0
81cc6bcb-0a78-4b9b-9722-88c0c660b1c6,2025-06-03,Missed,True,1039.61,Credit Card,VSXMGBDU,AGT-5512,7.0,Yes,33.0
491035c1-5353-4f90-9a52-ab4dee5e0be9,2024-06-24,Late,False,990.16,UPI,FQZOGB3V,AGT-0572,30.0,Yes,12.0
64737e3c-f37a-40d8-879d-e5c9ec1eea84,2024-03-31,Missed,True,1176.89,NEFT,RUOSGB0I,AGT-3730,20.0,Yes,17.0
3d1073be-45c9-4932-86d0-c594a2e122bd,,Late,False,960.95,UPI,,AGT-6563,43.0,Yes,
0c9e8abb-fbab-4152-b147-e0b1c4d378fe,2025-01-20,Paid,False,375.11,Cash,TLMOGBHQ,AGT-7409,16.0,No,14.0
cdc0a69c-48e1-48e1-b77d-8dd9803e22f0,2024-11-02,Paid,False,,NEFT,BGYMGBY0,AGT-3832,21.0,No,58.0
4f67bf9a-52a0-4f08-a7b0-5011869c7960,2023-09-09,Pending,False,733.92,UPI,ZYJUGB7R,AGT-9425,2.0,No,41.0
1270a88b-4220-4473-b16d-b04994454c8c,2024-10-29,Late,False,376.49,Credit Card,LCRJGBHO,AGT-8974,86.0,Yes,17.0
c7a6a508-a6c4-4029-bb97-8b6ef21906f7,2024-10-28,Paid,False,382.64,NEFT,GAGOGBBL,AGT-8616,7.0,No,16.0
e94f845a-a23d-4f1c-816e-2533f160bb59,2025-05-01,Missed,,553.66,UPI,MELYGBNL,AGT-4444,78.0,No,1.0
639d91c4-45da-4d44-9fb7-4bed9a36ae7b,,Pending,False,1878.82,Cash,VWRZGBY3,AGT-4528,62.0,Yes,39.0
43aeda79-e0b9-4284-a2b0-b4447df0a931,2025-05-16,Paid,False,165.51,Cash,WXJRGB1I,AGT-8969,,,3.0
1363cae9-452c-4102-ac04-dc991e501e84,2023-10-19,Pending,False,109.61,Cash,HQJNGBEE,AGT-3090,68.0,Yes,31.0
,2024-01-04,,True,781.51,Credit Card,UGVPGBBW,AGT-5106,70.0,No,19.0
f88443e2-32ff-4c72-a853-705b2b365625,2024-04-25,,False,1721.13,Cash,ZWTSGB2J,AGT-5307,29.0,Yes,
bd967261-e435-496c-8881-1ad920465237,2025-01-13,Missed,True,1924.01,UPI,RAHVGBUA,AGT-5598,39.0,No,14.0
08c693a4-fcbe-4948-9233-5f8140c96b64,2024-10-28,Pending,False,696.58,Cash,LBSUGBQ5,AGT-8730,8.0,No,40.0
f00b3516-bc87-4835-899a-ae18defe59e8,2023-10-15,Late,False,440.9,UPI,YTRNGBB3,AGT-9641,75.0,No,39.0
17159fff-49f2-4869-adb8-902e0e1334f2,2024-06-13,Paid,False,1417.81,Credit Card,HRMEGBGO,AGT-3704,55.0,No,38.0
0617a81f-756b-4006-a71b-ee273a2a0a30,2024-02-05,Missed,True,805.84,Cash,UJEUGBW9,AGT-8687,47.0,Yes,51.0
362305c8-a53b-42a3-8345-6349fc0404f9,2023-08-29,Paid,False,296.97,NEFT,YXLHGBU4,AGT-9452,82.0,Yes,45.0
,2024-04-12,Paid,False,1630.15,Cash,XOGOGBXD,AGT-7318,30.0,No,10.0
1b4bb93d-07f3-4945-81f4-6c394be8c856,2024-05-02,Paid,False,1865.54,Cash,ZJONGBQB,AGT-3044,8.0,No,44.0
f0609f35-3b76-4fa7-905e-d966bd4b2aa0,2025-05-20,Pending,False,1498.06,Cash,XFFVGB6Y,AGT-1621,53.0,Yes,17.0
955ab670-7206-4c31-b430-077c04131718,2023-09-24,Late,False,1329.14,UPI,,AGT-3463,13.0,Yes,38.0
53fa52d4-57f5-4e62-9d73-4c5216f7596a,2024-07-29,Paid,False,753.17,Credit Card,FYWAGBG4,AGT-8733,26.0,No,13.0
c340764a-6edb-4cd2-b447-dc08d9d477b6,2023-10-10,Missed,True,740.19,Credit Card,FGEHGBQF,AGT-4519,10.0,No,48.0
2e2c3646-d99f-4db7-a512-11245f6f07fb,2024-08-16,Pending,False,1412.84,Credit Card,MUEUGBV7,AGT-1991,77.0,,47.0
ba0d30c5-d1b4-41e3-8e3d-e522c5d3a506,2024-07-18,Pending,False,1391.69,UPI,WNJFGBA8,AGT-5714,12.0,Yes,48.0
d9d5ee3f-98ee-41dc-9aa8-b57da4140162,2025-06-17,Late,False,1666.46,Credit Card,JUIQGB07,AGT-0727,11.0,Yes,
637d4604-40dc-4ecb-8021-40096c2de3ea,2023-09-02,Pending,False,1912.01,UPI,IDQPGB1R,AGT-5390,25.0,Yes,25.0
,2024-01-05,Late,False,666.69,Credit Card,,AGT-7856,1.0,Yes,29.0
de133bb3-1b0b-4674-9267-28c71ef4beea,2025-05-09,,False,817.46,Credit Card,BWVQGB89,AGT-0530,21.0,Yes,33.0
4605a52f-5a2e-4092-97a0-ead0e021dd50,2024-03-28,Late,False,1104.87,NEFT,XTWVGBEN,AGT-6775,74.0,Yes,43.0
ca489557-7d25-4a0b-9da1-344634fbb354,,Pending,False,1164.28,NEFT,XBBBGBTH,AGT-3215,77.0,Yes,36.0
9f516af5-eec8-49c9-b15d-453bcac3552f,2024-07-08,Pending,False,1323.82,UPI,OEZFGBA6,AGT-0444,67.0,No,25.0
ca6e22cd-1dbd-45dc-aeb8-919403e1758c,2024-09-04,Paid,False,467.31,UPI,,AGT-0060,60.0,No,14.0
f161e3f4-0401-44fd-b0e9-d71144c92131,2023-08-14,Missed,True,,Cash,OFSSGBVU,AGT-3787,71.0,No,32.0
c5a604fa-1b11-45b0-bec6-c49159ac1759,2023-12-03,Missed,True,434.08,NEFT,WMQSGB9F,AGT-0241,27.0,No,39.0
51bd15d1-3150-4cfa-af45-27e43ff46822,2025-04-18,Pending,False,1888.48,Credit Card,RQDIGB32,AGT-6525,50.0,No,8.0
eee134f3-0d7b-4ac2-8fa4-a00564fd8359,2024-06-26,Missed,True,773.16,Cash,KCGBGBNE,AGT-3923,2.0,No,52.0
6cff5510-c901-4496-a345-4dd2a759444f,2024-11-10,Missed,,868.11,Cash,VRULGB0Y,AGT-9534,43.0,Yes,
d06bb92e-a0d6-4b8a-8453-ef98274995cf,2024-11-08,Paid,False,1864.05,,GTIUGBIO,AGT-1563,,No,6.0
,2023-08-28,Paid,False,1290.89,Credit Card,ILDOGBBY,AGT-7051,34.0,Yes,48.0
befda022-4c01-4573-93cd-c012d8700995,2025-02-12,Paid,False,1924.47,Credit Card,AWTXGBJA,AGT-7834,8.0,Yes,41.0
36882a9c-2d6d-44df-a3ef-e59448608eea,2025-02-06,Late,False,1312.17,Credit Card,NUBOGBQZ,AGT-9399,83.0,Yes,15.0
7e1226e2-7652-4715-9cf4-a6c79cd914f2,2024-01-07,Late,False,948.86,NEFT,NGKXGBXC,AGT-4419,,No,1.0
75ae44ba-3bda-44e8-a571-e20affe0e889,2025-03-06,Missed,True,1768.89,UPI,LMIOGB5W,,89.0,No,56.0
bd513d9c-ba1a-4e58-b590-0d22b53cbebd,2023-09-19,Paid,False,118.19,Credit Card,SHAMGBJL,AGT-5455,3.0,No,30.0
53bb0c0f-12cc-4c80-8631-6908158b9ad7,2025-02-10,Late,False,901.02,Cash,CIQEGB2K,AGT-9511,41.0,No,11.0
6706fcf7-8451-4831-a972-81f685f4b8b7,,Late,False,300.67,Credit Card,DHPDGBS8,AGT-2336,,No,32.0
8db69dcc-d62d-46e5-80d4-451c63318cf1,2024-06-02,Late,False,1068.85,NEFT,CFRYGB96,AGT-8373,73.0,No,31.0
,2024-09-05,Missed,True,,,XEAXGBJB,AGT-6467,18.0,Yes,49.0
71f3d895-51ab-4b04-a4d6-c0484567deb7,,Paid,False,1136.59,Cash,OYRZGBFM,,84.0,No,6.0
703171d2-743b-40d5-8653-992cbbe4bfd0,2024-11-01,Paid,False,1572.14,,JMDIGBQK,AGT-6800,80.0,No,4.0
efc44bc0-ecf6-4173-b409-bf95f52548db,2025-05-26,Paid,False,1108.68,NEFT,LSZYGBEC,AGT-4044,74.0,Yes,58.0
a5124d27-5186-434c-9293-ef9ffebb16de,2024-03-26,Paid,False,426.46,Credit Card,MXTUGB3O,AGT-9991,84.0,Yes,27.0
008dcb41-3c31-4d0d-9e02-fec090ff8f2c,2024-11-19,Paid,False,202.96,Credit Card,NNBTGBPY,,15.0,Yes,26.0
e4b6f5cc-aeae-40a4-917f-64d0a87635c2,2024-06-04,Missed,True,1027.52,NEFT,HNAYGBKE,AGT-0122,15.0,Yes,15.0
bb45a34b-35c3-476d-8b20-9d5d5a19d5a8,2024-04-06,Pending,False,,UPI,ONTEGBO0,AGT-4098,49.0,No,9.0
59532035-63c5-4576-98c8-7de5c955a29d,2025-04-16,Pending,False,1515.75,UPI,HEJVGB2K,,,No,11.0
1e292bbe-6aa1-44c1-924b-d29ae6d15e81,2025-07-11,Late,False,,Credit Card,UOHLGBPH,AGT-5268,88.0,No,19.0
97cdeb3e-537c-43d5-af34-95a89d47a200,2025-02-21,Late,False,1723.58,Cash,PKKOGBVE,AGT-9026,23.0,No,49.0
8c82992b-108b-424a-b49d-7a81eb45fc94,2024-06-17,Late,False,,UPI,RMKNGBL9,AGT-2910,1.0,Yes,28.0
f88574f1-0253-49a7-a8de-a96243f982ad,2024-10-13,Missed,True,1172.18,Cash,YOLGGBXF,AGT-4465,10.0,Yes,50.0
0e23e4c7-4d42-4ad9-84bf-03db63356323,2023-09-10,Late,False,531.39,UPI,LUEAGBMB,AGT-4181,20.0,Yes,41.0
1cf9f53d-8ab6-4ecb-92f9-bdc9089abe91,2024-03-12,Missed,True,1613.94,,ISIHGB7I,AGT-0439,64.0,No,
962ec50d-0a9f-4e96-8511-e8b8caea532e,2023-10-29,Paid,False,1135.32,UPI,ODAWGBDO,AGT-0751,65.0,Yes,52.0
f8f9b5c6-02da-4dbb-bc80-fca0a71f59a2,2024-12-28,Paid,False,1373.61,UPI,BWUDGBD5,AGT-3041,83.0,No,11.0
f7fdd8c2-8332-4968-91a1-dab19df44bb1,2025-06-06,Missed,,1152.49,NEFT,RFZGGBA4,AGT-7208,40.0,No,28.0
0a427eba-ca1b-4c28-8df4-87d97c8c98c0,2024-05-25,Paid,False,1752.7,NEFT,QJSBGBJX,AGT-2773,49.0,Yes,24.0
ed9625f2-985c-436d-840b-6b91d0b3c665,2025-03-11,Late,False,1205.36,UPI,QAHZGBKL,AGT-8946,36.0,,29.0
62a2a482-a461-4d52-91c1-02ac33e7775d,2025-04-20,Pending,False,1036.22,Credit Card,NWMYGB5D,AGT-9935,7.0,Yes,51.0
2b1ee8ee-01ed-4d1d-84e1-8c8ca0030e2a,2024-11-11,Pending,False,1256.37,Credit Card,MOFRGBCI,AGT-5081,1.0,No,17.0
4a9223ef-db1f-44b6-869a-da6c4ec4aa03,2023-08-13,Missed,True,1217.61,,JBEFGBIW,AGT-7813,73.0,,39.0
f30a8c11-674a-4c5c-83d5-cd0b5c50f027,2024-01-07,Paid,False,1738.39,Cash,PHEZGB13,AGT-0335,,Yes,52.0
20698a69-608a-4e27-9a95-ce4a09bff86c,2024-02-05,Pending,False,633.03,Credit Card,TDJQGBYF,AGT-1510,88.0,No,30.0
baa57a1f-479f-4b6a-b70a-b77306ebb4a2,2024-08-16,Paid,False,1474.81,Cash,ETJLGB54,AGT-4435,84.0,Yes,5.0
06c4329b-f768-48a8-bddc-74d5862bca83,2024-01-02,Paid,False,1556.05,NEFT,ZQSZGBTL,AGT-1573,41.0,No,
9b1f0dd3-5063-41cc-bcf7-e8b8d5d2ef84,2023-10-08,Late,False,1771.54,NEFT,LYGOGBMQ,AGT-8877,37.0,No,21.0
5070c49a-c168-487f-aa15-f9ce3dec56be,2024-08-17,Pending,False,612.29,UPI,HQYYGBF1,AGT-0183,65.0,No,48.0
0c503ee4-a759-43ea-a410-dd6974483ddb,,Paid,False,1564.46,Cash,EJBJGBCE,,73.0,Yes,55.0
8ad902e9-a2f5-4cd9-b2e6-60f38da02d65,2024-12-06,,True,1582.21,Cash,DIBNGBLF,AGT-4956,63.0,Yes,30.0
838f1f8e-d6e2-4540-90a1-3f3d5334f19a,2025-01-18,Paid,False,1771.07,Credit Card,BYMBGBQ0,AGT-8631,44.0,No,15.0
f2bc281b-1f51-48da-8672-c2960bbc70aa,2025-03-06,Pending,False,296.83,Credit Card,TSPJGBSC,,49.0,No,22.0
34c6e4ec-0ba4-4251-88e5-62fdb0569d77,2025-01-25,Late,False,248.07,Credit Card,YKAAGB15,AGT-9458,28.0,No,45.0
afe58ccd-f11a-4381-b149-f58017863904,2024-08-19,Paid,False,1349.78,Credit Card,CZNDGBS2,AGT-3315,13.0,Yes,42.0
0cb8046b-a2da-4f0a-8c3d-fca0a607a568,2025-04-18,Late,False,861.44,NEFT,QLNFGBD3,AGT-5929,25.0,No,24.0
,2023-09-25,Missed,True,114.12,,RZCYGBUS,AGT-6234,49.0,Yes,
f11bc078-c97c-4522-8126-1fdb1833021a,2025-01-12,Missed,True,,Cash,XPPWGBAZ,AGT-0084,88.0,Yes,55.0
3706030b-2b3c-47aa-8e9d-d68f51d7105d,2025-05-06,Pending,False,354.96,UPI,XMFHGB13,AGT-0237,87.0,Yes,59.0
08174ed0-96aa-4295-8536-d49b055dffea,2024-01-26,Paid,False,114.36,UPI,WQNSGBE7,AGT-2299,86.0,No,21.0
da3bd802-7c3a-4d4a-8676-745bb89a44f7,2024-06-30,Missed,True,1644.59,Cash,AEHMGBCK,AGT-2725,11.0,No,34.0
9fe9bd67-e0b1-4b94-a94d-fb1425b6fcd4,2024-07-13,Paid,False,121.12,Cash,LBGJGBZR,AGT-7782,25.0,Yes,7.0
cfdce4e4-1441-4ef3-ba33-14c65fb15450,2024-04-29,Late,False,1895.58,Cash,RLSEGBBE,AGT-1165,12.0,No,48.0
dc46a602-b87d-4c83-9691-2fdfc3680726,2024-02-12,Paid,False,156.31,UPI,PRMVGBOM,AGT-5370,67.0,No,23.0
381fbeab-e578-4df6-8fd9-668084545fd9,,,False,740.06,UPI,ZBNUGBVS,AGT-1217,40.0,Yes,40.0
19fa5331-4772-4efd-a088-208d14a1bb11,2025-03-12,Late,False,1184.86,UPI,UFGWGBGJ,AGT-8570,2.0,No,18.0
6cac0326-7e28-4af8-8c8d-9c3530bd3e07,2024-10-08,Pending,False,1545.09,UPI,JHLSGBIC,AGT-8925,69.0,,46.0
251170b7-20eb-4879-88f0-ec3e88fe53bf,2024-07-26,Paid,False,1259.51,Credit Card,HUIYGBJ3,AGT-3433,70.0,No,26.0
9d5a055b-c50b-4cb0-a3aa-57b64c3ab4f9,2023-09-10,Missed,True,350.9,Cash,HRVNGB0C,AGT-0929,22.0,No,19.0
614b8f22-491b-46d4-96e2-4d0102eaae6b,2024-02-11,Missed,True,897.65,Cash,ERCWGBZ5,AGT-3735,63.0,No,32.0
9a9a6646-72b8-4f4c-92ae-56f211330027,2024-03-24,Pending,False,1200.64,UPI,MROMGBJX,AGT-2346,61.0,Yes,2.0
72445cf6-b319-4032-a931-d4663d8193f0,2024-04-07,Missed,True,,Credit Card,AAXHGB0C,AGT-2772,12.0,Yes,20.0
0c9c3eca-6d6b-441c-ae62-3abc18b3dd1c,2023-10-28,Pending,False,834.33,Cash,BQYSGBDR,AGT-0352,63.0,No,37.0
b9d71d68-91ac-4cbb-a029-17553944ff19,2024-03-25,Pending,False,1955.31,UPI,ZRUMGBQL,AGT-3856,14.0,No,
53e1dbf8-0116-430d-ae19-2dfd0fe83eca,2024-04-23,Pending,False,1592.98,Cash,UYWRGBAK,AGT-7562,16.0,No,28.0
a393dcd5-1ef7-4a19-8c9c-4d9c65023b3f,2024-05-10,Late,False,1454.23,Cash,VMBNGB7I,AGT-0790,0.0,Yes,5.0
a425f079-04e3-4b17-805a-0e72c7f12a95,2025-02-11,Pending,False,1224.85,Credit Card,UHNSGBQD,AGT-9379,17.0,Yes,23.0
b0efcb19-1f3c-47d3-8bef-eda2d1921209,2025-06-15,Missed,True,1073.26,Credit Card,WAETGBW5,AGT-1194,48.0,Yes,30.0
,2024-03-17,Paid,False,1585.64,Cash,ALMJGBJE,AGT-8986,74.0,Yes,9.0
22e9d0bc-1088-4536-9df9-7865df75f25c,2024-12-22,Late,False,1526.37,Cash,IEVSGBHO,AGT-7157,4.0,Yes,32.0
9af14bb3-bb49-47e4-a9c4-48aaa50ed4ea,2024-12-20,Paid,False,1533.45,Credit Card,STBHGB7F,AGT-7577,44.0,No,22.0
64ac69ee-6043-4974-bef9-39a9e2d0dee6,2025-05-29,Paid,False,1946.46,Credit Card,FJQBGBFT,AGT-3596,87.0,No,51.0
b23554b3-fb4e-439d-bf7b-4d270f439acc,2023-09-11,Paid,False,725.16,Cash,YESNGBSF,AGT-5166,39.0,No,42.0
0861a3f5-e9db-4416-aa93-faa588bd7242,2024-07-12,Paid,False,507.86,Credit Card,FQEZGBXG,,68.0,Yes,41.0
b9459402-f046-49e9-917a-d0d1580b21f7,2024-08-03,Pending,False,653.88,UPI,GCJPGBX5,AGT-7415,17.0,No,52.0
b2f9bf56-cd84-47c7-bebc-cc9cb08da1d2,2023-10-10,Late,False,701.65,UPI,ODSOGBK3,AGT-9615,21.0,Yes,50.0
c93601d7-10b7-436a-8f4c-5c25d1f25aaa,2025-04-20,Paid,False,605.73,UPI,QPJUGBCI,AGT-6042,19.0,Yes,13.0
0dbc9f19-e81f-4a61-b9fb-8473438c7c75,2025-06-14,Late,False,1075.7,NEFT,GMTTGBLJ,AGT-5693,45.0,No,
8d386a2f-cee6-49db-85d5-47eed24a2ad1,2025-05-11,Paid,False,944.92,UPI,BGXCGBFU,AGT-3571,22.0,No,1.0
66f7e244-cc82-4e1b-b589-2d60bd9be69e,,Paid,False,760.66,Credit Card,,AGT-8082,40.0,No,41.0
a07fcc53-e354-4bd7-b254-2a6721f781f2,2025-07-18,Late,False,1481.1,UPI,MHXFGBAY,AGT-0462,4.0,Yes,34.0
409f2bce-644d-45ce-a973-df8034a9dcba,2023-09-04,Missed,True,316.26,,TGIYGBCJ,AGT-0123,6.0,No,24.0
34779891-8b83-4070-98fe-544a9ae88fb2,2023-07-27,Pending,False,1661.03,Credit Card,APMDGB3U,AGT-3820,62.0,Yes,29.0
3fda955e-01fd-4c30-acfa-e75cd28b3e77,2025-03-17,Missed,True,560.74,Credit Card,NNGTGBLS,AGT-9661,74.0,,40.0
67c6dc42-4076-466d-9a5b-9898c5d4d800,2024-02-21,Paid,False,973.18,UPI,CCPMGBSR,AGT-5263,68.0,No,8.0
d8745cdb-04e3-44ee-b2a2-8a3d1fbbb5e0,2024-03-03,Late,False,1966.41,Credit Card,SCYIGBU7,AGT-5627,8.0,No,34.0
7d581779-df6f-4632-8fae-45675d04dda9,2024-09-16,Paid,False,1397.92,Cash,PWCUGBWY,AGT-8912,7.0,No,14.0
25ed3993-67cc-49e1-abdf-f04411b0a7b3,2023-09-16,,False,1704.36,NEFT,QPKRGBZP,AGT-8568,54.0,No,1.0
,2024-03-27,Pending,False,732.48,NEFT,IDQRGBSY,AGT-8377,86.0,No,49.0
428a9ced-7714-421b-bd47-e7f2ade35ca6,2025-07-06,Paid,False,1121.51,Cash,XYELGBG9,AGT-4568,55.0,No,15.0
4fbe7887-bc92-4982-a718-7fac1551fb9c,2024-12-04,Missed,True,584.02,,IQVOGBO6,AGT-9395,37.0,Yes,11.0
6e5536c6-20f8-4d7a-9a42-02e580253222,2025-06-14,Late,False,1618.69,UPI,AAHRGBRV,AGT-4788,,Yes,42.0
638f9874-ff55-4521-b3ef-b1e567e2491d,2024-10-03,Paid,False,983.89,Credit Card,ERARGBO1,AGT-2382,10.0,No,8.0
8278e819-9b6f-4ef2-92fc-5a50ea4e7a10,2024-02-08,Late,False,1278.86,Credit Card,WEOJGBN2,AGT-8389,24.0,Yes,21.0
7a0d2fa7-1062-4ef4-9f7d-a1c78c816b51,2023-08-31,Late,False,1388.82,UPI,DQRWGB28,AGT-3650,64.0,Yes,36.0
d71caaca-6aed-42a7-bf50-8061141b046f,2024-09-18,,False,1690.23,Credit Card,IGSKGBAE,AGT-8918,65.0,Yes,2.0
3bc7a390-8ee5-4d6b-aeba-f37b565e0a75,2025-04-27,Missed,True,1981.11,Credit Card,CIDRGBDP,AGT-4899,34.0,No,1.0
3de53d1f-549c-45b4-a3b3-cf37b25fbe57,2024-01-10,,False,657.73,Cash,DQMJGB2U,AGT-8361,70.0,No,24.0
22d7f491-1364-4001-8f2c-ece25206924a,2024-06-28,Missed,True,215.34,NEFT,ZQMHGBVG,AGT-6582,41.0,Yes,1.0
2b5eefa1-842a-4a16-906b-42f69a6b5818,2025-06-16,Missed,True,258.62,UPI,GXEUGB84,AGT-4988,83.0,Yes,43.0
c5ba6469-8b3c-443b-9a2c-e0f357ac7ff3,2025-06-29,Pending,False,1730.95,Credit Card,MFLFGBS6,,25.0,Yes,53.0
0c80753d-4c8d-42a6-b2bd-58bebc27abe3,2024-09-30,Missed,True,1159.25,UPI,YWIXGB0A,AGT-6917,12.0,No,32.0
a2c0ae8f-dfb6-43c5-8b0f-c78e834790c4,2024-08-13,Late,False,191.17,UPI,JEHDGBRJ,AGT-5751,1.0,No,58.0
05c60ed9-f0f0-4e9d-932f-8165825111a0,2025-01-10,Pending,False,487.87,UPI,NEAGGBK2,AGT-6598,55.0,Yes,24.0
7d3c7801-1c16-4bed-896b-015baf37fe87,2024-05-25,Missed,True,616.56,UPI,YKVVGBXX,AGT-6713,34.0,Yes,
4081de83-0073-4411-bdc4-07d912a3edb9,2023-10-06,Late,False,651.65,Cash,LAOBGBIR,AGT-7351,83.0,Yes,9.0
2ccb8bc8-ce1d-460e-98d1-777a2727efc5,2024-10-21,Paid,False,412.37,NEFT,JUTDGBF7,AGT-3886,66.0,Yes,37.0
d853ae69-6fd5-493b-a6f3-d306a5bcb8cc,2025-02-02,Paid,False,1803.36,Cash,ISXDGBNC,AGT-1972,6.0,Yes,32.0
acef196b-88a6-49cb-aadf-d3bcd6049daa,2024-03-03,Pending,False,,UPI,JUKPGB5V,AGT-9303,9.0,No,51.0
ade2aa9d-c4c1-48e3-aca6-b6f4d54aab88,2025-03-07,Late,False,932.62,Cash,NTRUGBY4,AGT-7248,59.0,No,56.0
15ff66e9-35ef-42fe-8190-dce4e530a211,2024-05-12,Missed,True,1151.36,Cash,SSDAGBUH,AGT-6847,16.0,No,2.0
96713428-d49e-4d20-ba76-444df000b20e,2024-04-22,Paid,False,,Credit Card,,AGT-2515,89.0,No,11.0
8672faf5-8fda-4c21-8bbe-904998ae775d,2023-11-07,Missed,True,1189.51,Credit Card,XQXEGBUL,AGT-2098,87.0,No,47.0
f6131d98-701a-4628-b57a-32e868e15ea0,2025-04-04,Late,False,1194.3,Cash,MHHDGBN7,AGT-8048,32.0,Yes,40.0
446e453f-443e-49ef-b64c-c565d8601870,2024-05-15,Paid,False,489.6,Cash,ZNTUGBBT,AGT-4071,,No,38.0
80f382bc-2d37-43b6-ba0c-773db243f1ca,2024-03-12,Late,False,994.6,NEFT,YQTNGB56,AGT-5447,55.0,Yes,11.0
1ceef9a3-70a5-418e-b4cb-311e1f1184ac,2024-05-17,Missed,True,771.26,NEFT,NVAIGB4E,AGT-3586,83.0,No,12.0
d3592524-aa63-4795-ae0b-f0d4e8ee3150,2024-04-29,Missed,True,1708.13,NEFT,RXMIGBBE,AGT-7530,1.0,,25.0
123e337d-8058-475e-b1c1-23dd3efd896e,2024-10-27,Pending,False,1004.2,UPI,QQUGGB6B,AGT-8197,51.0,Yes,58.0
5a200de1-6e71-440e-a774-c07bea1e8689,2024-04-17,Pending,,1941.62,,GYFKGBI9,AGT-4244,84.0,Yes,22.0
08379a25-111c-4903-a4b5-3f2cc29aeee1,2025-06-08,Late,False,1362.58,Cash,WFQOGB20,AGT-4466,,No,20.0
c3bebb1d-0696-479a-82e8-fa977bc2380c,2023-12-24,Late,False,1267.44,Credit Card,UIRYGBZB,AGT-2706,17.0,Yes,23.0
296a0eae-2832-4b5f-9ac4-7251a8c62a0c,2024-10-16,,False,948.81,UPI,QXDYGBCR,AGT-7777,38.0,No,15.0
f02cc799-d65a-4cb4-a257-f9cd399a455f,2024-08-09,Missed,True,1279.06,Cash,KSISGBGN,AGT-5920,33.0,Yes,54.0
fd519b29-b2e7-4bfe-8f3b-e2fef7eb24f6,2024-02-21,Paid,False,1022.56,Credit Card,HZZQGBZO,AGT-7421,50.0,Yes,26.0
4ca3fa6c-a1ab-45b1-a98c-f86f3bab8c7f,2023-10-15,Pending,False,1300.02,UPI,EXLLGBWR,AGT-6164,87.0,No,19.0
0791d922-c5a5-4f5f-ab8f-9be966b97f3e,2025-02-24,Missed,True,1880.9,UPI,HRRBGBM9,AGT-1780,51.0,No,13.0
892553ea-e965-422e-a4be-1490564b4a67,2025-01-03,Missed,True,1029.49,Credit Card,PTUYGBZ0,AGT-8281,50.0,Yes,3.0
0235d404-d16e-4e16-af23-88e4fe3d6fb3,2024-08-19,Missed,True,1907.61,Credit Card,SFKSGB93,AGT-0337,15.0,No,6.0
1a4f5e79-fa3f-4624-8e30-c60ef9b7fd4c,2024-02-17,Late,False,1929.44,NEFT,XHWDGBRH,AGT-1960,84.0,No,48.0
971b8cde-cbd4-4614-89e1-a65f14f24eee,2023-07-27,Late,False,230.72,Cash,JTCDGBIU,AGT-9008,51.0,No,34.0
,2023-09-15,Late,False,432.53,UPI,EPVZGB8N,AGT-2098,29.0,Yes,1.0
633a2a75-22d5-4065-bfb1-b32faa60c612,2023-09-30,Missed,True,1428.11,Cash,SQCOGBNZ,AGT-4054,72.0,No,23.0
167d0ffa-40b9-47a1-bcf6-e1bb43000592,2025-05-17,Paid,False,1975.44,Credit Card,FUVDGB93,AGT-2531,71.0,Yes,47.0
f10d1854-f320-45a1-b096-2348a667c859,2024-06-21,Late,False,305.29,Cash,SLOWGB2Q,AGT-0909,4.0,No,42.0
56282548-c869-4f6f-9cb2-4d348d75dd8c,2023-09-04,Missed,True,1277.44,UPI,RCJZGBTT,AGT-8205,66.0,No,42.0
226c3deb-f0db-483f-a607-e98227948ef2,2024-06-12,Late,False,644.01,UPI,EZJMGBJ3,AGT-2485,5.0,No,1.0
e1e0d45d-7cba-44b2-9587-dd4d6f3d8b96,,Pending,False,320.76,Cash,RPDMGB88,AGT-8971,3.0,Yes,12.0
,2025-01-10,Pending,False,1487.68,NEFT,HVDVGBZA,AGT-7239,75.0,No,33.0
38249920-3016-44fa-81cc-9ee66fcaa7c3,2025-06-24,Pending,False,916.88,Cash,QIOFGBYP,AGT-0319,38.0,Yes,8.0
1516d8d9-87c0-4847-a199-bd665b8133a0,2025-04-03,Paid,False,1921.69,Credit Card,ILDRGBZF,AGT-5562,57.0,Yes,33.0
5da63ff7-b832-4ab8-91bf-be84032ef78c,2023-10-21,Pending,,1842.7,Cash,NDSGGBYQ,AGT-9446,7.0,Yes,53.0
e59af3b5-a213-4e95-a93d-b938a049e731,2024-11-09,Late,False,1560.86,UPI,JTKSGB9P,AGT-0781,61.0,No,6.0
c364e12b-9d1b-4e52-9768-3ff15c3e720c,2024-09-03,Late,False,1784.04,Cash,SAKHGB6B,AGT-1264,57.0,No,50.0
fa0f378d-5bd7-4ae1-82dd-d7414c5e3a00,2025-04-08,Late,False,1715.55,Credit Card,RHWCGBCU,AGT-8311,62.0,No,49.0
85a14be8-6629-4e5f-80a9-2caaf9b2d4bd,2025-04-27,Paid,False,619.83,NEFT,,AGT-5730,59.0,No,4.0
ae4e6f59-7993-45be-98b0-0f5b57ab2432,2025-06-09,Missed,True,1682.47,NEFT,,AGT-5743,9.0,Yes,6.0
ee069207-c83b-4a10-a90c-917ffa15cf6b,2024-08-27,Paid,False,958.19,Cash,WNLLGBEF,AGT-5177,26.0,No,27.0
467d755b-f54a-4f8a-8008-c78457d5dbff,2023-10-20,Missed,True,1218.01,Cash,NMJZGBRJ,AGT-0917,43.0,Yes,44.0
c6fe208c-249c-4371-9b68-754d796a2a8e,2024-12-03,Missed,True,895.39,Cash,MRKPGBO0,AGT-1436,80.0,Yes,2.0
c3b775fb-c7ce-492f-836b-752ced56046b,2025-01-12,,False,,NEFT,UGBTGBBR,AGT-6027,25.0,Yes,20.0
39ef2658-3edf-4112-afbb-b749be5d38c6,2024-12-15,Paid,False,371.01,UPI,JTTAGBRB,AGT-6137,,Yes,18.0
0a16f8fd-6b3d-46a4-8519-b7e8f986baae,2023-10-04,Pending,False,1130.33,UPI,QBJOGB32,AGT-1067,34.0,Yes,59.0
754d74f0-3e70-4be9-a0e7-c0c70fa0b6e5,2023-11-21,Paid,False,1894.79,UPI,TPFAGBU9,AGT-1660,34.0,No,59.0
d8efd8fd-4804-4f1f-a8f1-460fd05ed03d,2025-04-29,Late,False,540.18,,REZKGB8Y,AGT-0526,2.0,Yes,33.0
1ebfa3af-ba55-46f3-bc79-ecb4abe84452,2024-03-07,Pending,False,1948.95,Credit Card,HNYLGB0O,AGT-5038,48.0,Yes,25.0
f1d02695-5d6b-44c3-8aa8-abf3f9bf4be2,2025-01-05,Pending,False,145.88,Cash,KIFPGBRC,,52.0,Yes,23.0
6f904646-811b-46ec-8131-c93a7fe63c2b,2023-10-06,,False,298.79,NEFT,USVLGBWA,AGT-1824,,No,59.0
5d9468dd-c579-49ff-9895-8b12a1be3947,2024-08-21,Pending,False,1362.29,Cash,NAMXGBJT,AGT-3506,71.0,Yes,3.0
b60180e5-0b60-4219-abea-6171e7450d80,2024-03-10,Paid,False,1622.27,NEFT,RUZDGB39,AGT-3967,25.0,No,39.0
27d334c4-9d31-4260-bba3-af8f960b8e23,2023-08-26,Paid,False,190.27,,WJDPGB9J,AGT-7513,16.0,Yes,7.0
ea8bf145-9983-4ee1-82fb-a408b010b0d3,2023-10-30,Paid,False,1857.96,UPI,,AGT-5842,44.0,Yes,32.0
87b872bd-77a5-480d-9a62-59d8b45265ca,2023-08-04,Late,False,411.33,,MNYCGB11,AGT-8334,84.0,Yes,9.0
ba2e8d7a-ee58-4ec1-88cf-1aee7914520d,2025-04-19,Missed,True,1398.37,,HVOSGB53,AGT-0712,10.0,Yes,1.0
35d4213b-e811-4332-86e3-6b9d9215e85d,2024-11-25,Late,False,128.14,Cash,PGSAGBMZ,AGT-4019,20.0,Yes,25.0
c5bcfd24-125b-4b19-998c-227d77ebb4c5,2024-03-20,Late,False,1408.95,,QMDSGB4K,AGT-3806,84.0,No,21.0
6a5510a7-3e37-4c25-8f97-49f3ecb00b36,,Pending,False,1568.67,Credit Card,QXGJGBKQ,AGT-1565,,Yes,57.0
abf2f2ba-8233-4f20-a5e1-3c60759c7102,2024-01-12,Late,False,128.12,NEFT,VFSGGBBM,AGT-9655,38.0,No,58.0
,2024-12-24,Paid,False,1974.55,NEFT,SJQZGBKQ,AGT-4160,73.0,Yes,59.0
092c028a-0495-44fd-916b-e08b98c74903,2024-01-08,Paid,False,1842.61,NEFT,PYQXGBWK,AGT-8299,29.0,Yes,1.0
479d0fa8-ce8c-4796-a393-402c47387786,2024-08-25,Pending,,261.67,Cash,EQBTGB4D,AGT-8189,69.0,No,40.0
1fcbf48f-91d5-41a8-a0cc-fd110932ef86,2025-02-21,Late,False,,NEFT,NYCOGBRM,AGT-3112,5.0,No,13.0
4db388b7-337d-4a27-94d2-de75d099b50d,,,True,1011.27,Cash,DMIYGBNB,AGT-8014,12.0,No,35.0
,2024-12-30,Missed,True,545.88,Credit Card,DNJBGB4S,AGT-7983,69.0,Yes,41.0
bd872ea9-9cef-4dcb-8349-1b9dacde1208,2024-12-26,Paid,False,1968.94,Credit Card,ZYDGGBL7,AGT-4230,41.0,Yes,35.0
caa17d68-9f6f-4987-b657-77eaa9180ae4,2023-08-12,Missed,True,,,GZERGBZW,AGT-8297,63.0,No,51.0
830526c1-c9e9-4ccb-ac05-ec94f958d44e,2023-11-26,Missed,True,343.32,UPI,,AGT-0031,0.0,No,25.0
79c265dd-c693-40a7-8fc0-b0c60dbdecbb,2024-06-17,Pending,False,728.31,,UEKJGB4K,AGT-1760,88.0,Yes,31.0
e0f6eb9d-9584-4a02-a3dc-4f788e2027ed,2025-04-25,Paid,False,631.25,Credit Card,WZZPGB5J,AGT-1607,16.0,,
,2023-12-14,Paid,False,517.26,Cash,UBQWGBUI,AGT-3498,80.0,Yes,48.0
8c551e74-7e7a-40f8-be3b-33b0e35abefe,,Missed,True,1081.35,Credit Card,LMSLGB97,AGT-3463,32.0,,27.0
c92eeaa0-6a50-429d-84c6-5de04a7863a3,2023-09-01,Pending,False,1832.71,,QDEQGBCB,AGT-2075,6.0,Yes,16.0
ae8ffd37-2621-4da4-96bb-880d86cd4a00,2025-07-14,Pending,False,966.98,NEFT,SMUEGBDA,AGT-7176,44.0,No,31.0
eb9b3a67-bda4-4bd3-8d42-5a1693a5f20a,2023-07-22,Paid,False,417.09,Cash,JNKQGB7L,AGT-1262,6.0,Yes,34.0
28ffc97f-23f6-417c-95e8-e50aa4ebf35a,2023-12-12,Missed,True,1956.32,NEFT,,AGT-8408,76.0,No,1.0
76132550-1776-4a5c-bef0-c845c9b7c03b,2023-09-29,Missed,True,538.82,Credit Card,GLMVGBP9,AGT-3575,86.0,No,18.0
1c41ad99-95c1-400f-9657-f10c26c7113a,2024-08-15,Pending,False,1693.12,Cash,QBLDGBW2,AGT-2138,18.0,No,51.0
3b4bb877-5eca-4bf0-9ccb-158c74bf4501,2023-11-24,Late,False,981.78,Credit Card,LFYNGBUA,AGT-9504,22.0,No,9.0
b38ddcd0-b77e-43b8-bcb2-25366bf76bb4,2023-09-18,Missed,True,1018.29,Cash,ECHVGB05,AGT-6176,75.0,Yes,29.0
c1da1327-2f87-46bb-84a4-5993e44ad7c1,2024-07-11,Pending,False,1378.28,NEFT,UOUZGB9V,AGT-0416,85.0,Yes,17.0
331cf7fd-5025-4751-86d9-8861405adb71,2025-01-18,Missed,True,1308.2,Credit Card,UASZGBC1,AGT-7573,59.0,Yes,22.0
1827b756-c398-48f7-9fed-6c1c49fbc515,2025-03-08,Missed,True,854.19,Cash,AKDZGBE0,AGT-7557,44.0,Yes,23.0
934d81f7-f6b0-474e-9e56-63666583cb17,2023-11-30,Paid,False,1075.29,Cash,,AGT-1765,35.0,No,15.0
b0c20f11-6969-407a-908a-e7dfd37f5fb9,2023-12-16,Paid,False,221.56,UPI,ZMZUGBLX,AGT-7091,18.0,No,28.0
6c4ab776-2300-45a7-98f5-b4d61d989413,2024-10-25,Late,False,,Cash,JJODGB39,AGT-6226,29.0,No,9.0
1b3dd86e-1af2-4c2e-b06c-9da26f11580d,,Missed,True,1480.82,Cash,UFLAGBC0,AGT-8780,79.0,No,15.0
6a99a758-a239-48eb-8372-dad93ee58a9f,2024-04-24,Paid,False,1082.1,Cash,FETDGB9B,AGT-1352,49.0,No,6.0
0e9825ea-9b76-454a-8f3e-c772048fd1f7,2024-11-03,Late,False,1565.72,NEFT,LWQNGBTM,AGT-4904,64.0,Yes,8.0
aa5fadcb-20f5-4bf3-9977-333c2fb86ada,2025-01-02,Late,False,920.13,,CQIMGBHM,AGT-0417,52.0,No,34.0
13afe75b-a6dc-43ac-9f9f-b5ef38c0c99e,2024-07-20,Late,False,1054.14,Cash,ZOFRGB69,AGT-5387,87.0,No,58.0
ecb3c61d-b043-4e7d-9a46-8b5c3d151ae1,2023-07-26,Pending,False,1553.59,Cash,PAPAGBC4,AGT-2419,8.0,No,54.0
c343d660-243d-473d-baa6-cb0b9dfa220c,2024-06-24,,False,1654.02,NEFT,SXFAGBZ1,AGT-0511,39.0,No,33.0
,2023-12-31,Pending,False,159.36,UPI,QHUMGB79,AGT-3652,41.0,Yes,25.0
8d869541-0e8b-4ac2-b9cd-4df9b52c14ed,2024-12-22,Pending,False,548.97,Credit Card,RKWCGBHI,AGT-7788,24.0,Yes,20.0
69da0890-e7a2-4cb8-8db6-c2e58ae8f724,2024-03-07,Pending,False,1944.3,Cash,JSOFGBI9,AGT-4147,32.0,No,42.0
,2023-09-12,Paid,False,1175.7,Credit Card,ERVUGBUH,AGT-1815,19.0,No,2.0
14cc640a-46c1-42a2-a290-3fa0098775c2,2023-11-07,Missed,True,518.74,Credit Card,ZVUBGBD7,AGT-4041,18.0,,52.0
1392629c-84eb-49e6-8668-911a77e6094d,2025-01-12,Late,False,1248.23,NEFT,QMYRGBLF,AGT-8971,32.0,No,39.0
5c3fe9a7-1958-4707-866f-18af582618aa,2025-06-18,Pending,False,850.56,Cash,AUUWGBWN,AGT-7644,29.0,Yes,38.0
98532b81-6cc0-43a1-8048-0634d5beb6b2,2024-09-20,Paid,False,740.17,UPI,YTUTGBMS,AGT-8169,23.0,Yes,48.0
f9bfdaf1-907b-4369-b220-baecec46bcff,2025-02-13,Paid,False,,Credit Card,UOXMGBLA,AGT-1010,16.0,Yes,25.0
85d3048a-8d4e-490a-a567-217d870ddbd2,2025-04-28,,False,1812.68,Cash,QDMGGB3B,AGT-4471,62.0,,24.0
8fd20313-4373-407c-be0e-297b2b9bb7b4,2024-12-29,Late,False,,NEFT,IIFHGBRC,AGT-4762,85.0,No,43.0
dfb76464-5136-49c9-9930-a43dfdb79f78,2024-07-30,Missed,True,1010.02,Credit Card,WXSAGBB7,AGT-1565,40.0,Yes,26.0
a1fe5dfa-fbcb-4431-8fde-f1f4b20a8a7e,2023-11-06,Paid,False,495.47,Cash,RUEBGBOO,AGT-0212,48.0,No,37.0
b538c943-3dc6-4687-903e-b446c9c7187f,2024-04-02,Pending,False,743.5,NEFT,MAAXGBEX,AGT-4548,27.0,Yes,46.0
9a6e493c-973a-478a-9133-a7cae82f78db,2024-03-21,Paid,False,1851.25,UPI,KLVUGBSS,AGT-8588,82.0,Yes,44.0
d26e27a3-d9f1-4954-9e76-b18fbb510942,2023-11-24,Late,False,1122.31,Credit Card,DBRWGBF6,AGT-0779,10.0,Yes,24.0
b823c44c-3e8f-43c4-aa06-67f0d65ad91f,2024-04-11,Pending,False,1190.25,,CWJXGBEJ,AGT-5267,71.0,Yes,
c2d8f7d7-4dfc-4bb2-964e-f5972e65742f,2025-01-20,Late,False,1660.94,,ZSCKGB2X,AGT-9122,65.0,,45.0
492df8e3-bbd2-4f17-9e9d-f20215c66fe8,2023-09-29,Missed,True,,NEFT,OJLOGBCM,AGT-1198,42.0,No,59.0
582b3e1f-8dcb-45ae-a456-3e54655bea09,2024-06-02,Late,False,1370.23,,EPIXGBMF,AGT-8519,88.0,No,15.0
d5058904-d6ee-4348-8b02-555044928846,2023-11-16,Paid,,1454.38,Cash,TJJWGBKM,AGT-6492,44.0,Yes,
8b1f8047-f043-42d2-8e71-a7aa6bbff488,2023-09-20,Pending,False,184.19,UPI,PXXVGB5M,AGT-0963,38.0,No,6.0
0b2e50f1-21a2-4e60-9935-180dea998c93,2024-04-10,Late,False,981.77,NEFT,ZGIQGBTI,AGT-9207,15.0,Yes,47.0
990be84f-66d3-4043-921e-295d20ac7d0c,2024-11-26,Missed,True,285.68,NEFT,SVESGB5S,AGT-5408,47.0,Yes,19.0
6a306a62-0b47-4a75-ad31-b094bfe49443,2024-08-09,Paid,False,1967.63,NEFT,GMCKGBGK,AGT-7156,5.0,,39.0
812c3901-fe55-4c65-9569-10705b92640e,2023-11-21,Paid,False,942.24,Credit Card,NASHGBII,AGT-6737,62.0,Yes,20.0
59664726-0860-41eb-9924-6e152f721e0f,2024-02-22,Pending,False,400.63,NEFT,YQNDGBRS,AGT-9801,44.0,,12.0
,2024-07-30,Pending,False,805.33,Cash,QZXEGB29,AGT-7112,59.0,No,14.0
c04aea3c-5d93-434b-b70b-42bba46ad3db,2024-10-19,Missed,True,238.56,Credit Card,,AGT-4711,61.0,Yes,23.0
14325801-bc19-45db-9647-4abac47a34a5,2023-07-22,Missed,True,1925.56,UPI,WMMSGB6B,AGT-6427,85.0,No,
fb934672-cad4-4bde-8dbe-3ae3d1a690d1,,Pending,False,1337.31,UPI,VXPLGBUT,AGT-6167,64.0,No,33.0
87cb0e6a-4a41-4a93-8235-ddb8f7fc6f2a,2024-07-26,Late,False,295.15,NEFT,AUTZGBI4,AGT-9445,8.0,No,14.0
e7aa55dd-71b8-47f0-bf64-b83dcea0ec80,,Missed,,1312.05,Credit Card,UMUIGBBW,AGT-3913,44.0,Yes,26.0
f708ef36-4f63-4d6a-834a-dc7e21b91cd0,2024-11-09,Pending,False,1332.66,NEFT,YBKVGB1A,AGT-4969,69.0,Yes,35.0
848f93fa-9e51-4cb2-a30c-e07fb3253853,2024-02-22,Paid,False,757.21,,IEWWGBDS,AGT-7781,64.0,Yes,18.0
e26fdffc-198a-4089-9d61-5c5d26e63676,2024-02-22,Late,False,908.85,NEFT,TAZPGBVI,AGT-9455,35.0,No,35.0
ddc8cd10-2372-4742-a148-5297c976f632,2024-06-14,Late,False,1000.24,UPI,WZCUGBX6,AGT-9396,82.0,Yes,30.0
f5d9e3d8-c48f-4b8a-b523-fc38744f0c3c,2023-11-13,Late,False,1031.96,UPI,LFZHGBG5,AGT-5891,,No,25.0
5def6f6b-8117-441b-8ddb-7bbac27e511d,2024-01-19,,False,232.03,Credit Card,TDMEGBXY,AGT-7568,79.0,Yes,22.0
7e035d98-5fd9-41f9-abc5-8b1e817d42cf,2025-04-10,Pending,False,921.89,Credit Card,,AGT-9604,62.0,No,
c12c2dca-ec5f-42c9-8e0c-01b7d34a64e7,2024-02-29,Missed,True,1057.65,UPI,MWMFGBVE,AGT-2057,49.0,Yes,19.0
ce081847-e077-4a35-8bb3-06109dc1c983,2024-01-19,Pending,False,129.37,,UUDWGB5J,AGT-3726,37.0,Yes,48.0
d4ba95eb-6d2b-4e8d-8a20-0c1276b6fec1,2025-03-31,Missed,True,743.65,NEFT,BYXLGBBY,AGT-9728,86.0,Yes,43.0
6bb0a1f1-6b16-43bd-abda-b9afe6713bfa,2024-07-28,Pending,False,,UPI,JWNGGB93,AGT-4518,53.0,,14.0
883063ae-f007-43a3-9efd-200ea846ac6a,2024-05-24,Late,False,1575.97,NEFT,SENYGBE2,AGT-7179,4.0,Yes,31.0
601f2d9f-c78e-4f29-a718-1796ef3cc637,2024-01-01,Late,False,1694.68,UPI,UMDVGBSF,AGT-0168,62.0,Yes,4.0
dbb44b3b-e106-4f56-a198-064651555322,2024-05-20,Missed,True,1615.97,Cash,MCQLGBXN,AGT-7607,11.0,Yes,56.0
0f628cd9-82ef-40ab-ad64-12e480a7cc34,2024-04-27,Paid,False,218.16,Credit Card,XBKBGBF0,AGT-0989,75.0,No,43.0
cb05214a-990f-46c4-9fd3-3eb42d7ba131,2024-01-17,Missed,True,605.24,Credit Card,LEUTGB92,AGT-5784,4.0,No,34.0
f1348db6-8328-4f50-995e-fb417263a196,2025-06-05,Pending,False,,Credit Card,KCYFGBOY,AGT-1203,74.0,Yes,26.0
5f5460a7-9b08-4dd1-a54c-ccfb2b35c6d7,2024-07-22,Paid,False,1715.55,Cash,AEZCGB7U,AGT-0528,83.0,No,38.0
da1e8241-d023-4fd4-a5b8-df1ce326d1f2,,Missed,True,1197.66,Cash,UQFBGB4Z,AGT-9336,14.0,Yes,32.0
11633d43-6d96-4133-8a60-1198b3b0a6f8,2024-10-13,Pending,False,843.22,UPI,FTCMGBJ9,AGT-1887,74.0,No,23.0
1f297af6-fc3d-4000-8b8a-5ba3ee736794,2024-10-26,,True,469.97,Cash,LTRHGBDQ,AGT-5528,83.0,No,3.0
7b04b75b-6764-4530-9626-7576c8b29e48,2024-09-10,Pending,False,721.74,Cash,OXSOGBHZ,AGT-0005,86.0,No,25.0
d3963ca0-f1a9-4c5b-99df-960a7992da67,2024-08-29,Late,False,801.88,NEFT,SBZGGBQ4,AGT-8150,69.0,Yes,10.0
bb440422-deaf-43dd-aa35-468d795276c4,2025-01-08,Missed,True,361.2,Credit Card,CTJKGBNY,AGT-9506,41.0,No,19.0
,2025-02-25,Pending,False,1135.25,Cash,NGUQGBRL,AGT-1807,5.0,,55.0
aa6d33ee-0239-4342-a5ba-26dbb9d522f7,2024-09-06,Paid,False,132.85,NEFT,PDNUGB1W,AGT-3874,16.0,Yes,9.0
486f7379-a3c2-41e3-8bd4-a859f8a04f57,2024-05-21,Late,False,1515.68,UPI,FCMGGBIA,AGT-8400,86.0,No,35.0
8435c442-71bf-4412-bc6c-f37473f74927,2023-08-05,Paid,False,966.48,UPI,QCWAGBYM,AGT-7976,26.0,Yes,26.0
e37478c6-1d74-4320-b39b-7a49bc24194b,2024-09-12,Late,False,1687.81,,,AGT-6138,16.0,,54.0
fd343bec-7537-43fa-8333-678df087a21c,2025-03-07,Late,False,1966.54,NEFT,ZTEGGBIL,AGT-2290,80.0,No,46.0
3aacc6a4-37d8-4474-9d7b-aa57df05b964,2023-09-07,Paid,False,589.54,Credit Card,ZXAJGBLS,AGT-3629,19.0,Yes,27.0
76b6b627-2112-4913-9375-48bf42596006,2024-08-21,Pending,False,678.36,Cash,SUEBGBBE,AGT-0426,82.0,No,57.0
2a4854ab-7297-43d4-9ce6-7373fb02f491,2024-10-05,Paid,False,1028.34,Credit Card,,AGT-6747,85.0,Yes,43.0
b8803cf9-6296-4db5-a1bd-706912ffae2c,2023-11-10,Late,False,1231.33,Cash,,AGT-4069,63.0,Yes,23.0
12b891f5-220f-4c3d-87e7-ead67ebcb2ae,2024-12-06,Pending,False,1149.13,UPI,MEDRGB8D,AGT-8755,23.0,No,13.0
d2a7fd73-8f22-4e43-893c-83872cc60168,2024-04-18,Paid,False,1497.49,Credit Card,IZECGBGO,AGT-7989,64.0,No,4.0
9f51d322-320a-4492-8a3d-417ca3f5a591,2024-03-07,,True,1394.28,Cash,YZLKGBMX,AGT-1927,43.0,No,1.0
3ae8195b-39d0-4da2-a126-87b9859c9607,2024-03-09,Pending,False,1698.77,NEFT,YIMCGBAW,AGT-5241,63.0,No,22.0
884ebaa3-95ed-427d-9a00-0c7f0c883d33,2024-05-13,Paid,False,1400.92,NEFT,BSXTGB7A,AGT-2437,10.0,Yes,24.0
c11f3f24-f951-4d87-9d9d-d5dbba427a95,2025-04-24,Pending,False,1735.98,NEFT,TDDPGB6K,AGT-8263,87.0,No,
8e72f0aa-8b16-4220-b6b7-a4386917b8fe,2025-07-01,Pending,False,1468.62,NEFT,JPGRGBO5,AGT-9608,12.0,No,25.0
51c18128-10c5-435d-9c3e-beacaa0a8ee9,2024-05-30,Paid,False,1388.13,UPI,ZWHFGBGD,,14.0,No,52.0
,,Missed,True,1817.73,Cash,BMPPGBDZ,AGT-3481,40.0,No,34.0
30d28af3-7268-45ea-9dd3-ae996993d0df,2024-05-10,Paid,,1622.74,UPI,PAQQGBPA,AGT-1767,,No,51.0
ad5dd0df-473b-43a0-9edd-f989d12e7969,2024-08-24,Missed,True,1001.56,UPI,ZWLIGBXC,AGT-8219,46.0,,36.0
6f431ac5-b1a8-4796-952b-d6f62dddf512,2024-10-29,Paid,False,812.95,UPI,RGOLGBNG,AGT-4790,33.0,No,32.0
7b7984de-891e-43e9-8970-b7d6087e41f0,2025-02-27,Pending,False,1057.89,UPI,DAVCGBZY,AGT-9088,80.0,Yes,14.0
501359ee-d8c9-49ab-a85c-44de4ca70851,2024-12-08,Pending,False,,Cash,GCWPGBFM,AGT-2443,6.0,,48.0
40a1acb7-3ae6-4d47-9ec0-493b8db8157d,2025-06-16,Late,False,1832.12,Credit Card,PRPKGBFO,AGT-2017,73.0,,23.0
7c559016-f219-4ad0-bb0a-140b68574a56,2023-09-28,Late,False,1060.77,UPI,KGAZGB7O,AGT-8968,25.0,No,51.0
120cb74f-d00d-4d1e-bd3f-13d7bcb94f03,2024-01-13,Late,False,1757.4,Credit Card,RHWXGBZX,AGT-2741,12.0,Yes,53.0
a29b7921-e427-4a91-805c-6e159eb0ed18,2025-01-28,Late,False,1961.07,UPI,XOCFGB68,AGT-6331,25.0,No,2.0
cf5c42ba-ae95-40df-a5e7-1c6102466e10,2025-04-09,Pending,False,808.81,NEFT,CGBZGBFF,AGT-1463,53.0,,23.0
07810262-8961-4fb4-858a-17784ca2507a,2023-07-31,Pending,False,1436.55,Cash,AYCZGB0A,AGT-4910,18.0,Yes,29.0
c5deb00d-c74e-4aa0-bbdf-c5ee378bf731,2024-07-25,Missed,True,1494.31,Cash,OKRTGBRA,AGT-0429,7.0,Yes,44.0
6fd76175-b6d5-4e44-91dc-6a9739d4ac3f,2024-11-02,Paid,False,1046.39,UPI,,AGT-6539,6.0,No,54.0
,,Pending,False,723.6,NEFT,,AGT-3722,22.0,Yes,46.0
f51c65e0-cc64-4e74-8779-28c14618057f,2025-01-15,Pending,False,373.03,UPI,LTQZGBN5,AGT-9671,55.0,No,55.0
d609867b-b0e2-4362-a0fe-63a19eea9d72,2024-11-11,Paid,False,359.89,UPI,MWCPGB2S,AGT-2604,5.0,Yes,13.0
5ccafd10-e73d-433c-a5ac-f7a2478e1a5f,2025-06-19,Missed,True,1297.36,Credit Card,TSAGGB6I,AGT-7359,61.0,No,21.0
,2024-08-02,Pending,False,641.15,Cash,TOKYGB0S,AGT-6420,87.0,Yes,49.0
,2024-05-16,Late,False,1990.85,UPI,WJMNGB3S,AGT-4257,15.0,Yes,53.0
5d23a633-fd80-4d91-a506-44823df1233f,2024-09-03,Paid,False,245.82,Credit Card,ZMGJGBFU,AGT-0875,31.0,Yes,20.0
cabe232e-b32f-4dd8-98b0-8f6aaddc7cd6,2025-03-22,Pending,False,1553.41,Cash,DOSBGB6F,AGT-1814,34.0,Yes,9.0
3cdc2dae-e7a9-4be4-a780-60480cb2f951,2025-05-17,Missed,True,,NEFT,IRTUGBSS,AGT-6560,26.0,Yes,20.0
4bdfdb21-35bb-4d47-a746-f185c88d8de5,2025-06-27,Missed,,145.81,UPI,QWAOGBI2,AGT-9585,57.0,Yes,11.0
889663a7-e939-4109-af8f-b210e166b066,2023-09-08,Pending,False,1538.79,UPI,ABKSGBBL,AGT-0712,10.0,Yes,23.0
719e3d52-b6d2-417b-9e8d-e943d0ff6b1e,2024-09-02,Missed,True,1259.13,UPI,JPKGGBT5,AGT-2396,18.0,,53.0
,2024-09-08,Missed,True,591.8,,XKTZGBTK,AGT-7849,72.0,Yes,5.0
83ef5d03-efb1-48a6-abad-b81135a4635e,2024-05-10,Pending,False,1802.95,NEFT,NWIAGBAN,AGT-1927,52.0,Yes,48.0
4cd7d660-a54b-4309-b82e-ca2709c781db,2024-06-29,Paid,False,751.4,Credit Card,QSDGGB0P,AGT-5759,78.0,Yes,23.0
7ed90577-350e-4c6e-a12c-42dcfde5a63e,2023-12-30,Pending,False,990.26,,HECEGBC1,AGT-6383,29.0,No,
e7245459-5b54-4b35-aa35-1019871b4f03,2023-12-21,Late,False,329.31,Credit Card,XBBWGBPM,AGT-5680,9.0,Yes,16.0
d2761443-63c2-4834-9813-07b7f5b9af62,2025-05-04,Pending,False,1717.52,Cash,CQVUGB8T,AGT-1302,12.0,No,15.0
93e6b3ea-ae15-42a1-b8dd-e25eeb3dc97d,2024-10-15,Missed,True,1912.71,Cash,LGWEGBFB,AGT-7273,61.0,No,5.0
028fea0a-4a78-4324-b8c4-9a5ec1ca5d6c,2024-04-30,Late,False,1220.19,Credit Card,TWIQGB0U,AGT-9969,64.0,Yes,45.0
ade6d3c8-73bd-4cfc-a455-71f7edc8a698,2023-10-04,Late,False,665.51,NEFT,ODDCGBUN,AGT-0788,47.0,Yes,7.0
9b92f586-96e8-404c-ab2b-7e4126f3bd70,2024-02-02,Missed,True,1486.21,UPI,LEFLGB4Y,AGT-3046,,Yes,44.0
cddd1749-8b30-4b4d-bd72-758c43bfec1a,2023-09-05,Late,False,581.9,Cash,NRNIGBVI,AGT-8747,88.0,No,10.0
f7e9b916-24d8-41b1-b889-b3d892bc0169,2024-04-18,Missed,True,878.55,,VKVSGB43,AGT-2262,,Yes,52.0
8c5657e7-4660-44c8-8a04-98bbdf63b101,2025-06-14,Pending,False,1541.39,Credit Card,UCVWGBPZ,AGT-6812,77.0,No,32.0
05f16dde-4657-4702-89f0-a46128d00297,2024-01-02,Missed,True,1821.39,Credit Card,KERFGBCB,AGT-2962,10.0,No,45.0
95356aae-ebb1-4514-88ce-bb4273c5d6b4,2025-06-13,Pending,False,579.4,UPI,PQNCGBYB,AGT-6120,80.0,No,34.0
b33f5b7a-54f3-4358-8519-b7f20efecb53,2025-04-17,Late,False,1268.01,Credit Card,ORXDGBYF,AGT-0968,6.0,Yes,17.0
69ddfb97-54b3-405b-819c-a63db1fccd05,2024-10-14,Late,False,1948.15,Cash,WMNVGBKE,AGT-1920,87.0,Yes,44.0
a2c3a3d0-d649-4a81-a286-049a82efb6b9,2023-11-06,Late,False,1046.84,NEFT,LPTUGB9T,AGT-5896,,Yes,14.0
f09935b8-f1cb-4374-8682-b46a46c5adf9,2025-04-24,Missed,True,1396.82,Credit Card,JBVBGB3I,AGT-0906,33.0,No,53.0
a7e3cae2-6dcc-428a-b16b-acd5b358c144,2024-01-09,Missed,True,630.31,UPI,ONHWGBH1,AGT-2643,52.0,No,23.0
1f5bd824-acda-42f1-9d78-0acdda3e610f,2023-12-04,Paid,False,420.2,,LAHNGB3U,AGT-8724,4.0,No,12.0
307b829b-c7ae-4487-889d-6af5792c0967,2025-02-10,Late,False,,Credit Card,,AGT-2535,44.0,No,28.0
d2408c06-2550-487f-a03d-2a925d5602b9,2024-10-28,Paid,False,1949.54,UPI,KPTXGB6P,,64.0,Yes,7.0
b9276e21-7b5d-4d35-9ff9-be78eb45e67d,2025-01-20,Paid,False,,,VMIFGB4H,AGT-6184,48.0,No,41.0
9c963eb6-2f95-4b22-a855-aa5df4460b83,2025-02-28,Paid,,1873.61,UPI,GKZHGBQL,AGT-1300,75.0,No,50.0
98c4392c-aee5-4fb3-a4fc-9b204972f5c1,2024-02-16,Pending,False,1730.58,Cash,WAJPGB31,AGT-7624,8.0,Yes,49.0
6b96f0fe-6319-4bee-8277-fa358457ee84,,Missed,True,1590.93,Cash,,AGT-4183,42.0,Yes,24.0
4f292165-0bfc-4925-bdf3-897b6395159c,2024-06-01,Missed,True,692.82,NEFT,PIAZGBLT,AGT-5205,69.0,No,17.0
,2024-01-03,Pending,False,956.8,NEFT,AQQKGB4B,AGT-9958,69.0,No,16.0
330a78eb-eebb-43aa-9dda-46cb95cf21b5,2025-05-04,Missed,True,1952.31,Credit Card,SNAUGB92,AGT-9384,23.0,Yes,43.0
29b32687-d319-4a34-bfa1-6feddf4074d9,2023-08-31,Late,False,597.54,UPI,RUKDGB91,AGT-5947,19.0,Yes,25.0
3e3726a1-9ce1-4bce-b57d-d900cbf7a5f5,2024-11-27,Missed,True,963.1,Cash,NNHRGBTJ,AGT-2306,16.0,No,50.0
d2df168f-9b74-490e-8dc9-48cdd31b98d3,2025-05-26,Paid,False,1567.38,NEFT,UQBRGBY2,AGT-4245,67.0,Yes,2.0
88f48960-cb28-4078-bb8c-1f549c485736,2025-03-01,Missed,True,429.83,UPI,RLFTGBI9,AGT-9817,53.0,Yes,45.0
a95b9729-24eb-49c3-af52-98ae59054a1b,2025-05-15,Missed,True,879.19,Cash,KCDBGBJF,AGT-5146,0.0,No,4.0
d8c5c882-21ba-4b50-b20f-70b54105ea31,2025-02-03,Missed,True,1172.31,UPI,VHBTGBSL,AGT-9455,74.0,Yes,39.0
eabc8f84-c3e3-4671-9d70-68fab85534b4,2023-10-13,Pending,False,187.76,UPI,IREGGBZ9,AGT-2964,69.0,No,17.0
e09bf923-91aa-4407-8ef1-be884487f777,2024-09-07,Paid,,887.99,Credit Card,WOIWGB92,AGT-7594,36.0,,56.0
f9a31c14-3972-4869-9684-50aeff10be0a,2025-02-05,Pending,False,861.55,UPI,WVRUGB4T,AGT-7248,17.0,No,52.0
676ab6cd-bcc7-483b-8267-d0003723743f,2024-10-16,Paid,False,1858.11,UPI,STEKGBRH,AGT-7447,11.0,No,35.0
6f23cbcd-474f-41ed-aa73-675bb7e4dac6,2024-03-20,,True,,NEFT,YKOZGBBV,AGT-1599,80.0,Yes,10.0
92e4ede2-2af0-4dfc-b7ce-1bd25d23ad2e,2024-11-11,Missed,True,786.78,Credit Card,CRNHGBIZ,AGT-6759,77.0,No,34.0
f1cc367c-95bb-44ed-834f-8353a71ca2aa,2023-10-01,Paid,False,682.49,NEFT,IXFCGBJS,AGT-0063,75.0,No,40.0
,2024-07-06,Pending,,305.25,UPI,RYZVGB09,AGT-6894,22.0,No,22.0
e4629d10-542d-4a8b-af59-a2d592173adf,,Paid,False,1247.3,UPI,FREUGBSM,AGT-4905,74.0,No,3.0
f433a63d-58a6-4ad4-8053-ccf91cea9493,2024-05-30,Late,False,132.57,Credit Card,ODTNGBJG,AGT-1703,44.0,Yes,1.0
5314649a-e5b6-4201-9260-525721c39fe6,2025-06-03,Missed,True,293.69,Cash,DLHGGBR5,AGT-1662,53.0,Yes,22.0
5ee134da-898d-466e-87b0-336b0a2b67b3,2023-07-29,Pending,False,373.95,UPI,ZIJZGB46,AGT-4122,58.0,No,39.0
c408a2ba-fe73-4a26-bd7c-f94d528d55ca,2024-02-07,Missed,True,1644.64,,WKAYGBEW,AGT-0829,52.0,No,1.0
ca748ed9-8f59-401c-a5d5-dab52263c507,2023-12-29,Late,False,1677.79,Credit Card,MFGHGBUC,AGT-6184,76.0,Yes,59.0
1fd1ed08-0640-4f71-971b-3d50e3ba444c,2023-08-02,Late,False,864.66,NEFT,DUDUGB6U,AGT-7996,9.0,Yes,33.0
57493ab6-f002-4087-ab14-08c75613c1fc,2024-02-18,,True,1126.75,UPI,NGRQGB94,AGT-7846,27.0,No,4.0
19936741-55d2-4f92-8d5d-b57caef27d37,2024-09-24,Late,False,1726.01,Credit Card,YPUFGBEF,AGT-4933,,Yes,35.0
,2023-12-02,Missed,True,367.35,Cash,KFGRGB1K,AGT-8465,60.0,Yes,19.0
f3bb1b2e-55ff-4ada-9cea-ca6a870059f5,2025-06-16,Pending,False,1142.72,,GAEKGBMM,AGT-3322,32.0,Yes,27.0
604a1b1d-b3a8-4db8-9ace-f386ebcc720a,2023-11-22,Late,False,1429.48,UPI,BINAGBFN,AGT-6540,57.0,No,52.0
bce62275-e646-40aa-ac4b-15c35eb8f656,2025-04-11,,False,1512.47,UPI,FXLIGBKA,,61.0,No,17.0
94d69092-806e-480c-85b3-94d928cceb7f,2023-08-18,Missed,True,1714.05,Credit Card,LNRNGBUM,AGT-3150,6.0,No,37.0
d78ecbd1-0cef-4714-b553-9a0c709ba43c,2024-06-10,Pending,False,1526.31,Cash,UYSKGBHJ,AGT-4893,12.0,No,30.0
f41a65c3-1cd9-4df1-9f56-86e9b035fd7e,2023-07-26,,False,1620.33,NEFT,YAVPGBWO,AGT-1629,50.0,Yes,13.0
281137d5-818f-4bb6-82b6-58b19b07d5d1,2023-07-19,,False,1683.58,Credit Card,QLTRGBL7,AGT-6677,13.0,Yes,4.0
bdb78a1c-b1d3-4240-9bb9-b7d4fa25edea,2023-11-06,Paid,False,625.65,UPI,ADBKGBJT,AGT-1376,41.0,Yes,30.0
c829b7e9-2e7b-42ca-a427-f8cbffeef32b,2025-04-02,Late,False,1689.7,UPI,LEBYGBBH,AGT-9721,64.0,No,42.0
44f83634-8306-4a67-90bf-f89afde92c51,2024-08-08,Missed,True,1279.98,Cash,DKHAGB6X,AGT-3606,27.0,Yes,45.0
65520868-e054-4ae5-8c1e-2dbb0cb26ec7,2025-05-26,Pending,False,1131.27,UPI,QNMGGBBZ,AGT-5915,54.0,Yes,10.0
c0418ce0-e246-4df4-a618-adfb78488b33,2025-02-12,Missed,True,364.57,Cash,WECBGBYN,AGT-4477,45.0,Yes,9.0
96512df8-475b-4390-a9be-94f049d53796,,Missed,True,111.34,UPI,KJUNGB6P,AGT-4558,30.0,No,52.0
06f2ddbf-08d7-4bc8-83aa-6f5cf3d102fd,2025-02-14,Late,False,,NEFT,HFUHGB08,AGT-1989,37.0,No,22.0
27dead0d-18e5-474b-a5c8-27bb8298e489,2024-05-16,Missed,True,1102.68,,FBORGBPD,AGT-5136,69.0,Yes,27.0
3c4a29f4-40cd-4c96-bfd3-9e2e764552c4,2025-03-26,,False,1107.8,NEFT,URYEGBO0,AGT-2761,18.0,Yes,59.0
b9105a84-c861-45ac-b256-03bde3630bb2,2025-04-20,Paid,False,1195.48,Credit Card,VXAOGBFR,AGT-5025,41.0,Yes,
24ea6835-5f7d-45f0-ae10-da2747a84a7e,2024-06-17,Pending,False,1374.17,Cash,TEKPGBY6,AGT-7093,34.0,No,50.0
83b802d6-d925-4ae7-98fa-e50adb953195,2023-12-18,Pending,False,1518.67,Credit Card,JVBQGBEJ,AGT-1008,25.0,Yes,18.0
a8fa5e71-95f7-4fea-81c3-d5f05e7c5330,2023-09-12,Missed,,602.22,UPI,RVDIGBK6,AGT-4872,,No,6.0
2299b936-fea7-4885-8572-5a05d0e34411,2023-08-29,Missed,True,1944.69,UPI,WDTPGBBW,AGT-8165,87.0,No,59.0
,,Missed,True,414.58,UPI,,AGT-7904,57.0,Yes,
f70c7d44-dbee-4300-a7ee-d4cca194c067,2025-06-10,Pending,False,189.0,Credit Card,FQOMGBRB,AGT-4648,62.0,Yes,37.0
cb1a7787-9727-4420-b32d-cc01e2609a84,2023-08-03,Pending,False,1809.7,Credit Card,DPUNGBR3,AGT-6014,54.0,Yes,49.0
1fa18575-f6cf-4384-af55-50b0aed5e2b9,2024-12-16,,,128.19,Cash,OUAAGB3P,AGT-8020,24.0,No,44.0
736fdd8b-7f5b-48ac-bbb8-6a9f92625e33,2024-01-31,Late,False,1436.87,Credit Card,JIMEGBEX,AGT-6193,,Yes,24.0
c71340be-22f9-438d-b227-0d4f0bb2af23,2024-02-05,Late,False,442.29,Credit Card,GGZVGBMG,AGT-1199,60.0,Yes,39.0
4d6a47fd-0899-46ae-a17d-60796e7957f1,2023-08-10,Missed,True,1037.87,UPI,HOMZGBB2,AGT-8892,79.0,No,14.0
d44909e2-12ca-47f2-9691-61046c47fc7a,2024-02-20,Pending,False,216.71,Credit Card,IVOHGBAX,AGT-0817,85.0,No,45.0
760cda37-2738-48ba-811d-44a03f211772,2025-07-06,Missed,True,1277.08,UPI,PXYYGBAQ,AGT-3617,,No,48.0
d1b745f1-4f67-4ec5-9ad8-c33758a34205,2023-09-25,Late,False,459.52,Credit Card,MXXBGBL1,AGT-8720,40.0,Yes,7.0
1f0cc6fa-01fa-4c6d-9eaf-6b08e843343b,2025-01-11,Late,False,1012.57,NEFT,LCFXGBC8,AGT-2104,36.0,No,17.0
5fa3ef81-f1ee-4030-92ba-f1711be2d4bc,2024-10-21,Missed,True,295.02,Cash,MEFPGBR8,AGT-0763,54.0,Yes,46.0
033696d1-b9c0-4966-9476-671384e21c93,2024-03-26,Pending,False,774.5,Credit Card,,AGT-5411,48.0,Yes,50.0
f4ecf436-f2ce-44ba-9841-3087982f67ed,2024-01-12,Pending,,1821.66,Cash,YPFWGBSS,AGT-4989,38.0,No,32.0
6bfbdddb-e02f-47fc-8528-0ee79f387964,2024-01-09,Paid,False,1147.57,UPI,JYXWGB31,AGT-8666,55.0,No,55.0
a37d14ff-246f-4e19-bc97-731d8d47a342,2025-01-12,Paid,False,755.16,Cash,FNBBGBFK,AGT-0922,12.0,,54.0
129adec8-1d79-444e-9544-debbadab7d46,2025-04-15,Missed,True,1607.96,UPI,ZXWZGB7G,AGT-1688,32.0,No,16.0
ed62c6da-c60b-497d-9a16-60b0096b28ff,2025-06-06,Late,False,872.23,Credit Card,MMGTGB6B,AGT-7727,14.0,Yes,49.0
e999e42e-c96f-4edf-81c7-b51aecb11fc3,2025-05-14,Paid,False,1844.95,UPI,ROCQGBK0,AGT-5145,16.0,No,20.0
3c5d8a58-24dc-4f18-a8b5-6bbcd8888c2d,2023-11-14,Pending,False,322.07,Cash,,AGT-2875,87.0,No,24.0
01eacdad-6f91-4595-9538-7a79c9166d42,2023-08-15,,True,1463.26,Credit Card,ABKQGB7Y,AGT-2300,40.0,,10.0
f0bd8f23-537d-4d9a-8f1b-69f98f71d0d8,2025-07-10,Paid,False,453.51,NEFT,XTCMGB7R,,9.0,Yes,32.0
5bcb56d4-d0f3-4305-98eb-b4c12aabe192,2024-12-15,Paid,False,1479.83,UPI,VXHZGBMA,AGT-6609,56.0,No,56.0
7638a202-5f4d-4fbc-825f-241d1810d13f,,Pending,False,282.67,Credit Card,HRMIGB2F,AGT-3301,63.0,Yes,4.0
28a5af38-864e-4603-9de1-678c77d412b1,2024-03-06,Late,False,343.84,NEFT,JPKGGB38,AGT-3400,46.0,No,36.0
6050a196-ed86-4808-8407-49f8981fe4c6,2024-03-05,Paid,False,974.99,Credit Card,TRRVGBIO,AGT-5661,36.0,Yes,4.0
50727686-dbff-4c85-bc44-5da9b589eb59,,Late,False,506.24,UPI,TVPFGBLH,AGT-7438,87.0,No,13.0
f19bbc77-ef62-498a-a7f9-71a7ec23b8d5,2024-02-10,Late,False,,NEFT,SKBXGBMD,AGT-9365,61.0,No,46.0
b6b7b7f7-0255-4064-b9d1-26501812bce8,2025-02-25,Missed,,882.06,NEFT,MTRNGBLH,AGT-0402,24.0,Yes,2.0
9729c3a4-84a0-4538-bd27-2127eef6c76e,2024-09-09,Paid,False,1795.51,UPI,,AGT-9115,73.0,No,59.0
90cd259f-23b6-491c-8431-87777abd87a2,2024-02-08,Missed,True,1785.48,Credit Card,NYPJGB6Y,AGT-8645,59.0,Yes,48.0
493a3be4-3d85-4f16-aee1-f176f0a06d94,2025-03-09,Paid,False,1760.62,Cash,XOKHGB7Y,AGT-5987,26.0,No,18.0
ee968e93-a3d2-45dc-98ec-6c06266deb41,2024-02-07,Pending,False,188.72,NEFT,WKJNGBNI,AGT-4919,14.0,No,45.0
,2024-01-26,Paid,False,1626.35,Credit Card,DRKIGBI1,AGT-3471,16.0,Yes,38.0
924ff65b-ba2d-46c7-91c2-38b027e58f87,2024-12-19,Missed,True,393.39,Credit Card,RAIDGBI4,AGT-6477,52.0,Yes,9.0
4d2b72d8-184d-4e2f-92a3-95ab415b6026,2025-04-12,Missed,True,466.68,Credit Card,UIEEGBBW,AGT-1592,81.0,Yes,4.0
94b98c5b-4be5-47ca-ab93-5f48d1e88404,2024-01-25,Late,False,203.12,NEFT,,AGT-4193,55.0,No,21.0
63d5dff1-3c42-40dd-8157-d567cc158efb,2025-04-05,Missed,True,943.34,UPI,NSPXGBJA,AGT-9744,72.0,No,40.0
c6af6fda-fc03-475a-a98a-e842c2f6e397,2024-03-10,Missed,True,1450.3,UPI,DBDUGBKZ,AGT-2316,39.0,No,23.0
73b271da-481a-4979-96f9-c5b6c88e276f,2024-10-19,Paid,False,295.11,UPI,UDRUGB0B,AGT-5781,74.0,,26.0
40102e59-ecb8-417c-b1a0-bd3a995952b9,2024-03-01,Late,False,415.27,Cash,PERZGBJ7,AGT-2839,13.0,No,44.0
b8527857-7634-491f-8502-c3f429c4931f,,Paid,False,1436.94,Credit Card,QWRGGBVW,AGT-6699,78.0,Yes,17.0
9bfd01c0-28fb-481c-9795-87fa25978119,,Paid,False,1355.53,Cash,OHANGB5F,AGT-2950,24.0,No,45.0
1e3177c8-3445-4b93-8a51-6ae2866d553f,2025-04-05,Pending,False,1001.28,NEFT,HEBCGBPL,AGT-4078,56.0,Yes,52.0
f4bc54de-a9b4-423b-9fa4-686bc321c048,2024-04-16,Missed,True,1727.57,NEFT,RUHTGBQO,AGT-9197,51.0,No,10.0
943ad249-782a-4477-b931-d383e67b31e1,2023-10-19,,True,1061.49,NEFT,,AGT-7300,32.0,No,24.0
480ac493-0307-4867-8f55-3242929248e2,,,False,163.59,Credit Card,YMDEGBGQ,AGT-7218,54.0,Yes,18.0
facdd3a7-fb3c-42e8-bdfd-1c3457f82481,2023-08-28,Late,False,243.51,UPI,UYFQGBZI,,4.0,No,36.0
7de0205e-718f-4bef-a78d-afd01f99947f,2024-12-05,Missed,True,585.2,,TKLZGBJ9,AGT-0959,27.0,Yes,59.0
313955b9-c778-4187-99d8-5cf4c90bc285,2024-06-02,Pending,False,863.65,Cash,YFBDGB6L,AGT-9930,59.0,Yes,53.0
cbc52d8f-183c-4d83-97b3-2c73e1f99c69,2024-08-06,Paid,False,1484.12,Cash,VGHHGB15,AGT-3255,,No,9.0
4122d90b-3b32-4eb6-8db8-9871d7470754,2023-11-12,Paid,False,1308.2,Cash,KJXXGBCT,AGT-1307,64.0,Yes,9.0
21d76c88-447f-4cab-9e86-8101547b588b,2024-09-01,Late,False,1206.92,Credit Card,KNTEGB96,AGT-4143,18.0,No,12.0
b464c7d9-d7d0-4dda-b348-85a8d0ba5009,2024-10-22,Paid,False,1276.13,NEFT,WJBTGBU2,AGT-1647,61.0,Yes,42.0
9b2ca111-4db2-468d-b4e1-4e6ae4ae64ee,2025-05-09,Late,False,327.94,UPI,SNYSGBBO,AGT-1659,0.0,No,38.0
77b25248-c6dc-4c05-9310-00211439c94d,2023-08-26,Pending,False,,NEFT,OXMHGBNP,AGT-7057,28.0,,19.0
a1bc9bb9-bbff-4f6f-972f-7a091297ed55,2023-11-14,Pending,,342.26,UPI,GEZWGB47,AGT-4819,58.0,Yes,19.0
0fb9954b-dd10-47fb-a31e-a48a6fc74cd7,2024-05-04,Missed,True,1384.03,Cash,SRXOGBGJ,AGT-9001,3.0,No,46.0
79921c9d-fa5c-4ec5-b1c7-de90953e283e,2025-01-23,Late,False,982.05,NEFT,RMQXGBYT,AGT-5260,86.0,No,34.0
36881018-a925-420f-a0a5-0bda336d557e,2023-11-12,Late,False,,Credit Card,AFDQGBRD,AGT-8157,89.0,Yes,52.0
5944d90a-86c1-409c-9917-59ae34c299af,2023-09-02,Pending,False,1303.9,NEFT,YZSOGBBZ,AGT-3938,2.0,Yes,46.0
14b68004-fda2-40a1-8b85-06b6e76c384a,2023-09-12,Missed,,992.99,Cash,YMREGB0A,AGT-2581,64.0,No,7.0
d268415b-5f80-4a92-ae6b-1a253647eaf6,2024-01-16,Late,False,1173.01,Cash,ILOVGB2L,AGT-1908,65.0,Yes,52.0
2621b0dc-96e2-4bbf-986e-8abb19144b89,2024-06-14,Pending,False,100.06,Cash,ROPAGBJE,AGT-1936,25.0,,18.0
ad41846f-2a7f-45bb-88f0-7e6ded71691f,2024-03-29,Late,,246.16,,HQOXGBO5,,33.0,Yes,30.0
a8c591ae-c888-4c5f-82f8-44a35488b566,2025-05-14,Paid,False,605.81,Cash,,AGT-4991,7.0,Yes,25.0
8acec3e6-3359-4a6c-b87c-5ff5a62f6c92,2023-11-25,Paid,,430.24,Credit Card,FVMCGBX7,AGT-3841,20.0,No,46.0
551d6ad8-8afc-4553-bb56-50e729184f01,2023-08-10,Pending,False,1399.68,Credit Card,,AGT-1506,75.0,Yes,31.0
78e38c66-012d-42c2-9116-3a4bf9cc9840,2025-02-12,Paid,False,231.16,Cash,SYTYGBIG,AGT-5094,42.0,No,30.0
4f87fcd6-9274-4a43-867c-efc3f2d245cf,2025-01-02,Late,False,496.0,Credit Card,,,33.0,Yes,14.0
c7e64414-beff-49db-b181-323c40db4df4,2025-06-15,,True,470.39,UPI,YSEYGBTT,AGT-5100,6.0,Yes,59.0
,2024-05-23,Pending,False,184.17,,AKJMGBLC,AGT-4572,24.0,Yes,44.0
12713cd8-045f-4c02-80ae-399a74974144,2023-08-18,Pending,False,1393.76,Credit Card,,AGT-6164,64.0,Yes,26.0
d5593427-a062-40ff-a2d2-407a8d8bcf6b,2024-07-26,Late,False,1134.72,Cash,CZBEGBMB,AGT-9834,,Yes,15.0
250fb604-cb79-411f-948b-b2c1f79b37ae,2024-01-25,,False,559.76,Credit Card,MALIGBJC,AGT-7480,83.0,No,24.0
9b5691de-ad7e-4126-858e-6d35a12a0da4,2023-11-25,Paid,False,1034.64,Credit Card,PGGAGBLR,AGT-3735,43.0,No,4.0
6558945f-ae02-4cb0-b83c-98f8e1782bed,2024-06-19,Paid,False,1206.95,UPI,QJKKGBT2,AGT-3778,68.0,,5.0
ba98edd6-39b5-4f6f-88b2-21d442a13a3e,2025-04-18,Paid,False,179.24,UPI,VGPRGBSV,AGT-9266,60.0,Yes,8.0
f3e74a3c-51ec-4d54-9034-e88d0b743377,2023-12-25,Pending,False,1119.36,NEFT,EVDAGB87,AGT-7430,13.0,Yes,23.0
f10fc93b-22f8-407d-b064-c8fbbcb0961f,2025-06-14,Pending,False,899.21,Cash,EENQGBFB,AGT-1086,52.0,Yes,21.0
563f9b68-c4ab-4f72-a399-101fcaf87b97,2025-03-18,Pending,False,713.27,UPI,LFFSGB1D,AGT-5583,28.0,Yes,55.0
16f01290-cf6f-4a56-b45b-56471f2eeda2,2024-08-27,Paid,False,250.96,Credit Card,VNXVGBKW,AGT-2709,80.0,Yes,3.0
1dac73b4-b3b1-4433-abdc-6f87e2e9fa96,2024-05-26,Paid,False,538.04,Cash,KYCVGBDC,AGT-0328,45.0,Yes,14.0
d0788603-63b2-4a8e-93db-036da813f44e,2024-07-31,Pending,False,1951.87,UPI,FAUEGBTH,AGT-6856,15.0,No,57.0
87a3a679-6ac6-452d-9fe8-fbf6ede7ccf2,2025-03-28,Late,False,1127.66,Credit Card,GCTEGBEH,AGT-6263,4.0,No,15.0
137e4ac2-15b9-40ad-9f91-364d801254c4,2023-09-19,,False,825.33,UPI,ROTLGB09,AGT-6585,71.0,No,22.0
c0099d59-06d0-4133-a747-75ab9fca3f38,2025-02-08,Missed,True,1299.9,NEFT,DGKFGBCD,AGT-4215,84.0,Yes,30.0
c9c2bc60-a953-492f-92fd-947030a9d5ff,2025-04-27,Paid,False,806.15,NEFT,GKLSGBLP,AGT-5340,32.0,No,57.0
5512ff23-5058-4fc9-af95-48d3d739ce45,2023-10-17,Pending,False,1854.56,Credit Card,BPOUGB2M,AGT-6666,11.0,No,18.0
0027ce32-32e1-415f-b970-9c5a4dd84955,2025-07-06,Missed,True,737.36,,VIOKGBES,AGT-2506,61.0,,56.0
aada4240-545a-411b-b76f-f17af5f7f622,2024-08-07,Missed,True,1280.41,NEFT,VLCUGBU0,AGT-1325,45.0,Yes,35.0
43dd36fd-b332-461b-94f6-6f225704e79b,2024-03-12,Late,False,1466.88,UPI,CMBIGBSM,AGT-7648,7.0,No,53.0
c930a707-7b3e-40d0-9be8-bac4cc56441f,2024-12-11,Late,False,526.92,Cash,CWQHGBJO,AGT-9803,15.0,No,55.0
1484c0f8-0392-4a7f-af0d-e0e6f0a8f536,2023-09-28,Late,False,1537.8,NEFT,,AGT-4124,65.0,Yes,50.0
9b4131b4-7f9b-4401-bf41-accd736257d5,2025-07-08,Missed,True,371.97,NEFT,GZGCGBKL,AGT-1791,25.0,No,50.0
2399741e-9861-43bd-beb5-3a4d733027f2,2024-11-22,Paid,False,539.89,Credit Card,KFKUGBQW,AGT-1098,56.0,Yes,1.0
ad5da02d-cea8-419b-8201-2409356498ce,2024-09-07,Late,False,1569.46,NEFT,OVIMGBYA,AGT-6331,25.0,No,51.0
1fffa4d6-2cbb-4701-8b66-64081308ac66,2025-06-10,Pending,False,938.17,NEFT,,AGT-3278,26.0,No,3.0
16051d5a-ad84-4fea-90dc-9aa09053b7ec,2024-10-24,Late,False,1234.47,Credit Card,XJJSGB2T,AGT-0288,34.0,No,37.0
26e76c0b-51e5-412d-a50d-13f9dfdac28a,2023-12-17,Pending,False,1910.81,,WHNOGBH4,AGT-0271,41.0,No,52.0
04174bc2-0926-45ee-8845-375b2f78932e,2024-01-07,Missed,True,864.2,NEFT,XSYFGBAE,AGT-7053,79.0,No,32.0
412ce1f0-103a-49e9-b14f-e3ff8cd6e96e,2023-08-07,Paid,False,1225.65,NEFT,DCWSGBLM,AGT-0297,78.0,Yes,57.0
a8b27300-7eea-4a5c-9fc4-3c3ffe5fe6aa,2023-07-25,Missed,True,1402.28,UPI,FJNUGB7K,AGT-9243,51.0,Yes,20.0
eb8eff58-51ec-4893-8726-afd17cfc6e64,2024-05-27,Late,False,1516.15,NEFT,TLYPGBQ2,AGT-3920,36.0,Yes,27.0
29f79775-d8cb-4322-a166-467854019c11,2024-09-01,Late,False,1882.99,Credit Card,WIKPGBLW,AGT-5278,45.0,No,15.0
c4f53def-a2ac-4e0f-a146-e49f1d6c8cef,2024-03-22,Pending,False,1276.53,Credit Card,DCTQGBMY,AGT-1238,36.0,No,28.0
8d8e7b40-8bfe-4bcb-9589-497808431309,2024-06-18,Missed,True,1460.25,Cash,,AGT-1083,35.0,Yes,46.0
414b82fb-cbc7-4f76-9217-5c6f713cad6d,2024-03-03,Paid,False,1660.4,UPI,TMEMGBSV,AGT-2198,78.0,Yes,1.0
9c64bbae-81ae-4458-8bb6-f5a7e429acf9,2024-06-01,Paid,False,1635.11,Cash,OZHRGBLS,AGT-6012,83.0,No,36.0
158fc669-1b53-4865-9b51-ef09a361ded6,2025-06-05,Missed,,421.02,NEFT,NSIHGBJM,AGT-4424,56.0,No,1.0
d215e562-df56-4699-a4eb-cd72897f39a7,2025-05-16,Paid,False,1691.0,NEFT,FWOXGBG8,AGT-9867,15.0,,28.0
b267d5e5-0f2c-4da4-ba44-caa2347902c6,2023-10-13,Missed,True,1445.23,UPI,KGMOGB4U,AGT-9988,81.0,No,56.0
ea10b212-fb0e-4c6f-a6ee-8a0a246be5d4,2023-08-01,Pending,False,119.81,UPI,DKDRGBUL,AGT-4345,37.0,No,37.0
356880a9-554b-4916-aee4-0908eb10b806,2024-10-15,Paid,False,1171.6,Credit Card,PQVXGBQ7,AGT-0274,5.0,Yes,8.0
8446325c-c26f-48f8-aeaa-aa65306f40ca,2023-12-10,Paid,False,1045.2,Cash,VQZZGB6M,AGT-5026,84.0,Yes,49.0
760e0ca8-0eb2-4dde-a344-362d1af2fef4,2025-05-30,Late,False,1454.43,UPI,RPUCGB0X,AGT-5714,58.0,No,4.0
e911c152-c61a-46b8-b5c9-c79bc5719f15,2024-02-19,Paid,False,1255.52,UPI,TEXTGBP4,AGT-0486,56.0,No,10.0
389b5c39-9678-460b-83c3-b7b0d365d7b8,,,False,1919.43,NEFT,WUIGGBSW,AGT-5245,78.0,No,5.0
cd8876ed-fffb-48c1-9d9d-bfd29d950a00,2023-12-18,Late,False,895.38,UPI,QHPPGBN0,AGT-4128,63.0,No,18.0
b72ef14b-fbe1-4805-9132-f2b16300ca92,2024-09-04,Pending,False,783.43,Cash,NFOIGB42,,19.0,Yes,23.0
54792537-5e23-4164-b41c-192f71c44600,2023-12-19,Missed,True,868.31,UPI,ZZIVGBXQ,AGT-8235,11.0,No,8.0
07328ac6-da5e-4f3f-ba9b-b42b2920ed3c,2023-10-13,Pending,False,1103.26,Cash,RAKYGBV9,AGT-8237,2.0,No,23.0
8966cf72-463c-4031-a4e8-b12eb2613499,2024-02-05,Missed,True,570.91,NEFT,VLOLGBH5,AGT-4819,36.0,No,35.0
2eee6127-de0d-4af4-981e-cce681309e6b,2025-01-16,Pending,False,442.39,UPI,QYOWGB9G,AGT-8630,25.0,Yes,35.0
